time	f0
0.315	95.39
0.325	99.15
0.765	138.85
0.775	131.11
0.785	134.91
0.795	126.32
0.805	124.32
0.815	123.05
0.825	120.73
0.835	117.07
0.845	116.73
0.855	116.74
0.865	115.59
0.875	113.9
0.885	112.89
0.895	114.67
0.905	115.52
0.915	112.93
0.925	110.25
0.935	108.96
0.945	110.1
0.955	115.5
0.965	114.39
0.975	111.28
0.985	110.65
0.995	112.1
1.005	117.93
1.015	112.65
1.025	108.47
1.035	107.14
1.045	108.23
1.055	114.21
1.065	119.56
1.075	109.79
1.085	105.5
1.095	103.73
1.105	104.64
1.115	104.91
1.125	108.77
1.135	112.17
1.145	108.87
1.155	104.16
1.165	102.71
1.175	102.27
1.185	102.38
1.195	102.7
1.205	104.54
1.215	103.07
1.225	96.94
1.235	99.71
1.245	103.14
1.255	107.46
1.265	113.34
1.275	120.22
1.285	117.86
1.295	114.14
1.305	113.03
1.315	116.41
1.325	120.52
1.335	115.16
1.345	111.13
1.355	114.1
1.365	126.49
1.375	119.95
1.385	119.32
1.395	122.94
1.405	124
1.415	117.85
1.425	116.42
1.435	118.15
1.445	119.19
1.455	116.44
1.465	113.14
1.475	113
1.485	115.06
1.495	113.61
1.505	110.59
1.515	109.55
1.525	109.9
1.675	118.02
1.685	116.85
1.695	118.33
1.705	117.32
1.715	112.66
1.725	108.62
1.735	108.12
1.745	109.03
1.755	114.56
1.765	122.83
1.775	115.62
1.805	105.21
1.815	115.45
1.825	122.1
1.835	124.69
1.845	122.18
1.855	118.02
1.865	117.43
1.875	117.13
1.885	115.14
1.895	112.15
1.905	112.39
1.915	115.1
1.925	116.04
1.935	114.47
1.945	110.45
1.955	109.35
1.965	112.36
1.975	116.26
1.985	114.43
1.995	110.86
2.005	107.69
2.015	110.98
2.025	116.97
2.035	118.19
2.045	117.97
2.095	103.29
2.105	95.17
2.115	95.26
2.125	91.67
2.135	89.83
2.145	100.09
2.155	102.44
2.165	112.67
2.175	114.52
2.185	110.44
2.195	103.58
2.205	104.65
2.215	103.21
2.225	106.52
2.235	108.93
2.245	109.36
2.255	107.76
2.265	103.8
2.275	101.37
2.285	97.34
2.295	95.05
2.305	94.6
2.315	95.42
2.325	93.66
2.335	94.43
2.345	96.67
2.355	96.17
2.365	94.59
2.425	95.98
2.435	95.27
2.445	93.7
2.455	93.8
2.465	94.4
2.605	95.48
2.615	95.04
2.625	93.47
2.775	94.8
2.785	94.58
2.795	94.46
2.805	95.97
2.815	94.06
2.825	92.13
2.835	95.25
2.845	98.34
2.855	96.82
2.865	94.41
2.875	93.97
2.885	101.43
2.895	109.29
2.905	113
2.915	109.05
2.925	110.76
2.935	113.62
2.945	102.16
2.955	97.29
2.965	91.25
2.975	96.96
3.225	130.07
3.235	124.36
3.245	118.98
3.255	113.58
3.265	112.26
3.275	113.88
3.285	113.31
3.295	110.9
3.305	106.96
3.315	101.43
3.325	95.2
3.335	100.5
3.345	104.37
3.355	109.15
3.365	111.74
3.375	110.8
3.385	108.53
3.395	105.27
3.405	101.18
3.415	100.34
3.425	98.3
3.435	100.2
3.445	103.51
3.455	115.16
3.465	103.84
3.475	103.45
3.485	103.9
3.495	93.22
3.505	92.93
3.565	92.57
3.575	95.69
3.585	95.82
3.595	95.27
3.605	106.3
3.615	107.9
3.625	115.45
3.635	118.6
3.645	115.29
3.655	111.85
3.665	109.93
3.675	112.81
3.685	118.28
3.695	117.73
3.705	116.4
3.715	116.67
3.725	119.57
3.735	120.62
3.745	118.88
3.755	115.47
3.765	116.67
3.775	117.69
3.785	116.27
3.795	117.32
3.805	119.63
3.815	122.88
3.825	121.36
3.835	117.8
3.845	118.83
3.855	120.11
3.865	117.07
3.875	114.53
3.885	115.31
3.895	116.92
3.905	115.3
3.915	111.18
3.925	108.99
3.935	108.2
3.945	107.43
3.955	106.72
3.965	107.44
3.975	108.39
3.985	105.96
3.995	104.19
4.005	103.54
4.015	102.65
4.025	102.25
4.035	99
4.045	91.82
4.055	83.82
4.065	90.37
4.075	95.23
4.085	98.31
4.095	100.91
4.105	99.55
4.115	94.84
4.125	93.49
4.195	97.18
4.205	96.84
4.215	93.04
4.225	92.75
4.235	95.19
4.245	95.63
4.255	94.02
4.265	94.62
4.275	94.94
4.285	95.97
4.395	96.55
4.405	94.76
4.435	96.77
4.445	95.34
4.455	95.34
4.465	93.96
4.715	125.76
4.725	125.76
4.735	117.7
4.745	111.9
4.755	109.24
4.765	109.17
4.775	110.43
4.785	113.01
4.795	114.69
4.805	109.77
4.815	103.98
4.825	95.5
4.835	93.45
4.845	98.95
4.855	104.08
4.865	108.65
4.875	109.82
4.885	109.15
4.895	104.16
4.905	98.01
4.915	94.66
4.925	93.79
4.935	93.72
4.945	91.67
4.955	103.73
4.965	113.16
4.975	116.72
4.985	117.68
4.995	115.22
5.005	113.41
5.015	111.22
5.025	113.21
5.035	117.57
5.045	116.95
5.055	116.72
5.065	118.41
5.075	121.37
5.085	119.31
5.095	115.34
5.105	113.48
5.115	118.97
5.125	122.51
5.135	119.21
5.145	116.93
5.155	120.05
5.165	122.91
5.175	119.45
5.185	117.33
5.195	120.3
5.205	120.49
5.215	115.41
5.225	111.44
5.235	116.25
5.245	121.99
5.255	119.11
5.265	109.79
5.275	110
5.285	109.9
5.295	110.09
5.305	103.69
5.315	100.37
5.325	93.69
5.335	93.89
5.345	94.16
5.355	94.44
5.365	99.48
5.375	122.56
5.385	127.48
5.395	123.71
5.405	119.8
5.415	121.57
5.425	125.64
5.435	123.73
5.445	119.33
5.455	120.6
5.465	121.21
5.475	114.46
5.485	113.54
5.495	113.51
5.505	123.15
5.515	121.23
5.525	120.83
5.535	140.86
5.545	140.74
5.555	136.36
5.565	132.76
5.575	131.87
5.585	129.6
5.595	123.75
5.605	119.3
5.615	117.21
5.625	112.44
5.635	105.89
5.645	107.78
5.655	109.54
5.665	107.71
5.675	102.47
5.685	102.41
5.695	106.82
5.705	109.51
5.715	98.47
5.725	98.12
5.735	97.83
5.745	98.84
5.755	98.66
5.765	97.82
5.775	96.91
5.785	98.75
5.795	93.32
5.805	93.19
5.815	94.24
5.825	94.63
