time	f0
0.14	137.58
0.15	134.9
0.16	143.38
0.17	140.82
0.55	155.92
0.56	153.74
0.57	156.76
0.58	154.75
0.59	159.47
0.6	158.98
0.61	160.05
0.62	159.7
0.63	159.2
0.64	160.93
0.65	161.39
0.66	164.34
0.67	164.36
0.68	167.43
0.69	165.74
0.7	160.01
0.71	161.08
0.72	158.59
0.73	152.38
0.74	155.44
1.01	214.09
1.02	204.6
1.03	209.68
1.04	206.06
1.05	203.29
1.06	203.49
1.91	160.26
1.92	159.63
1.93	159.74
1.94	159.95
1.95	164.54
1.96	161.55
1.97	161.76
1.98	164.53
1.99	166.75
2	167.77
2.29	144.38
2.3	144.3
2.31	146.29
2.32	145.95
2.33	145.6
2.34	141
2.4	157.99
2.41	152.54
2.42	158.14
2.43	171.04
2.44	172.37
2.45	163.13
2.46	160.26
2.47	162.04
2.76	135.6
2.77	134.32
2.78	138.22
2.97	156.57
2.98	158.68
2.99	158.85
3	159.65
3.01	157.63
3.02	153.91
3.03	149.28
3.04	141.01
3.05	136.58
3.06	135.81
3.07	130.74
3.08	129.63
3.09	130.17
3.1	131.11
3.11	131.23
3.12	138.94
3.13	141.33
3.14	134.54
3.15	130.52
3.16	128.59
3.17	129.64
3.18	128.42
3.19	127.2
3.2	128.2
3.21	126.08
3.22	127.17
3.23	128.11
3.24	125.91
3.25	125.08
3.26	125.01
3.27	124.05
3.28	243.68
3.29	251.64
3.3	243.42
3.31	239.1
3.32	255.36
3.33	256.66
3.34	156.99
3.35	158.59
3.36	159.75
3.37	161.5
3.38	161.8
3.39	160.12
3.4	158.15
3.41	159.73
3.42	163.22
3.43	160.92
3.44	159.82
3.45	156.98
3.54	258.72
3.55	248.03
3.56	244.94
3.57	250.39
3.58	253.23
3.59	134.61
3.6	134.97
3.61	131.68
3.62	134.85
3.63	133.35
3.64	133.24
3.65	132.79
3.66	131.34
3.67	131.51
3.68	132.4
3.69	132.73
3.7	132.08
3.71	134.79
3.72	135.18
3.73	137.22
3.74	139.54
3.75	141.15
3.76	141.31
3.77	141.05
3.78	141.5
3.79	141.36
3.8	140.1
3.81	137.62
3.82	140.75
3.83	141.62
3.84	140.37
3.85	136.67
3.96	135.77
3.97	135.07
3.98	133.88
3.99	134.57
4	134.09
4.01	136.22
4.02	134.84
4.03	135.91
4.04	136.1
4.05	134.04
4.06	135.16
4.07	136.89
4.08	134.31
4.09	134.3
4.1	136.37
4.11	133.66
4.12	135.61
4.13	136.06
4.14	134.02
4.15	131.66
4.16	131.17
4.17	130.44
4.18	127.91
4.19	128.07
4.2	136.91
4.21	130.33
4.22	136.22
4.23	135.21
4.24	135.04
4.25	134.18
4.26	133.79
4.27	128.03
4.28	128.49
4.5	155.12
4.51	167.25
4.52	177.91
4.53	176.57
4.54	173.67
4.55	173.79
4.56	171.74
4.57	152.38
4.58	157.06
4.59	154.04
4.6	156.27
4.8	98.71
4.81	107.09
4.82	106.39
4.87	99.76
4.88	103.17
4.89	101.13
4.9	103.86
4.91	105.2
4.93	215.8
4.94	188.68
4.95	193.81
4.96	202.49
5.08	170.84
5.09	164.07
5.1	158.57
5.11	160.12
5.12	170.24
5.13	169.46
5.32	157.75
5.33	151.13
5.34	154.8
5.35	156.04
5.36	155.61
5.37	151.89
5.38	151.24
5.39	149.67
5.67	201.33
5.68	209.84
5.69	217.63
5.7	233.94
5.71	241.32
5.72	222.61
5.73	234.92
5.74	245.87
5.75	234.09
5.76	209.79
5.78	101.55
5.79	101.76
5.8	99.93
5.81	104.52
5.82	110.59
5.83	104.17
5.84	99.68
5.85	99.89
7.02	230.06
7.03	248.2
7.04	250.05
7.07	137.16
7.13	142.28
7.14	140.02
7.15	140.23
7.16	136.49
7.17	136.72
7.18	136.99
7.19	136.05
7.2	136.59
7.21	135.65
7.22	139.94
7.23	132.82
7.24	131.34
7.38	153.88
7.39	148.58
7.46	149.06
7.47	143.44
7.48	143.18
7.49	142.13
7.5	142.09
7.51	141.89
7.52	141.08
7.53	138.37
7.54	136.04
7.55	140.01
7.56	142.91
7.57	145.83
7.58	136.97
7.59	135.72
7.6	151.98
7.61	152.29
7.62	147.99
7.63	144.52
7.64	140.43
7.65	141.59
7.66	141.05
7.67	140.01
7.68	139.87
7.69	137.59
7.7	136.94
7.71	136.36
7.72	133.87
7.73	134.15
7.74	134.12
7.75	131.72
7.76	130.68
7.77	128.98
7.78	129.53
7.79	128.81
7.8	127.67
7.81	125.66
7.82	119.93
7.83	131.52
7.84	129.66
7.85	130.9
7.86	129.91
7.87	127.78
7.98	162.59
7.99	166.35
8	166.02
8.01	163.97
8.02	164.31
8.03	161.32
8.04	162.72
8.05	162.28
8.06	160.05
8.07	159.88
8.08	157.03
8.09	158.47
8.1	149.23
8.11	149.16
8.12	146.78
8.13	145.98
8.14	140.67
8.15	135.27
8.16	134.37
8.17	131.76
8.18	129.61
8.19	129.06
8.2	127.68
8.21	126.53
8.22	124.93
8.23	125.21
8.24	121.37
8.25	121.98
8.26	122.87
8.27	122.22
8.28	120.29
8.29	124.54
8.91	160.29
8.92	157.64
8.93	167.07
8.94	155.17
8.95	157.71
9.04	147.59
9.05	149.68
9.06	143.35
9.07	135
9.08	134.92
9.09	133.91
9.1	133.05
9.11	134.31
9.12	135.77
9.13	138.51
9.14	142.73
9.15	151.05
9.16	152.29
9.17	153.77
9.18	169.64
9.19	170.88
9.2	171.89
9.21	176.39
9.22	177.74
9.23	177.17
9.24	177.64
9.25	177.62
9.26	175.05
9.27	171.41
9.28	172.08
9.29	170.69
9.3	166.69
9.31	167.89
9.32	169.45
9.4	141.47
9.41	140.12
9.42	140.2
9.43	138.04
9.44	134.26
9.45	131.9
11.65	146.27
11.66	147.65
11.67	146.95
11.68	147.9
11.69	149.16
11.7	149.91
11.71	152.42
11.72	155.03
11.73	155.87
11.74	160.68
11.75	161.31
11.76	161.52
11.77	164.09
11.78	167.71
11.79	168.41
11.8	174.83
11.81	171.47
11.82	160.97
11.91	134.79
11.92	131
11.93	126.52
12	113.9
12.01	114.62
12.02	122.86
12.03	133.71
12.04	133.61
12.05	132.73
12.06	131.26
12.07	130.24
12.08	134.71
12.09	131.2
12.1	128.16
12.11	130.7
12.12	117
12.13	130.96
12.18	138.07
12.19	137.48
12.2	134.11
12.21	133.71
12.22	134.54
12.23	134.18
12.24	133.78
12.25	133.43
12.26	130.95
12.27	131.42
12.28	131.83
12.29	129.66
12.3	129.88
12.31	129.19
12.32	129.49
12.33	131.3
12.34	128.92
12.35	127.67
12.36	126.5
12.37	125.48
12.38	124.24
12.39	117.01
12.4	122.56
12.41	127.59
12.42	125.06
12.43	120.67
12.44	126.16
12.48	129.42
12.49	134.26
12.5	135.11
12.51	135.75
12.52	140.49
13.2	138.64
13.21	139.98
13.22	138.84
13.23	134.56
13.24	131.63
13.25	133.16
13.26	134.47
13.27	133.98
13.28	134.25
13.29	131.67
13.3	134.77
13.31	137.2
13.32	135.38
13.33	138.2
13.39	150.43
13.4	146.47
13.41	143.06
13.42	141.57
13.43	137.44
13.44	138.24
13.45	139.09
13.46	139.56
13.47	140.75
13.48	142.23
13.49	142.47
13.5	143.09
13.51	143.06
13.52	142.86
13.53	143.67
13.54	143.52
13.55	144.25
13.56	144.78
13.57	144.99
13.58	163.12
13.72	129.87
13.73	129.77
13.74	128.86
13.75	125.54
13.76	124.74
13.77	123.71
13.89	114.32
13.9	123.54
13.91	126.74
13.99	126.51
14	120.64
14.01	122.52
14.02	123.22
14.03	120.63
14.04	124.15
14.05	125.02
14.06	127.01
14.07	123.37
14.08	124.82
14.09	126
14.1	125.57
14.11	125.79
14.12	127.44
14.13	126.85
14.14	127.44
14.15	127.36
14.16	127.78
14.17	127.29
14.18	125.3
14.26	143.39
14.27	140.64
14.28	139.24
14.29	137.28
14.3	133.73
14.31	139.69
14.44	134.46
14.45	133.78
14.46	133.8
14.47	132.01
14.48	132.36
14.49	132.2
14.5	132.7
14.51	132.5
14.52	132.47
14.53	131.26
14.54	133.64
14.55	137.67
14.56	137.67
14.57	130.45
14.58	145.8
14.59	134.71
14.7	160.88
14.71	160.62
14.72	158.55
14.73	156.46
14.74	152.12
14.75	151.02
14.76	148.62
14.77	163.76
14.78	153.97
14.79	172.41
14.8	167.93
14.81	165.39
14.98	167.61
14.99	162.23
15	157.9
15.01	155.26
15.02	161.21
15.03	171.94
15.04	174.19
15.05	183.13
15.32	124.23
15.33	117.92
15.34	120.01
15.35	119.31
15.36	124.75
15.37	123.26
