time	f0
0.011	207.78
0.021	209.23
0.031	208.01
0.041	205.43
0.051	201.23
0.061	201.38
2.041	334.93
2.051	256.52
2.061	236.42
2.071	243.16
2.081	229.73
2.091	231.88
2.261	291.06
2.271	250.6
2.281	241.96
2.291	247.31
2.301	244.64
2.311	241.49
2.321	245.08
2.331	252.61
2.341	245.23
2.351	233.6
2.361	235.08
2.371	255.77
2.381	264.83
2.391	262.1
2.401	263.26
2.411	262.21
2.421	258.61
2.431	258.26
2.441	256.59
2.451	254.46
2.461	251.91
2.471	243.03
2.481	245.55
2.491	245.97
2.501	253.75
2.511	251.59
2.521	248.56
2.621	251.71
2.631	251.53
2.641	251.52
2.651	252.74
2.661	251.28
2.671	246.84
2.681	250.87
2.691	250.52
2.701	248.58
2.711	249.95
2.721	254.35
2.731	241.38
2.741	251.47
2.751	254.77
2.761	241.68
2.771	266.33
2.781	241.44
2.791	242.54
2.801	239.53
2.811	235.21
2.821	231.03
2.831	228.65
2.841	225.95
2.851	225.93
2.861	222.67
2.871	222.62
2.881	222.82
2.891	228.81
2.901	220.27
2.911	220.86
2.921	217.61
2.931	216.07
2.941	216.52
2.951	217.84
2.961	218.15
2.971	221.8
2.981	225.93
2.991	224.28
3.001	225.04
3.011	223.71
3.021	222.49
3.031	222.21
3.041	222.6
3.051	223.59
3.061	225.09
3.071	225.64
3.081	227.17
3.091	226.57
3.101	226.65
3.111	227.48
3.121	226.31
3.131	226.86
3.141	223.62
3.151	221.11
3.161	221.07
3.171	218.46
3.181	212.7
3.191	210.09
3.201	208.35
3.211	205.38
3.221	207.94
3.231	206.9
3.241	213.39
3.251	213.49
3.261	220.81
3.271	223.54
3.281	224.68
3.291	225.58
3.301	227.16
3.311	228.95
3.321	231.52
3.331	234.71
3.341	236.3
3.351	241.65
3.361	245.22
3.371	246.49
3.381	244.42
3.391	253.25
3.401	255.42
3.411	262.15
3.421	270.5
3.431	273.06
3.441	277.73
3.451	284.99
3.461	285.2
3.471	286.68
3.481	293.88
3.491	294.02
3.501	292.41
3.511	296.42
3.521	296.58
3.531	296.1
3.541	297.57
3.551	299.77
3.561	297.49
3.571	296.97
3.581	296.26
3.591	296.62
3.601	294.61
3.611	293.05
3.621	292.71
3.631	291.04
3.641	289.67
3.651	288.59
3.661	284.75
3.671	284.12
3.681	282.04
3.691	280.23
3.701	285.21
3.711	284.45
3.721	295.93
3.731	297.65
3.741	358.15
3.751	337.37
3.761	372.28
3.771	372.06
3.781	347.21
3.791	305.7
3.801	305.09
4.311	428.2
4.321	388.67
4.331	365.86
4.341	428.76
4.351	374.5
4.361	327.27
4.371	346.44
4.381	342.57
4.391	290.65
4.411	225.97
4.421	257.01
4.431	256.56
4.441	258.25
4.451	257.19
4.461	256
4.471	256.21
4.481	259.3
4.491	258.13
4.501	256.89
4.511	257.81
4.521	261.13
4.531	262.24
4.541	260.97
4.551	260.92
4.561	265.35
4.571	266.14
4.581	264.87
4.591	261.09
4.601	261.82
4.611	254.65
4.621	260.24
4.631	265.38
4.641	266.94
4.651	268.01
4.661	256.48
4.671	262.02
4.681	261.74
4.691	272.77
4.701	274.34
4.711	288.91
4.721	297.4
4.731	273.52
4.741	269.79
4.751	270.44
4.761	270.33
4.771	271.25
4.781	269.04
4.791	267.31
4.801	271.04
4.811	268.85
4.821	267.67
4.831	269.17
4.841	268.72
4.851	270.53
4.861	273.29
4.871	274.24
4.881	273.16
4.921	285.66
4.931	260.93
4.941	256.54
4.951	252.47
4.961	252.25
4.971	250.02
4.981	240.41
4.991	243.81
5.001	241.2
5.011	241.03
5.021	235.99
5.031	242.3
5.841	263.14
5.851	233.07
5.861	238.97
5.871	234.28
5.881	233.13
5.891	232.14
5.901	232.23
5.911	230.5
5.921	228.2
5.931	226.18
5.941	225.91
5.951	225.22
5.961	222.54
5.971	225.25
5.981	223.98
5.991	223.5
6.001	223.53
6.011	225.37
6.021	224.03
6.031	224.68
6.041	223.47
6.051	225.87
6.061	225.71
6.071	224.9
6.081	224.52
6.091	224.1
6.101	222.49
6.111	222.58
6.121	222.89
6.131	220.97
6.141	221.12
6.151	221.51
6.161	221.12
6.171	218.99
6.181	221.06
6.191	219.33
6.201	219.09
6.211	219.12
6.221	218.12
6.231	218.38
6.241	223.37
6.251	217.41
6.261	221.78
6.271	214.11
6.281	219.6
6.291	215.19
6.301	216.05
6.311	218.59
7.021	298.46
7.031	325.49
7.041	310.07
7.051	243.8
7.061	271.64
7.071	277.48
7.081	263.78
7.091	260.02
7.101	246.96
7.181	264.31
7.191	247.81
7.201	243.83
7.211	244.09
7.221	242.03
7.231	233.55
7.241	235.81
7.251	236.27
7.261	236.46
7.271	237.73
7.281	235.83
7.291	240.48
7.301	236.96
7.311	239.98
7.321	235.06
7.331	236.92
7.341	235.46
7.351	236.48
7.361	237.42
7.371	237.69
7.381	233.48
7.391	232.41
7.401	230.13
7.411	228.97
7.421	228.58
7.431	223.97
7.441	227.99
7.451	220.54
7.461	219.33
7.471	208.56
7.581	225.46
7.591	229.78
7.601	231.55
7.611	228.26
7.621	225.35
7.631	225.26
7.641	223.33
7.651	219.48
7.661	219.29
7.671	211.79
7.681	205.96
7.691	201.27
7.701	202.34
7.711	196.59
7.721	196.62
7.731	198.46
7.741	195.72
7.751	198.66
7.761	200.11
7.771	199.92
7.781	199.81
7.791	198.49
7.801	193.96
7.811	199.21
7.821	201.62
7.831	215.94
7.841	200.9
7.851	212.08
7.861	204.92
7.871	202.64
9.561	243.57
9.571	230.3
9.581	226.42
9.591	236.6
9.601	239.04
9.611	233.66
9.621	236.62
9.631	240.45
9.641	235.02
9.651	231.48
9.661	230.79
9.671	232.09
9.681	232.32
9.691	234.45
9.701	235.01
9.711	231.46
9.721	230.29
9.731	227.6
9.741	225.37
9.751	224
9.761	221.23
9.771	222.59
9.781	225.06
9.791	224.03
9.801	227.34
9.811	233.91
9.821	233.61
9.831	232.77
9.841	235.86
9.851	233.76
9.861	230.33
9.871	232.54
9.881	235.85
9.891	240.23
9.901	249.02
9.911	236.77
9.921	233.51
9.931	229.44
9.941	229.65
9.951	228.1
9.961	224.6
9.971	226.09
9.981	223.73
9.991	223.31
10.001	222.36
10.011	224.4
10.021	221.38
10.031	223.56
10.041	219.71
10.051	221.91
10.061	221.51
10.071	221.01
10.081	220.76
10.091	226.95
10.101	229.11
10.111	230.6
10.121	226.52
10.131	224.14
10.141	220.94
10.151	216.6
10.161	198.63
10.171	217.74
10.181	221.9
10.191	226.66
10.201	226.04
10.211	225.05
10.221	219.75
10.231	204.78
10.241	207.97
10.251	208.12
10.261	211.56
10.271	206.48
10.281	207.44
10.291	216.56
10.301	221.46
10.311	223.86
10.321	219.23
10.331	214.72
10.341	220.34
10.391	232.04
10.401	271.8
10.411	237.94
10.421	237.9
10.431	257.5
10.441	231.97
10.451	223.54
10.461	225.31
10.471	218.38
10.481	215.6
10.491	212.98
10.501	215.26
10.511	207.75
10.521	201.71
10.531	175.23
10.541	198.45
10.561	350.9
10.571	414.14
10.581	285.69
10.591	251.95
10.601	331.13
10.611	346.75
10.621	339.81
10.631	332.05
10.651	229.29
10.661	232.38
10.671	232.39
10.681	231.82
10.691	233.04
10.731	363.64
10.741	384.03
