time	f0
0.4	120.18
0.41	119.57
0.42	118.7
0.43	117.84
0.44	117.75
0.45	117.24
0.46	117.65
0.47	117.58
0.48	118.17
0.49	118.4
0.5	119.87
0.51	120.67
0.52	120.66
0.53	120.63
0.54	121.01
0.55	121.34
0.56	121.99
0.57	122.49
0.58	121.92
0.76	120.96
0.77	118.66
0.78	118.25
0.79	115.98
0.84	114.53
0.85	114.47
0.86	114.39
0.87	114.24
1.36	118.47
1.37	116.54
1.38	116.25
1.39	114.79
1.4	112.75
1.41	112.37
1.42	110.54
1.43	110.55
1.44	108.97
1.45	109.05
1.46	107.58
1.47	106.01
1.59	119.29
1.6	118.17
1.61	117.35
1.62	116.81
1.63	115.96
1.64	115.76
1.65	115.14
1.66	113.77
1.67	112.56
1.68	111.25
1.93	118.93
1.94	116.35
1.95	114.87
2.68	111.47
2.69	109.42
2.7	107.78
2.71	103.99
2.72	103.68
2.73	102.49
2.74	100.91
2.75	99.04
2.76	99.94
2.77	99.79
2.78	97.11
2.79	97.71
2.8	98.25
2.81	98.48
2.82	97.6
2.83	97.65
2.93	110.39
2.94	109.45
2.95	111.1
2.96	110.7
2.97	110.27
2.98	109.07
2.99	107.55
3	108.73
3.01	107.14
3.02	106.92
3.03	106.14
3.04	105.69
3.05	106
3.06	106.09
3.07	106.14
3.08	106.31
3.09	105.87
3.1	105.98
3.11	107
3.12	113.73
3.13	115.06
3.14	120.83
3.15	122.65
3.16	123.6
3.17	127.02
3.18	125.46
3.19	128.81
3.2	129.63
3.21	129.67
3.22	126.75
3.23	122.62
3.24	120.61
3.25	121.08
3.26	123.01
3.45	117.16
3.46	118.76
3.47	120.71
3.48	122.28
3.49	123.4
3.5	123.87
3.51	123.53
3.52	120.82
3.53	123.08
3.54	123.59
3.55	123.95
3.56	123.44
3.57	123.26
3.58	129.27
3.59	124.13
3.6	121.64
3.61	119.16
3.62	119.32
3.74	136.14
3.75	136.37
3.76	136.8
3.77	136.56
3.78	135.05
3.95	117.09
3.96	116
3.97	113.89
3.98	111.82
3.99	109.74
4.12	121.21
4.13	117.94
4.14	117.82
4.15	117.83
4.16	117.09
4.17	117.08
4.18	118.34
4.19	119.6
4.2	121.04
4.21	121.68
4.22	122.22
4.23	123.34
4.24	124.77
4.25	127.24
4.26	129.14
4.27	131.37
4.28	131.97
4.29	132.02
4.3	136.06
4.31	137.24
4.32	141.52
4.33	145.35
4.34	145.28
4.35	143.73
4.36	143.57
4.37	143.03
4.38	143.41
4.39	140.86
4.4	141.87
4.41	140.77
4.54	122.9
4.55	120.46
4.56	118.23
4.57	117.68
4.58	115.84
4.59	114.41
4.6	113.77
4.61	113.07
4.62	111.82
4.63	112.13
4.64	110.52
4.65	111.69
4.66	112.1
4.67	111.65
4.68	110.56
4.79	121.16
4.8	119.33
4.81	118.52
4.82	121.46
4.83	124.69
4.84	123.64
4.85	121.63
4.88	118.1
4.89	119.09
4.9	120.67
4.91	119.36
4.92	118.4
4.93	117.49
4.94	117.55
4.95	117.41
4.96	117.69
4.97	117.97
4.98	117.9
4.99	117.89
5	117.55
5.01	117.55
5.02	118.62
5.03	117.77
5.04	117
5.05	117.82
5.06	117.85
5.07	117.24
5.08	116.89
5.2	134.94
5.21	135.36
5.22	135.79
5.23	135.34
5.24	135.19
5.25	135.11
5.26	135.43
5.27	135.51
5.28	135.44
5.29	135.16
5.3	134.57
5.4	123.19
5.41	119.74
5.42	118.81
5.43	119.39
5.44	119.71
5.45	118.91
5.46	119.23
5.47	118.84
5.48	118.32
5.49	119.07
5.5	119.81
5.51	120.08
5.52	119.71
5.53	119.13
5.54	118.3
5.55	115.45
5.56	112.36
5.57	110.48
5.58	110.67
5.61	118.47
5.62	111.39
5.63	111.06
5.64	114.72
5.65	107.58
5.66	109.26
5.67	106.49
5.68	103.66
5.69	103.65
5.7	103.77
5.71	103.68
5.72	105.93
5.73	105.41
5.74	105.31
5.75	106.53
5.76	108.39
5.77	108.57
5.78	107.84
5.79	108.26
5.8	106.67
5.81	105.76
5.82	102.79
5.92	110.82
5.93	110.9
5.94	110.94
5.95	110.83
5.96	110.22
5.97	109.74
5.98	108.16
5.99	104.61
6	104.91
6.01	107.86
6.02	110.02
6.03	111.13
6.04	113.82
6.05	113.96
6.06	113.84
6.07	114.25
6.08	114.02
6.09	114.31
6.1	115.88
6.11	116.68
6.12	116.04
6.13	115.51
6.14	115.3
6.15	116.88
6.16	117.4
6.17	114.7
6.72	111.35
6.73	111.58
6.74	111.76
6.75	112.83
6.76	109.99
6.77	110.9
6.78	111.31
6.79	110.67
6.8	110.53
6.81	110.18
6.82	106.87
6.83	106.62
6.84	106.75
6.85	106.67
6.86	106.77
6.87	106.31
6.88	106.21
6.89	106.42
6.9	104.75
6.91	104.34
7.01	112.24
7.02	105.27
7.03	104.99
7.04	103.77
7.05	102.48
7.06	101.02
7.07	101.08
7.19	109.89
7.2	107.24
7.21	105.91
7.22	103.47
7.23	102.33
7.24	102.15
7.25	102.65
7.26	102.39
7.27	99.69
7.28	99.89
7.29	101.36
7.3	103.06
8.48	115.41
8.49	112.3
8.5	110.95
8.51	110
8.52	109.12
8.53	107.47
8.54	106.31
8.55	105.62
8.56	104.32
8.57	102.93
8.58	102.06
8.59	101.82
8.6	101.95
8.61	102.5
8.62	101.88
8.63	101
8.64	101.56
8.65	101.54
8.66	100.95
8.67	100.59
8.68	101.14
8.69	101.81
8.7	101.23
8.71	101.27
8.72	100.68
8.73	100.47
8.74	100.13
8.75	100.08
9.28	115.77
9.29	113.66
9.3	113.35
9.31	111.6
9.32	110.45
9.33	111.05
9.35	115.87
9.36	112.58
9.37	110.23
9.38	103.86
9.39	116.5
9.4	112.4
9.41	109.83
9.42	112.67
9.43	114.07
9.44	114.26
9.45	113.5
9.46	112.23
9.47	112.11
9.48	112.85
9.49	111.72
9.5	110.91
9.51	111.88
9.52	111.93
9.53	112
9.54	112.39
9.55	112.82
9.56	112.88
9.57	112.85
9.58	113.06
9.59	112.97
9.6	113.23
9.61	113.45
9.62	113.2
9.63	114.21
9.64	115.32
9.65	117.2
9.66	118.28
9.67	120.24
9.68	121.8
9.69	123.08
9.7	123.41
9.71	121.99
9.72	123.86
9.73	124.6
9.74	125.3
9.75	125.11
9.76	124.61
9.77	124.1
9.78	122.96
9.79	121.68
9.8	120.93
9.81	120.37
9.82	119.43
9.83	119.87
9.84	124.02
9.85	119.6
9.86	121.19
10.02	128.92
10.03	128.91
10.04	129.31
10.05	129.26
10.06	129.13
10.07	129.07
10.08	129.18
10.09	122.68
10.1	128.79
10.11	128.96
10.12	129.19
10.19	128.63
10.2	128.3
10.21	118.39
10.22	105.08
10.23	108.46
10.24	108.92
10.25	108.35
10.26	105.76
10.27	103.69
10.28	103.78
10.29	103.09
10.3	102.57
10.31	102.01
10.32	101.35
10.33	99.88
10.34	100.07
10.35	100.43
10.36	99.41
10.37	99.99
10.38	99.53
10.39	99.22
10.4	99.29
10.41	100.23
10.42	99.85
10.65	114.9
10.66	112.64
10.67	109.78
10.68	110.38
10.69	111.05
10.78	107.81
10.79	111.22
10.8	112.3
10.81	112.23
10.82	111.01
10.83	111.23
10.84	111.12
10.85	110.4
10.86	109.1
10.87	108.37
10.88	109.8
10.89	111.05
10.9	110.73
10.91	110
10.95	110.96
10.96	108.77
10.97	108.03
10.98	107.05
10.99	106.18
11	105.58
11.01	104.26
11.02	102.13
11.03	102.3
11.04	103.94
11.05	104.46
11.08	104
11.09	105.99
11.1	106.13
11.11	107.6
11.12	109.48
11.13	109.38
11.14	109.77
11.15	110.46
11.16	111.62
11.17	113.94
11.18	115.14
11.19	120.77
11.2	119.56
11.3	127.48
11.31	127.42
11.32	124.93
11.33	122.31
11.34	120.23
11.35	118.18
11.36	117.68
11.37	118.08
12.01	119.85
12.02	120.49
12.03	122.44
12.04	122.87
12.05	122.86
12.3	115.51
12.31	115.22
12.32	113.88
12.33	118.41
12.34	118.35
12.35	118.8
12.36	119.9
12.37	121.33
12.38	121.24
12.39	121.22
12.4	122.84
12.41	124.09
12.42	125.15
12.43	130.17
12.44	132.41
12.45	129.16
12.46	129.01
12.47	129.71
12.48	131.4
12.49	129.38
12.5	127.93
12.51	130.94
12.52	130.69
12.53	131.67
12.54	130.74
12.55	129.89
12.56	127.64
12.57	123.71
12.58	118.94
12.59	114.7
12.6	112.69
12.61	112.65
12.62	108.34
12.67	113.06
12.68	116.02
12.69	116.92
12.7	113.89
12.71	113.97
12.72	115.33
12.73	117.14
12.74	116.15
12.75	115.62
12.76	114.25
12.8	121.98
12.81	120.96
12.82	120.45
12.83	118.96
12.84	119.21
