time	f0
0.83	175.45
0.84	174.08
0.85	173.84
0.86	172.75
0.87	170.12
0.88	168.61
0.89	167.08
0.9	165.64
0.91	165.31
0.92	165.4
0.93	164.95
0.94	162.49
0.95	159.55
0.96	161.06
0.97	161.97
0.98	161.69
0.99	162.05
1	162.72
1.01	160.98
1.02	158.17
1.03	155.56
1.04	152.65
1.05	149.34
1.06	148.48
1.07	148.89
1.08	146.67
1.09	143.55
1.1	140.11
1.11	136.96
1.12	136.19
1.13	133.47
1.14	133.19
1.15	132.69
1.16	132.1
1.17	136.4
1.18	133.13
1.19	135.38
1.2	149.58
1.21	152.92
1.22	153.89
1.23	137.67
1.24	138.03
1.25	137.83
1.26	140.57
1.27	149.77
1.28	147.35
1.29	143.46
1.3	140.01
1.31	135.08
1.32	132.28
1.33	132.12
1.34	130.13
1.35	128.64
1.36	126.28
1.37	125.39
1.38	122.39
1.39	121.84
1.4	119.61
1.41	120.31
1.58	138.42
1.59	137.14
1.6	135.55
1.61	136.61
1.62	136.21
1.63	136
1.64	135.59
1.65	133
1.66	133.35
1.67	132.62
1.68	131.76
1.69	130.61
1.7	130.61
1.71	129.94
1.72	129.24
1.73	129.03
1.74	128.31
1.75	127.45
1.76	127.47
1.77	127.99
1.78	127.29
1.79	126.49
1.8	125.16
1.81	122.17
1.82	129.42
1.83	126.26
1.84	122.71
1.85	129.59
1.86	126.71
1.94	126.5
1.95	125.03
1.96	123.13
1.97	123.01
1.98	125.02
1.99	126.85
2	128.13
2.01	128.24
2.02	129.99
2.03	131.43
2.04	131.19
2.05	130.66
2.06	130.69
2.07	135.41
2.08	132.71
2.09	132.7
2.1	126.28
2.11	124.08
2.15	102.54
2.16	102
2.17	100.64
2.18	100.77
2.19	101.95
2.23	117.35
2.24	118.04
2.25	118.26
2.26	119.12
2.27	121.61
2.28	124.38
2.29	118.35
2.3	122.62
2.31	122.42
2.32	122.27
2.33	122
2.34	122.05
2.35	122.02
2.36	121.82
2.37	119.68
2.38	118.14
2.39	120.09
2.4	121.95
2.41	121.95
2.42	121.45
2.43	121.56
2.44	121.37
2.45	122.45
2.5	128.71
2.51	127.88
2.52	125.84
2.53	124.78
2.54	122.99
2.55	123.08
2.56	123.48
2.57	124.32
2.58	124.79
2.59	124.29
2.6	123.91
2.61	122.68
2.62	121.59
2.63	120.53
2.64	117.08
2.65	118.43
2.74	116.22
2.75	117.09
2.96	107.74
2.97	104.53
2.98	102.56
2.99	104.94
3	104.32
3.01	104.01
3.02	98.7
3.05	141.98
3.06	150.52
3.07	147.5
3.08	145.79
3.09	141.62
3.12	82.97
3.16	124.88
3.17	114.31
3.18	123.92
3.19	124.19
3.2	126.01
3.21	132.11
3.22	125.5
3.23	127.77
3.24	127.32
3.25	128.09
3.26	127.37
3.27	127.13
3.28	126.8
3.29	126.74
3.3	121.97
3.31	124.46
3.32	126.77
3.33	124.42
3.34	126.62
3.35	128.48
3.36	125.93
3.37	125.28
3.38	125.91
3.63	119.53
3.64	119.28
3.65	119.13
3.66	118.23
3.67	117.53
3.68	117.8
3.69	119.66
3.7	121.5
3.71	122.32
3.72	122.97
3.73	125.08
3.74	122.78
3.75	121.96
3.76	121.6
3.77	121.54
3.78	124.63
3.79	124.86
3.8	124.12
3.92	131.45
3.93	127.84
3.94	123.46
3.95	123.58
3.96	122.01
3.97	121.62
3.98	121.23
3.99	121.62
4	121.7
4.01	121.9
4.02	121.75
4.03	121.25
4.04	120.18
4.05	121.57
4.06	122.14
4.07	121.96
4.08	121.45
4.09	121.49
4.1	120.98
4.11	121.83
4.12	121.68
4.13	121.83
4.14	121.59
4.15	121.53
4.16	121.43
4.17	121.54
4.18	121.38
4.21	121.61
4.22	121.66
4.58	92.91
4.59	92.58
4.79	134.84
4.8	132.78
4.81	130.8
4.82	128.2
4.83	132.01
4.84	128.17
4.85	126.03
4.86	126.46
4.87	127.19
4.88	125.43
4.89	126.2
4.9	125.21
4.91	126.11
4.92	128.12
4.93	127.28
4.94	129.28
4.95	129.45
4.96	128.14
4.97	135.64
4.98	129.14
4.99	127.07
5	125.72
5.01	127.72
5.02	126.69
5.03	124.7
5.04	124.38
5.05	124.51
5.06	125.81
5.07	127.94
5.08	127.55
5.09	129.69
5.11	128.61
5.12	129.71
5.13	129.08
5.14	129.57
5.15	129.88
5.16	129.06
5.17	129.46
5.18	129.68
5.19	129.65
5.2	129.25
5.21	129.86
5.22	130.46
5.23	129.74
5.24	130.44
5.25	131.06
5.26	130.55
5.27	130.55
5.28	129.72
5.29	130.15
5.39	129.05
5.4	128.36
5.41	124.57
5.42	122.54
5.43	120.95
5.44	118.6
5.45	117.68
5.62	112.8
5.63	110.24
5.64	107.58
5.65	104.39
5.74	112.18
5.75	118.35
5.76	116.15
5.77	115.18
5.78	116.46
5.79	116.55
5.83	118.08
5.84	121.28
5.85	122.67
5.86	121.88
5.87	120.36
5.88	120.97
5.92	136.89
5.93	125.87
5.94	125.65
5.95	124.71
5.96	123.84
5.97	123.44
5.98	122.76
5.99	122.74
6	122.22
6.01	121.84
6.02	121.99
6.03	122.18
6.04	121.44
6.05	120.76
6.06	120.75
6.07	120.98
6.08	120.51
6.09	120.64
6.1	121.05
6.11	122.3
6.12	126.36
6.13	127.02
6.14	122.65
6.15	122.12
6.16	122.97
6.17	123.68
6.18	123.76
6.19	122
6.2	121.19
6.21	120.5
6.22	120.09
6.23	120.63
6.26	122.14
6.27	108.77
6.28	114.47
6.29	110.99
6.3	111.44
6.31	103.65
6.32	103.21
6.33	102.81
6.34	97.55
6.35	97.63
6.36	98.13
6.37	104.38
6.38	151.57
6.39	149.81
6.4	152.14
6.41	154.06
6.42	207.69
6.43	208.08
6.44	205.75
6.45	203.57
6.46	189.85
6.47	190.15
6.48	199.42
6.8	81.89
6.81	84.56
6.82	97.31
6.83	101.08
6.84	91.72
6.85	92.71
6.86	91.3
6.87	90.52
6.88	90.88
7.18	126.32
7.19	125.88
7.2	125.45
7.21	125.7
7.22	126.95
7.23	128.19
7.24	128.01
7.25	127.43
7.26	127.55
7.27	126.51
7.28	126.79
7.29	124.66
7.3	123.28
7.31	125.25
7.32	125.49
7.33	122.98
7.34	122.87
7.35	120.96
7.36	116.38
7.37	112.31
7.38	110.79
7.39	113.61
7.4	115.79
7.41	116.58
7.42	115.7
7.43	114.1
7.44	112.4
7.45	112.05
7.46	111.82
7.47	110.44
7.48	110.49
7.63	115.42
7.64	110.3
7.65	107.16
7.66	105.85
7.67	105.1
7.68	104.45
7.69	105.54
7.7	106.39
7.71	107.3
7.72	109.83
7.73	109.7
7.74	108.46
7.75	106.79
7.76	105.11
7.77	108.96
7.78	111.83
7.79	114.97
7.8	117.34
7.81	115.75
7.82	115.03
7.83	111.45
7.84	114.12
7.85	114.95
7.86	118.2
7.87	114.76
7.99	137.94
8	137.45
8.01	138.15
8.02	138.31
8.03	135.59
8.04	132.27
8.05	130.53
8.06	126.97
8.62	106.25
8.63	105.09
8.64	104.48
8.65	115.47
8.66	120.19
8.67	122.66
8.68	122.08
8.69	121.94
8.7	123.06
8.71	121.26
8.72	121.75
8.73	122.22
8.74	122.92
8.75	125.7
8.76	132.44
8.77	135.41
8.78	136.2
8.79	137.37
8.8	136.65
8.81	134.39
8.82	133.23
8.83	131.71
8.84	129.28
8.85	127.49
8.86	125.5
8.87	124.03
8.88	121.86
8.89	122.27
8.9	120.58
8.91	118.52
8.92	117.96
8.93	117.43
8.94	116.31
8.95	116.41
8.96	117.06
8.97	116.55
8.98	116.29
8.99	116.38
9	115.39
9.01	115.57
9.02	115.09
9.03	112.77
9.04	112.58
9.05	113.27
9.06	112.85
9.07	112.41
9.08	114.68
9.09	116.45
9.1	117.16
9.11	117.17
9.12	116.9
9.13	115.63
9.14	114.31
9.15	112.7
9.16	111.95
9.17	114.09
9.18	114.42
9.19	114.96
9.2	115.11
9.21	117.29
9.22	120.23
9.23	134.47
9.24	135.29
9.25	136.59
9.26	136.98
9.27	136.6
9.28	133.97
9.29	139.3
9.3	139.19
9.31	141.2
9.32	144.7
9.33	139.47
9.34	139.07
9.35	138.71
9.36	137.8
9.37	136.56
9.38	134.28
9.39	133.28
9.4	131.47
9.41	132.21
9.42	130.01
9.43	127.83
9.44	125.77
9.45	124.12
9.46	123.03
9.48	131.31
9.49	134.25
9.5	138.45
9.51	138.83
9.52	136.95
9.65	121.62
9.66	120.93
9.67	120.61
9.68	124.56
9.69	124.23
9.7	122.63
9.71	123.44
9.72	122.88
9.73	121.39
9.74	124.6
9.75	123.48
9.76	123.16
9.77	123.73
9.78	123.61
9.79	125.04
9.8	125.65
9.81	125.64
9.82	125.82
9.83	127.64
9.84	129.24
9.85	129.28
9.86	128.67
9.87	128.16
9.88	126.87
9.89	124.23
9.9	123.1
9.91	123.02
9.92	123.48
9.93	123.14
9.94	124.19
9.95	126.01
9.96	126.29
9.97	126.55
9.98	126.82
9.99	127.05
10	128.77
10.01	128.63
10.02	124.98
10.03	125.49
10.04	126.38
10.18	138.36
10.19	140.79
10.2	141.25
10.21	138.15
10.22	136.23
10.23	131.34
10.24	129.86
10.25	121.41
10.78	102.89
10.79	106.42
10.8	106.2
10.81	114.06
10.82	114.55
10.83	114.69
10.87	135.21
10.88	137
10.89	137.06
10.9	137.28
10.91	137.78
10.92	138.07
10.93	137.35
10.94	136.92
10.95	137.15
10.96	139.31
10.97	140.86
10.98	141.57
10.99	142.31
11	141.91
11.01	141.77
11.02	141.4
11.03	140.96
11.04	140.32
11.05	138.91
11.06	137.91
11.07	140.59
11.08	139.74
11.09	136.77
11.1	134.97
11.11	135.65
11.12	134.33
11.13	131.05
11.14	130.67
11.15	128.36
11.16	125.51
11.17	124.26
11.18	123.2
11.19	122.37
11.2	120.15
11.21	119.21
11.22	118.88
11.23	117.01
11.24	115.96
11.25	114.27
11.26	115.11
11.27	114.87
11.28	114.47
11.29	112.04
11.3	109.79
11.31	107.88
11.32	106.52
11.33	105.5
11.51	119.13
11.52	119.48
11.53	118.54
11.54	120.88
11.55	117.88
11.56	117.1
11.57	114.24
11.58	111.91
11.59	111.08
11.6	110.92
11.61	108.8
11.62	108.26
11.63	106.95
11.64	108.38
11.65	108.61
11.66	108.92
11.67	108.03
11.68	107.02
11.69	108.93
11.7	108.04
11.71	108.96
11.72	108.79
11.73	108.33
11.74	108.52
11.75	109.79
11.76	110.32
11.77	111.58
11.78	110.59
11.79	110.51
11.8	109.57
11.81	109.01
11.82	109.17
11.83	108.9
11.84	109.29
11.85	108.63
11.86	108.96
11.87	108.39
11.88	108.35
11.89	110.42
11.9	111.47
11.91	109.86
11.92	109.46
12.26	171.11
12.27	167.68
12.28	164.52
12.29	162.88
12.3	160.4
12.31	158.48
12.32	157.27
12.33	153.93
12.34	149.19
12.35	143.64
12.36	139.52
12.37	136.03
12.38	131.88
12.42	120.62
12.43	121.98
12.44	115.21
12.45	114.26
12.46	112.83
12.47	111.84
12.48	110.86
12.49	110.37
12.5	110.45
12.51	106.13
12.52	106.74
12.53	105.96
12.54	106.9
12.55	109.43
12.56	108.7
12.57	109.26
12.58	110.47
12.59	116
12.6	114.99
12.61	114.19
12.62	114
12.63	115.53
12.64	115.2
12.65	115.18
12.66	114.73
12.67	113.68
12.68	114.13
12.69	113.95
12.7	114.21
12.71	113.58
12.72	113.36
12.73	113.14
12.74	113.16
12.75	113.19
12.76	112.91
12.77	111.98
12.78	110.9
12.79	110.01
12.8	109.12
12.81	109.48
12.82	108.27
12.83	106.28
12.84	106.39
12.85	106.27
12.86	106.07
12.87	105.57
12.88	103.57
12.89	102.61
12.9	102.39
12.91	101.58
12.92	103.07
12.93	103.47
12.98	101.65
12.99	105.15
13	105.22
13.01	104.73
13.02	104.67
13.03	107.11
13.04	106.94
13.05	106.86
13.06	106.09
13.07	106.38
13.12	132.01
13.13	132.59
13.14	132.33
13.15	131.72
13.16	131.88
13.17	132.93
13.18	132.99
13.19	131.79
13.2	132.42
13.21	132.66
13.22	133.29
13.23	135.69
13.24	132.85
13.25	129.52
13.26	127.72
13.27	121.91
13.28	119.16
13.29	116.7
13.3	112.26
13.31	111.66
13.32	110.59
13.33	110.86
13.34	109.71
13.35	109.62
13.36	110.25
13.37	109.54
13.38	108.97
13.39	107.96
13.54	103.38
13.55	102.85
13.56	104.41
13.57	103.64
13.58	103.45
13.59	106.43
13.6	109.12
13.61	108.2
13.62	107.95
13.63	107.06
13.64	109.97
13.65	108.89
13.66	109.38
13.67	113.42
13.68	109.17
13.69	109.6
13.7	108.99
13.71	109.62
13.72	110.61
13.73	112.64
13.74	112.55
13.75	114.72
13.76	115.2
13.77	114.91
13.78	116.26
13.79	116.25
13.8	112.23
13.81	109.73
13.82	109.41
13.83	112.49
13.84	119.95
13.99	125.53
14	124.78
14.01	123.83
14.02	122.45
14.03	120.44
14.04	121.03
14.05	118.91
14.06	118.26
14.07	114.86
14.08	114.43
14.09	114.49
14.1	113.68
14.11	113.82
14.12	112.3
14.13	111.14
14.14	110.38
14.15	109.19
14.16	108.06
14.17	109.01
14.18	108.86
14.19	109.11
14.2	108.84
14.21	106.38
14.22	107.77
14.23	107.1
14.24	106.72
14.25	105.32
14.26	104.88
14.27	106.13
14.28	104.69
14.29	103
14.3	101.38
14.31	103
14.32	104.42
14.33	103.53
14.34	102.21
14.35	101.05
14.36	102.84
14.37	102.43
14.38	103.64
14.39	103.62
14.4	102.77
14.41	103.86
14.42	103.6
14.43	104.73
14.44	103.11
14.45	103.19
14.46	104.96
14.47	104.16
14.48	105.31
14.49	106.04
14.5	108.24
14.51	108.13
14.52	108.39
14.53	107.17
14.54	106.61
14.57	108.61
14.58	109.43
14.59	108.53
14.6	110.45
14.61	112.06
14.63	114.97
14.64	112.03
14.65	112.84
14.66	113.01
14.67	112.83
14.68	112.01
14.69	110.94
14.7	109.42
14.71	107.39
14.72	106.59
14.73	108.2
14.74	108.81
14.75	111
14.76	111.2
14.77	108.71
14.78	106.9
14.79	107.55
14.8	105.78
14.81	104.17
14.82	104.51
14.83	105.1
14.84	103.64
14.85	103.53
14.86	103.61
14.87	101.27
14.88	100.59
14.89	101.55
14.9	102.71
14.91	106.19
14.92	101.55
14.93	109.33
14.94	102.52
14.95	102.76
14.96	101.83
15.47	162.38
15.48	163.39
15.49	161.65
15.5	159.73
15.51	155.04
15.52	151.17
15.53	148.88
15.54	146.91
15.87	100.93
15.88	116.28
15.89	112.92
15.9	112.08
15.91	111.15
15.92	111.1
15.93	109.63
15.94	110.53
15.95	109.68
15.96	109.57
15.97	109.19
15.98	110.63
15.99	111.75
16	112.81
16.01	112.11
16.02	112.03
16.03	113.9
16.04	114.53
16.05	116.55
16.06	114.7
16.07	115.37
16.08	115.9
16.09	117.87
16.1	117.09
16.11	118.49
16.12	118.17
16.13	118.82
16.14	117.97
16.15	116.76
16.16	116.74
16.17	114.97
16.18	114.88
16.19	114.65
16.2	114.88
16.21	114.21
16.22	115.37
16.23	116.21
16.24	112.17
16.25	112.71
16.26	112.53
16.27	111.26
16.28	110.58
16.29	109.29
16.3	107.95
16.31	105.99
16.32	107.42
16.33	106.73
16.34	107.28
16.35	105.57
16.36	104.99
17.09	124.72
17.1	122.84
17.11	118.67
17.12	119.1
17.13	117.59
17.14	116.24
17.15	115.08
17.16	113.73
17.17	113.3
17.18	111.48
17.19	110.88
17.2	111.99
17.21	111.03
17.22	110.29
17.23	109.61
17.24	108.99
17.25	109.44
17.26	105.48
17.27	108.83
17.28	108.61
17.29	107.19
17.3	108.44
17.31	109
17.32	106.01
17.38	82.87
17.39	82.52
17.43	163.23
17.44	167.23
17.45	169.78
17.46	173.83
17.47	175.97
17.48	174.76
17.49	174.62
17.5	175.08
17.51	175.34
17.52	174.4
17.53	165.52
17.54	169.94
17.55	169.03
17.56	167.89
17.57	179.27
17.58	172.31
17.59	171.25
17.65	116.31
17.66	112.07
17.67	111.43
17.68	111.22
17.69	111.78
17.73	120.7
17.74	119.03
17.75	117.17
17.76	118.33
17.77	118.28
17.78	118.23
17.79	118.39
17.8	118.41
17.81	118.14
17.82	117.94
17.83	117.48
17.84	113.88
17.85	113.79
17.86	118.9
17.87	119.4
17.88	118.03
17.89	118.47
17.91	130.39
17.92	124.97
17.93	122.25
17.94	118.88
17.95	117.48
17.96	116.26
17.97	115.96
17.98	116.52
17.99	116.54
18	116.21
18.01	116.06
18.02	116.18
18.03	117.92
18.04	117.04
18.05	116.53
18.06	115.28
18.07	114.61
18.08	114.05
18.09	114.23
18.1	114.46
18.11	115.06
18.12	113.88
18.13	115.55
18.14	115.85
18.15	116.62
18.16	114.76
18.17	116.94
18.26	130.5
18.27	130.18
18.28	128.86
18.29	127.77
18.3	125.71
18.31	123.35
18.32	120.09
18.33	117.88
18.34	115.72
18.35	111.49
18.36	104.32
18.37	105.45
18.38	104.62
18.39	103.02
18.4	104.46
18.41	104.51
18.89	125.99
18.9	121.63
18.91	118.4
18.92	114.41
18.93	111.89
18.94	108.67
18.95	109.18
18.96	107.66
18.97	103.26
18.98	102.97
19.17	139.86
19.18	140.68
19.19	139.81
19.2	139.3
19.21	138.47
19.22	137.82
19.23	137.27
19.24	133.26
19.25	135.55
19.26	135.25
19.27	131.2
19.28	130.21
19.29	129.72
19.3	125.78
19.31	122.87
19.32	120.08
19.33	117.28
19.34	115.02
19.35	114.39
19.36	114.69
19.37	112.63
19.38	111.69
19.39	111.59
19.4	111.25
19.41	114.6
19.42	113.17
19.43	111.55
19.44	112.94
19.63	104.96
19.64	102.64
19.65	105.06
19.66	98.67
19.67	103.9
19.68	105.97
19.69	104.82
19.7	106.25
19.71	104.26
19.72	106.54
19.73	110.06
19.74	109.98
19.75	110.03
19.76	111.84
19.77	112.06
19.78	111.89
19.79	112.17
19.8	110.85
19.81	111.36
19.82	112.84
19.83	113.47
19.84	112.29
19.85	112.13
19.86	111
19.87	111.67
19.88	110.29
19.89	110.01
19.9	108.94
19.91	104.84
19.92	106.3
19.93	106.64
20.02	112.65
20.03	109.19
20.04	111.97
20.05	111.17
20.06	112.46
20.07	111.36
20.08	111.3
20.09	109.6
20.1	109.78
20.11	109.13
20.12	108.16
20.13	107.86
20.14	107.49
20.15	107.29
20.16	109.37
20.17	108.22
20.18	107.88
20.19	110.03
20.2	110.29
20.21	111.88
20.22	113.16
20.23	113.03
20.24	113.23
20.25	115.22
20.26	118.77
20.27	118.72
20.28	115.45
20.29	116.2
20.3	115.91
20.31	117.68
20.32	118.89
20.33	117.36
20.34	116.79
20.35	115.26
20.36	115.31
20.37	113.86
20.38	113.86
20.39	113.46
20.4	114.09
20.41	114.38
20.42	114.23
20.43	115.51
20.44	114.98
20.45	111.12
20.46	110.64
20.47	109.67
20.48	108.86
20.49	108.12
20.5	107.73
20.51	106.29
20.52	104.63
20.53	103.73
20.54	102.68
20.55	102.36
20.56	103.43
20.57	106.32
20.58	105.11
20.59	105.38
20.6	91.79
20.61	91.49
20.62	110.71
20.63	108.81
20.64	109.15
21.01	102.85
21.02	105.93
21.03	108.55
21.04	108.23
21.05	108.97
21.06	109.21
21.07	109.16
21.08	109.56
21.09	108.83
21.1	108.96
21.11	109.93
21.12	109.82
21.13	109.58
21.14	109.9
21.15	109.63
21.16	110.34
21.17	109.63
21.18	109.34
21.19	109.66
21.2	108.67
21.21	110.74
21.53	197.43
21.54	194.19
21.55	188.91
21.56	186.06
21.57	183.05
21.58	179.54
21.59	173.44
21.6	165.04
21.61	159.82
21.62	154.66
21.63	148.56
21.64	145.82
21.65	142.1
21.66	141.99
21.67	151.28
21.68	148.84
21.69	141.5
21.7	145.29
21.71	151.03
21.82	112.79
21.83	118.53
21.84	117.75
21.85	116.04
21.86	113.56
21.87	112.52
21.88	113.77
21.89	114.62
21.9	112.85
21.91	113.2
21.92	113.69
21.93	112.84
21.94	112.58
21.95	115.82
21.96	112.37
21.97	115.94
21.98	114.4
21.99	112.74
22	112.09
22.01	119.96
22.02	121.21
22.03	118.58
22.04	116.58
22.05	115.73
22.06	115.83
22.07	115.71
22.08	115.6
22.09	115.59
22.1	115.95
22.11	116.17
22.12	116.06
22.13	115.66
22.14	115.57
22.15	115.85
22.16	116.47
22.17	115.75
22.18	115.46
22.19	114.95
22.2	114.93
22.21	115.36
22.22	115.44
22.23	114.49
22.24	113.89
22.25	112.79
22.26	112.07
22.27	114.51
22.28	115.51
22.29	116.09
22.3	116.58
22.34	114.81
22.35	117.28
22.36	117.25
22.39	129.57
22.4	130.64
22.41	128.1
22.42	125.32
22.43	123.01
22.44	121.41
22.45	119.62
22.46	118.11
22.47	115.15
22.48	112.04
22.49	107.55
22.5	105.58
22.51	102.4
22.52	104.11
22.53	103.09
22.54	99.04
22.55	99.14
23.05	100.41
23.06	114.67
23.07	114.59
23.08	116.75
23.09	118.69
23.1	120.26
23.11	120.36
23.12	120.12
23.13	120.07
23.14	119.76
23.15	119.84
23.16	120.02
23.17	119.39
23.18	119.84
23.19	119.55
23.2	119.11
23.21	118.99
23.22	119.79
23.23	119.28
23.24	119.35
23.25	119.37
23.26	119.05
23.3	138.36
23.31	136.43
23.32	135
23.33	135.07
23.34	134.74
23.35	135.13
23.36	135.38
23.37	135.7
23.38	135.16
23.39	135.54
23.4	136.05
23.41	135.35
23.42	133.69
23.43	134.4
23.44	140.15
23.45	134
23.46	133.82
23.47	132.59
23.48	132.28
23.49	133.46
23.5	133.02
23.51	132.83
23.52	132.29
23.53	133.36
23.54	133.65
23.55	133.5
23.56	133.35
23.57	132.32
23.58	132.06
23.59	131.17
23.6	130.44
23.61	130.86
23.62	130.52
23.63	132.08
23.64	131.09
23.65	130.83
23.66	131.06
23.67	131.7
23.68	131.64
23.69	131.3
23.7	130.62
23.71	130.5
23.72	130.3
23.73	130.9
23.74	127.87
23.75	125.79
23.76	128.48
23.89	107.06
23.9	107.85
23.91	106.77
23.92	106.1
23.93	105.11
23.94	104.9
23.95	104.7
23.96	103.47
23.97	102.09
23.98	102.52
23.99	103.01
24	103.71
24.01	104.67
24.02	103.93
24.03	104.08
24.04	102.97
24.05	103.63
24.06	104.69
24.07	106.94
24.08	108.53
24.09	108.55
24.25	128.52
24.26	126.58
24.27	124.97
24.28	124.57
24.29	123.33
24.3	122.24
24.31	120.92
24.32	118.19
24.33	117.67
24.34	117.25
24.35	116.64
24.36	116.98
24.37	114.33
24.38	113.13
24.39	112.46
24.4	110.26
24.41	108.44
24.42	106.63
24.43	105.04
24.44	103.88
24.45	101.54
24.46	95.66
24.47	93.02
24.48	89.69
24.49	91.92
25.25	111.84
25.26	110.13
25.27	109.67
25.28	109.83
25.29	107.23
25.35	114.99
25.36	114.33
25.37	113.78
25.38	112.18
25.39	110.68
25.4	107.26
25.41	105.85
25.42	104.31
25.43	102.92
25.44	102.38
25.45	100.35
25.46	100.78
25.47	104.68
25.48	103.54
25.49	104.01
25.5	102.47
25.51	106.92
25.52	101.91
25.76	130.3
25.77	128.54
25.78	127.3
25.79	125.59
25.8	123.49
25.81	118.63
25.82	114.81
25.83	110.62
25.84	105.85
26.17	107.32
26.18	111.13
26.19	112.03
26.29	119.25
26.3	115.95
26.31	113.17
26.32	122.49
26.33	110.75
26.34	113.79
26.35	111.6
26.36	110.67
26.37	109.88
26.38	108.89
26.39	107.17
26.4	107.15
26.41	107.83
26.42	106.34
26.43	105.64
26.44	104.29
26.45	102.69
26.46	102.62
26.47	101.16
26.48	101.24
26.49	103.81
26.5	105.97
26.51	107.68
26.52	107.95
26.53	108.06
26.54	104.86
26.55	104.28
26.56	103.73
26.57	103.63
26.58	104.34
26.6	105.7
26.61	105.52
26.62	106.9
26.63	107.01
26.64	107
29.53	111.48
29.54	110.7
29.55	109.56
29.56	107.46
29.57	106.46
29.58	105.89
29.59	104.92
29.6	104.27
29.61	102.75
29.62	101.97
29.63	100.97
29.64	102.3
29.65	102.61
29.66	102.03
29.67	102.19
29.68	102.94
29.69	102.31
29.7	102.47
29.71	102.53
29.72	102.53
29.73	102.37
29.74	101.77
29.75	104.67
30.46	97.33
30.47	105.31
30.48	105.58
30.49	107.58
30.5	107.39
30.51	108.08
30.52	112.79
30.61	135.27
30.62	138.06
30.63	139.19
30.64	139.18
30.65	137.29
30.66	135.17
30.67	133.63
30.68	131.6
30.69	129.64
30.7	125.08
30.71	128.09
30.72	127.51
30.73	127.64
30.74	125.18
30.75	124.29
30.76	125.4
30.77	125.61
30.78	121.34
30.79	131.01
30.8	132.41
30.81	134.53
30.82	136.05
30.83	133.36
30.84	130.51
30.85	126.44
30.86	124.1
30.87	122.09
30.88	119.91
30.89	117.82
30.9	113.32
30.91	109.62
30.92	111.44
30.93	111.82
30.94	112.2
30.95	110.7
30.96	109.34
30.97	109.74
30.98	107.8
30.99	110.14
31	111.3
31.01	114.3
31.24	129.98
31.25	129.12
31.26	128.63
31.27	128.91
31.28	129.2
31.29	127.91
31.3	129.01
31.31	129.79
31.32	129.5
31.33	128.43
31.34	125.48
31.35	124.62
31.36	122.24
31.37	120.06
31.38	118.13
31.39	115.47
31.4	114.52
31.41	114.17
31.42	113.78
31.43	111.47
31.44	111.62
31.45	112.52
31.46	114.36
31.47	115.04
31.48	115.26
31.49	115.15
31.5	115.5
31.51	116.76
31.52	117.49
31.53	118.06
31.54	117.9
31.55	117.33
31.56	118.49
31.57	118.09
31.58	116.9
31.59	117.94
31.6	117.9
31.61	116.51
31.62	115.39
31.63	115.05
31.64	115.19
31.65	115.6
31.66	115.97
31.67	114.62
31.68	114.31
31.69	114.06
31.7	112.93
31.71	111.61
31.72	109.59
31.73	109.31
31.74	107.7
31.75	105.03
31.76	104.07
31.79	210.64
31.8	207.74
31.81	210.27
31.93	122.38
31.94	121.94
31.95	120.77
31.96	122.98
31.97	120.11
31.98	118.53
31.99	119
32	118.64
32.01	118.5
32.02	117.82
32.03	116.9
32.04	117.19
32.05	116.29
32.06	117.27
32.07	117.05
32.08	117.28
32.09	115.92
32.1	115.2
32.11	117.18
32.12	118.11
32.13	115.97
32.14	114.36
32.15	112.87
32.16	111.48
32.17	109.7
32.18	106.46
32.19	106.33
32.2	108.21
32.21	107.36
32.22	107.12
32.23	106.64
32.24	109.23
32.25	108.97
32.26	112.52
32.27	111.03
32.28	109.13
32.29	110.99
32.3	112.83
32.31	111.11
32.32	111.43
32.73	149.59
32.74	150.6
32.75	149.85
32.76	148.16
32.77	146.29
32.78	146.4
32.79	146.79
32.8	144.91
32.81	144.18
32.82	141.7
32.83	140.8
32.84	142.34
32.85	141.98
32.86	140.72
32.87	142.22
32.88	142.16
32.89	143.84
32.9	145.88
32.91	143.05
32.92	147.66
32.93	142.46
32.94	140.28
32.95	136.55
32.96	133.35
32.97	130.17
32.98	126.96
32.99	125.21
33	123.95
33.01	124
33.02	122.66
33.03	123.4
33.04	125.66
33.05	134.58
33.12	137.49
33.13	127.01
33.14	128.77
33.15	129.6
33.16	129.65
33.17	129.1
33.18	128.62
33.19	129.12
33.2	130.41
33.21	130.64
33.22	130.69
33.23	130.3
33.24	131.24
33.25	132.42
33.26	130.77
33.27	134.02
33.28	134.05
33.29	131.89
33.4	125.26
33.41	119.59
33.42	118.94
33.43	116.87
33.44	115.03
33.45	89.78
33.46	112.91
33.47	109.91
33.48	110.19
33.49	108.57
33.5	109.79
33.51	109.9
33.52	112.08
33.53	115.06
33.54	115.24
33.55	116.24
33.56	115.2
33.57	114.6
33.58	114.68
33.59	110.92
33.6	112.25
33.61	111.48
33.62	112.53
33.63	85.12
33.64	86.24
33.65	82.02
33.68	143.31
33.69	138.11
33.7	110.56
33.71	108.87
33.72	109.39
33.73	109.08
33.74	110.24
33.75	108.11
33.76	107.01
33.77	105.59
33.78	109.73
33.79	105.66
33.8	108.96
33.81	102.36
33.82	104.26
33.83	107.14
33.87	105.76
33.88	106.22
33.89	108.69
33.9	105.4
33.91	109.97
33.92	102.9
33.93	108.73
33.94	101.52
33.95	104.26
33.96	103.81
33.97	108.98
33.98	108.25
33.99	109
34	108.16
34.01	111.01
34.02	88.29
34.03	83.9
34.15	113.3
34.16	104.02
34.17	101.87
34.18	100.25
34.19	108.74
34.31	106.02
34.32	106.12
34.33	100.62
34.34	111.07
34.35	103.14
34.36	110.56
34.37	105.35
34.38	108.36
34.39	109.33
34.4	107.08
34.41	107.61
34.42	108.75
34.43	110
34.44	110.25
34.45	110.29
34.46	109.17
34.47	109.29
34.48	108.7
34.49	109.13
34.5	110.15
34.51	110.84
34.52	111.79
34.53	110.22
34.54	110.81
34.55	110.34
34.56	111.68
34.57	110.77
34.58	109.49
34.59	104.82
34.6	109.1
34.61	109.26
34.62	110.49
34.63	110.32
34.74	102.23
34.75	103.34
34.76	90.21
34.77	89.13
34.78	89.54
35.11	102.58
35.12	104.36
35.13	105.33
35.71	114.28
35.72	115.83
35.73	115.96
35.74	115.49
35.75	115.42
35.76	115.25
35.77	114.89
35.78	113.59
35.79	116.18
35.8	114.57
35.81	113.46
35.82	111.34
35.83	111.91
35.84	109.35
35.85	108.09
35.86	105.62
35.87	108.72
35.88	109.33
35.89	120.09
35.92	114.46
35.93	112.75
35.94	115.16
36.36	116.66
36.37	117.16
36.38	117.74
36.39	116
36.4	115.13
36.41	112.88
36.42	112.92
36.43	112.43
36.44	111.21
36.45	110.73
36.46	109.9
36.47	108.8
36.48	107.8
36.49	107.96
36.5	107.4
36.51	106.44
36.52	103.19
36.53	161.24
36.54	158.04
36.55	116.27
36.56	117.73
36.57	112.79
36.84	142.76
36.85	140.15
36.86	140.48
36.87	142.15
36.88	144.99
36.89	148.23
36.9	150.07
36.91	142.98
36.92	142.12
36.93	143.27
36.94	146.9
36.95	143.83
37.05	112.58
37.06	109.13
37.11	110.42
37.12	110.88
37.13	107.62
37.14	109.45
37.15	109.08
37.16	107.24
37.17	108.11
37.18	107.79
37.3	113.38
37.31	110.48
37.32	110.91
37.33	109.67
37.34	111.05
37.35	112.64
37.36	113.13
37.37	111.81
37.38	110.71
37.39	108.03
37.4	105.51
37.41	105.53
37.42	109.49
37.43	111.17
37.44	109.4
37.45	108.85
37.46	110.43
37.47	111.96
37.48	110.84
37.49	109.82
37.5	109.45
37.51	109.33
37.52	109.13
37.53	109.86
37.54	108.85
37.55	107.91
37.56	105.9
37.57	105.93
37.58	108.05
37.59	106.04
37.6	105.01
37.61	104.83
37.62	106.24
37.63	107.38
37.64	107.13
37.65	103.25
37.66	104.57
37.67	105.66
37.68	106.93
37.69	104.41
37.7	104.77
37.71	106.87
37.72	107.62
37.73	103.33
38.51	106.67
38.52	109.65
38.53	105.41
38.54	106.46
38.69	108.34
38.7	107.75
38.71	101.73
38.72	100.64
38.83	108.19
38.84	111.31
38.85	111.64
38.86	113.55
38.97	128.53
38.98	127.65
38.99	127.13
39	127.56
39.01	127.16
39.02	127.77
39.03	129.86
39.04	130.95
39.05	130.63
39.06	131.46
39.07	131.86
39.08	132.44
39.09	133.46
39.1	135.46
39.11	137.19
39.12	139.03
39.13	140.81
39.14	140.65
39.15	140.28
39.16	139.26
39.17	137.54
39.18	135.85
39.19	132.8
39.2	132.68
39.21	129.49
39.22	126.85
39.46	112.14
39.47	115.91
39.48	115.05
39.49	112.81
39.5	112.94
39.51	113.92
39.52	114.33
39.53	114.14
39.54	112.11
39.55	113.01
39.56	113.29
39.57	112.86
39.58	111.75
39.59	112.62
39.8	104
39.81	106.65
39.82	107.56
39.83	107.3
39.84	106.55
40.04	114.42
40.05	113.95
40.06	113.38
40.07	112.54
40.08	112.73
40.09	111.22
40.1	110.84
40.11	108.61
40.12	107.65
40.13	107.34
40.14	105.69
40.15	107.73
40.16	106.52
40.17	108.9
40.18	111.93
40.19	110.61
40.2	113.33
40.21	109.6
40.22	109.55
40.23	110.79
40.24	109.69
40.25	110.46
40.26	111.56
40.27	111.14
40.28	110.01
40.29	110.98
40.3	109.09
40.31	110.39
40.32	109.9
40.33	111.28
40.34	107.64
40.35	111.43
40.36	107.05
40.37	107.39
40.38	106.75
40.39	104.93
40.4	112.48
40.41	102.24
41.67	110.3
41.68	114.39
41.69	110.26
41.7	110.36
41.71	107.01
41.72	107.77
41.73	108.92
41.74	108.51
41.88	120.07
41.89	120.47
41.9	120.2
41.91	119.86
41.92	119.25
41.93	118.03
41.94	117.67
41.95	117.44
41.96	117.92
41.97	118.48
41.98	117.78
41.99	117.82
42	117.41
42.01	117.26
42.02	117.36
42.03	117.19
42.04	118.31
42.05	118.42
42.06	118.2
42.07	119.32
42.08	119.75
42.09	120.23
42.1	120.39
42.11	120.46
42.12	121.85
42.13	122.25
42.14	121.93
42.15	120.38
42.16	121.27
42.17	123.59
42.18	125.89
42.19	124.39
42.2	124.74
42.21	124.99
42.22	122.33
42.23	122.01
42.24	121.1
42.25	119.35
42.26	117.46
42.27	118.35
42.28	118.07
42.29	117.42
42.3	114.29
42.31	112.28
42.32	113.15
42.33	111.36
42.34	110.13
42.35	110.43
42.39	133.38
42.4	125.83
42.47	117.01
42.48	120.35
42.49	121.1
42.5	119.21
42.51	114.84
42.52	116.83
42.58	126.87
42.59	127.32
42.6	126.28
42.61	126.04
42.62	125.67
42.63	124.12
42.64	123.41
42.65	124.55
42.66	123.59
42.67	124.21
42.71	150.95
42.72	141.05
42.73	140.08
42.74	137.23
42.75	136.04
42.76	134.64
42.77	133.44
42.78	132.71
42.79	131.15
42.8	130.45
42.81	130.59
42.82	131.11
42.83	131.67
42.84	131.59
42.85	131.42
42.86	130.33
42.87	129.5
42.88	126.22
42.89	126.27
42.9	125.08
42.91	123.81
42.92	122.18
42.93	117.86
42.94	117.45
42.95	115.78
42.96	109.71
42.97	108.18
42.98	108.91
42.99	109.85
43	109.86
43.01	111.73
43.02	110.9
43.03	113.43
43.04	112.55
43.05	113.03
43.06	110.6
43.07	113.94
43.08	112.72
43.09	112.5
43.1	115.44
43.11	117.26
43.12	118.21
43.24	130.49
43.25	128.12
43.26	126.97
43.27	126.88
43.28	128.01
43.29	128.51
43.3	128.83
43.31	128.73
43.32	128.74
43.33	128.91
43.34	128.47
43.35	128.56
43.36	129.29
43.37	129.8
43.38	129.43
43.39	128.29
43.4	126.86
43.41	123.56
43.42	120.61
43.43	120.31
43.44	118.09
43.45	112.99
43.46	111.86
43.47	110.79
43.48	109.72
43.49	107.11
43.56	122.54
43.57	121.84
43.58	122.34
43.59	120.88
43.6	119.09
43.61	116.19
43.62	117.68
43.63	118.85
43.64	118.6
43.65	117.72
43.66	118.35
43.67	118.48
43.68	119.42
43.69	120.03
43.7	120.15
43.71	120.1
43.72	119.72
43.73	119.73
43.74	121.41
43.75	123.14
43.76	123.5
43.77	122.84
43.78	123.16
43.79	122.35
43.8	121.89
43.81	121.92
43.82	121.61
43.83	119.4
43.84	118.39
43.85	115.59
43.86	116.11
43.87	114.84
43.88	112.25
43.89	110.7
43.9	109.27
43.91	107.77
43.92	104.87
43.93	109.66
43.94	110.07
44.28	120.07
44.29	123.46
44.3	122.33
44.31	122.79
44.32	122.27
44.33	121.54
44.34	120.49
44.35	118.77
44.36	118.58
44.37	117.47
44.38	116.18
44.39	113.89
44.4	113.86
44.5	128.97
44.51	123.49
44.52	120.71
44.53	118.98
44.54	117.35
44.55	117.26
44.56	116.85
44.57	116.91
44.58	116.98
44.59	117.07
44.6	117.26
44.61	117.59
44.62	118.39
44.63	119.58
44.64	120.04
44.65	120.08
44.66	119.59
44.67	120.17
44.68	119.92
44.69	118.53
44.7	118.28
44.71	118.8
44.72	119.84
44.73	120.64
44.74	119.8
44.85	148.02
44.86	150.08
44.87	149.11
44.88	143.41
44.89	141.62
44.9	139.54
44.91	140.05
44.92	138.16
44.93	133.72
44.94	126.86
44.95	122.44
44.96	116.36
44.97	118.84
44.98	123.12
45.17	105.38
45.18	101.43
45.19	90.59
