time	f0
0.035	177
0.045	171.11
0.055	168.05
0.065	174.55
0.075	179.02
0.085	173.79
0.095	171.19
0.105	168.46
0.115	168.17
0.125	172.08
0.135	171.15
0.485	126.46
0.495	122.07
0.505	119.39
0.515	117.04
0.525	113.77
0.535	110.81
0.545	110.11
0.555	111.43
0.565	112.65
0.575	109.11
0.585	109.46
0.595	111.37
0.605	110.46
0.615	111.06
0.625	109.34
0.635	108.26
0.645	105.07
0.655	100.02
0.665	96.89
0.675	95.55
0.685	96.24
0.695	89.96
0.705	93.11
0.715	97.32
0.725	99.74
0.735	104.33
0.745	110.27
0.755	109.93
0.765	106.17
0.775	102.53
0.785	97.23
0.795	97.57
0.805	96.98
0.815	98.64
0.825	98.98
0.835	97.69
0.845	99.32
0.855	98.76
0.865	99.91
0.875	98
0.885	97.83
0.895	98.07
0.905	98.12
0.915	98.32
0.925	96.48
0.935	95.22
0.945	96.69
0.955	96.29
0.965	92.55
0.975	91.1
0.985	85.92
0.995	84.7
1.005	86.98
1.015	85.56
1.025	84.04
1.115	102.86
1.125	94.95
1.135	96.1
1.145	103
1.155	100.26
1.165	93.17
1.175	93.72
1.185	100.86
1.195	100.59
1.205	101.69
1.215	102.33
1.225	100.24
1.235	102.32
1.245	114.23
1.325	105.04
1.335	98.79
1.345	96.44
1.355	97.5
1.365	99.24
1.375	100.38
1.385	101.93
1.395	102.79
1.405	101.52
1.415	101.67
1.425	103.84
1.435	104
1.445	104.94
1.455	105.48
1.465	104.74
1.475	104.22
1.485	103.39
1.495	102.65
1.505	103.13
1.515	102.42
1.525	102.5
1.535	102.3
1.545	102.68
1.555	101.55
1.565	98.9
1.575	99.58
1.585	101.9
1.595	103.07
1.605	103.56
1.615	100.75
1.625	100.57
1.635	102.52
1.645	105.05
1.655	108.36
1.665	106.87
1.675	107.55
1.685	107.98
1.695	108.1
1.705	108.97
1.715	107.19
1.725	108.17
1.735	104.61
1.745	104.34
1.755	104.43
1.765	103.14
1.775	104.07
1.785	108.22
1.795	108.86
1.805	105.36
1.815	106.01
1.825	106.81
1.835	110.09
1.845	108.6
1.855	109.49
1.865	110.45
1.875	111.21
1.885	98.81
1.895	96.22
1.905	94.88
1.915	94.23
1.925	92.93
1.935	89.44
1.945	92.25
1.955	92.6
1.965	92.34
1.975	92.77
1.985	91.62
1.995	88.71
2.005	89.57
2.015	91.63
2.025	92.71
2.035	93.91
2.045	96.38
2.055	98.11
2.065	103.28
2.075	107.44
2.085	106.59
2.095	105.46
2.105	107.48
2.115	107.31
2.125	107.18
2.135	107.2
2.145	106.71
2.155	105.93
2.165	105.28
2.175	102.17
2.185	102.45
2.195	100.05
2.205	97.42
2.215	96.75
2.225	94.74
2.235	92.22
2.245	100.56
2.255	97.24
2.265	100.46
2.275	105.96
2.285	106.9
2.295	106.29
2.305	104.08
2.315	102.05
2.325	102.44
2.335	103.3
2.345	104.32
2.355	103.54
2.365	101.94
2.375	101.09
2.385	100.03
2.395	97.42
2.405	97.32
2.415	97.95
2.425	100
2.435	99.77
2.445	100.25
2.455	102.37
2.465	103.01
2.475	98.87
2.485	97.85
2.495	100.21
2.505	97.47
2.515	96.21
2.525	99.91
2.535	113.35
2.545	92.94
2.555	97.67
2.565	93.79
2.575	82.35
2.585	91.54
2.615	112.45
2.625	110.95
2.635	119.74
2.645	120.96
2.655	114.52
2.665	109.6
2.675	107.57
2.685	98.82
2.695	93.4
2.705	89.7
2.715	97.01
2.725	99.65
2.735	100.71
2.745	111.88
2.905	195.02
2.915	187.9
2.945	196.2
2.955	194.67
2.965	194.18
2.975	191.18
2.985	190.42
2.995	190.62
3.075	176.4
3.085	164.54
3.095	159.03
3.105	160.72
3.115	156.89
3.125	155.04
3.135	153.32
3.145	152.85
3.155	156.52
3.165	161.34
3.175	157.38
3.185	100.41
3.195	99.08
3.225	152.78
3.235	158.4
3.295	149.21
3.305	151.53
3.315	150.48
3.395	188.61
3.475	111.12
3.485	110.3
3.495	73.42
3.505	72.95
3.515	73.28
3.705	196.2
3.715	192.43
3.905	83.96
3.915	84.21
3.925	84.96
3.935	87.83
3.985	85.21
3.995	84.38
4.125	118.95
4.135	119.28
4.145	101.88
4.155	101.56
4.345	170.73
4.355	169.8
4.365	170.17
4.605	121.89
4.615	120.64
4.625	117.82
4.635	117.29
4.645	115.73
4.655	114.53
4.665	111.89
4.675	114.45
4.685	114.19
4.695	110.65
4.705	110.62
4.715	108.93
4.725	107.6
4.735	107.97
4.745	102.78
4.755	97.08
4.765	94.32
4.775	91.98
4.785	90.92
4.795	85.02
4.805	90.4
4.815	88.66
4.825	91.05
4.835	90.81
4.845	90.63
4.855	100.44
4.865	99.01
4.875	98.51
4.885	99.79
4.895	102.4
4.905	105.32
4.915	107.25
4.925	107.85
4.935	108.74
4.945	107.83
4.955	102.12
4.965	104.7
4.975	106.27
4.985	102.53
4.995	100.11
5.005	99.07
5.015	105.34
5.025	99.11
5.105	192.18
5.115	193.75
5.125	194.04
5.135	191.94
5.165	94.87
5.175	100.12
5.185	103.04
5.195	95.98
5.205	94.76
5.215	93.69
5.225	93.23
5.235	92.85
5.245	93.33
5.255	94.09
5.265	96.59
5.275	99.14
5.285	98.13
5.295	99.67
5.305	100.92
5.315	100.72
5.325	99.74
5.335	99.97
5.345	98.7
5.355	97.22
5.365	95.37
5.375	95.38
5.385	94.84
5.395	92.01
5.405	90.04
5.415	90.15
5.425	89.83
5.435	88.3
5.445	88.28
5.455	88.44
5.465	88.27
5.475	89.7
5.485	87.97
5.495	84.98
5.505	87.87
5.515	88.13
5.525	95.73
5.535	97.98
5.545	94.6
5.555	87.68
5.565	87.17
5.575	86.98
5.585	106.27
5.595	102.5
5.605	100.22
5.615	97.36
5.625	96.92
5.635	96.34
5.645	91.71
5.655	89.25
5.665	88.83
5.675	88.07
5.685	88.12
5.695	89.18
5.705	95.58
5.715	96.53
5.725	93.37
5.735	93.21
5.745	91.4
5.755	89.7
5.765	93.59
5.775	92.22
5.785	89.29
5.795	90.11
5.805	88.55
5.815	88.6
5.825	93.19
5.835	98.45
5.845	111.09
5.855	113.16
5.865	115.04
5.875	113.77
5.885	113.13
5.895	111.92
5.905	110.31
5.915	110.24
5.925	110
5.935	109.44
5.945	109.45
5.955	111.09
5.965	110.97
5.975	110.86
5.985	109.14
5.995	106.84
6.005	103.5
6.015	100.8
6.025	100.8
6.035	100.88
6.045	99.27
6.055	95.96
6.065	91.71
6.075	87.7
