time	f0
0.157	132.55
0.167	132.8
0.177	132.43
0.187	131.6
0.197	131.08
0.207	131.96
0.217	130.67
0.227	126.95
0.237	125.88
0.247	127.34
0.257	128.14
0.267	128.03
0.277	127.65
0.287	127.87
0.297	128.09
0.307	127.56
0.317	127.1
0.327	127.9
0.337	127.77
0.347	127.49
0.357	127.88
0.367	130.04
0.377	127.44
0.387	127.05
0.397	127.09
0.407	151.92
0.417	152.28
0.427	148.9
0.437	137.1
0.447	133.27
0.457	130.73
0.467	127.73
0.477	123.19
0.487	119.76
0.497	117.65
0.507	116.73
0.517	117.37
0.527	118.63
0.577	103.78
0.587	101.74
0.597	101.51
0.607	101.37
0.617	99.64
0.627	101.97
0.637	102.53
0.647	101.83
0.657	103.48
0.667	103.01
0.677	100.32
0.687	100.49
0.697	105.33
0.707	105.27
0.717	103.47
0.727	102.27
0.837	99.1
0.847	100.08
0.857	102.06
0.867	103.65
0.877	104.88
0.887	105.26
0.897	105.03
0.907	105.13
0.917	105.24
0.927	105.21
0.937	105.66
0.947	105.98
0.957	106.03
0.967	105.56
0.977	104.8
0.987	104.46
0.997	105.27
1.007	105.52
1.017	105.46
1.187	89.9
1.197	90.46
1.207	89.96
1.217	90.32
1.227	91.7
1.237	93.27
1.247	93.07
1.257	92.89
1.267	94.35
1.277	96
1.287	94.63
1.297	92.61
1.307	92.98
1.317	94.66
1.327	94.42
1.497	98.55
1.507	102.12
1.517	103.83
1.817	150.64
1.827	149.15
1.837	133.67
1.847	127.05
1.857	122.55
1.867	120.06
1.877	118.96
1.887	120.1
1.897	123.49
1.907	125.02
1.917	124.92
1.927	124.07
1.937	125.42
1.947	133.77
1.957	130.9
1.967	127.99
1.977	124.69
2.007	76.49
2.017	75.12
2.027	74.56
2.037	74.38
2.047	116.67
2.057	117.71
2.067	118.36
2.077	117.4
2.117	74.96
2.127	74.82
2.137	74.31
2.217	191.18
2.227	188.45
2.237	185.21
2.247	180.52
2.257	186.11
2.267	190.06
2.277	192.31
2.287	191.6
2.297	189.13
2.307	187.08
2.367	208.05
2.377	207
2.497	245.61
2.507	246.54
2.517	244.17
2.527	241.29
2.567	207.39
2.577	203.89
2.587	205.18
2.597	208.13
2.607	206.13
2.617	220.33
2.627	235.53
2.637	223.71
2.647	224.61
2.657	223.47
2.667	224.16
2.677	225.1
2.687	222.41
2.697	219.95
2.707	220.88
2.717	219.62
2.727	216.91
2.737	196.92
2.747	195.52
2.757	182.31
2.767	182.38
2.777	181.28
2.787	180.07
2.797	181
2.807	182.68
2.977	179.05
2.987	180.37
2.997	181.41
3.077	235.04
3.087	233.87
3.097	243.52
3.107	234.88
3.117	234.02
3.127	235.4
3.137	241.73
3.147	241.7
3.167	113.99
3.177	114.98
3.187	115.51
3.197	110.82
3.207	107.89
3.217	106.74
3.227	105.83
3.237	105.7
3.247	105.89
3.257	105.05
3.267	104.73
3.277	103.31
3.287	102.53
3.297	101.51
3.307	101.52
3.317	100.74
3.327	100.1
3.337	99.46
3.347	98.82
3.357	97.59
3.367	97.19
3.377	97.11
3.387	96.99
3.397	96.44
3.407	95.87
3.417	95.82
3.427	96.08
3.437	95.44
3.447	95.26
3.457	95.21
3.467	94.63
3.477	93.63
3.487	76.25
3.507	76.62
3.517	76.21
3.527	76.48
3.537	79.53
3.547	97.66
3.557	98.23
3.607	84.49
3.617	99.34
3.627	98.99
3.637	94.44
3.647	94.29
3.657	99.3
3.667	100.32
3.677	100.9
3.687	101.38
3.697	102.15
3.707	103.1
3.717	102.37
3.727	101.67
3.737	101.28
3.747	100.6
3.757	99.79
3.767	99.47
3.777	99.53
3.787	99.84
3.797	100.44
3.807	100.74
3.987	111.94
3.997	111.35
4.007	111.13
4.017	110.68
4.027	110.3
4.037	109.98
4.047	109.73
4.057	108.91
4.067	108.56
4.077	108.06
4.087	107.9
4.097	108.45
4.107	109.49
4.117	106.82
4.127	106.68
4.137	106.24
4.147	105.4
4.157	104.34
4.167	103.96
4.177	104.92
4.187	106.55
4.197	105.95
4.207	106.24
4.297	117.18
4.307	116.37
4.317	115.62
4.327	115.48
4.337	115.3
4.347	115.23
4.357	115.73
4.367	115.95
4.377	115.89
4.387	115.55
4.397	115.48
4.407	115.55
4.417	115.49
4.517	102.12
4.527	100.7
4.537	99.34
4.547	97.45
4.557	96.63
4.567	98.75
4.577	96.51
4.587	95.03
4.597	94.85
4.607	94.01
4.617	93.68
4.627	92.74
4.637	92.8
4.647	93.6
4.657	93.67
4.667	93.89
4.677	94.39
4.687	97.39
4.697	96.46
4.707	94.78
4.717	95.13
4.727	96.69
4.737	99.3
4.747	97.51
4.757	96.54
4.767	94.92
4.787	99.7
4.797	97.63
4.807	96.93
4.817	94.85
4.827	94.84
4.837	95.82
4.847	96.16
4.857	99.8
4.867	99.4
4.877	98.46
4.887	97.76
4.897	99.25
4.907	99.73
4.917	98.45
4.927	96.42
4.937	95.3
5.147	89.57
5.157	90.94
5.167	90.02
5.177	91.21
5.187	91.15
5.197	90.28
5.207	89.05
5.217	87.29
5.227	84.23
5.237	81.97
5.247	82.15
5.687	88.76
5.697	89.49
5.707	89.35
5.717	90.49
5.727	87.86
5.737	86.76
5.747	88.07
5.867	98.64
5.877	100.6
5.887	102.86
5.897	104.08
5.907	103.37
5.917	82.46
5.927	83.07
5.937	72.33
5.947	72.83
5.957	73.13
5.967	72.75
6.757	89.81
6.767	89.19
6.777	125.62
6.787	125.8
7.157	90.08
7.167	89.07
7.177	90.85
7.187	91.68
7.197	91.73
7.207	91.51
7.217	91.2
7.227	90.69
7.237	90.02
7.247	91.78
7.257	99.43
7.267	101.29
7.277	101.86
7.287	101.33
7.297	100.7
7.307	100.12
7.317	100.22
7.327	96.13
7.337	100.15
7.347	101.43
7.357	100.02
7.367	98.92
7.377	98.84
7.387	100.52
7.397	99.53
7.407	96.98
7.417	97.29
7.437	256.39
7.447	249.42
7.457	241.87
7.487	92.36
7.497	89.99
7.507	86.05
7.517	91.59
7.527	93.96
7.557	94.32
7.567	95.09
7.577	94.88
7.587	94.22
7.597	93.65
7.607	92.88
7.617	90.82
7.707	89
7.717	88.09
7.727	87.49
7.737	87.14
7.747	88.99
7.757	88.47
7.767	88.54
7.777	89.09
7.787	89.61
7.797	93.21
7.807	93.55
7.817	93.07
7.827	94.11
7.837	94.73
7.847	95.24
7.857	96.84
7.867	98.22
7.877	98.48
7.887	99.18
7.897	99.86
7.907	99.22
7.917	99.02
7.927	98.62
9.427	90.28
9.437	90.85
9.447	94.81
10.757	93.99
10.767	92.41
10.777	91.84
10.787	91.52
10.797	88.27
10.807	88.4
10.817	88.54
10.827	92.11
10.837	95.62
10.847	95.02
10.857	94.48
10.867	93.64
10.877	94.79
10.887	95.44
10.897	95.66
10.907	97.66
10.917	99.44
10.927	99.75
10.937	99.7
10.947	98.99
10.957	98.04
10.967	96.05
10.997	96.56
11.007	96.58
11.057	81.55
11.067	80.86
11.077	80.69
11.087	75.53
11.127	89.7
11.137	91.11
11.147	92.46
11.157	92.92
11.167	92.32
11.177	91.99
11.187	92.82
11.197	92.04
11.207	92.28
11.217	93.22
11.227	91.93
11.237	91.64
11.247	91.66
11.257	91.48
11.627	89.28
11.637	89.29
11.647	88.79
13.347	242.75
13.357	239.87
13.387	247.22
13.397	251.72
13.407	256.38
13.427	80.02
13.437	79.52
13.537	114.45
13.547	94.18
13.557	93.13
13.567	92.29
13.577	93.75
13.587	92.32
13.597	91.38
13.607	92.25
13.617	93.89
13.627	94.58
13.637	95.11
13.647	95.43
13.657	95.4
13.667	94.94
13.677	94.2
13.687	94.08
13.697	95
13.707	96.19
13.717	95.9
13.727	95.97
13.737	96.36
13.747	95.5
13.757	94.94
13.767	94.56
13.777	95.29
13.787	95.83
13.797	93.63
13.807	90.74
13.817	88.38
13.827	93.38
13.837	86.56
13.847	87.94
13.857	87.34
13.867	86.29
13.877	86.11
13.887	86.67
13.897	88.4
13.907	89.77
13.917	89.96
13.927	90.94
13.937	91.03
13.947	91.07
13.957	90.57
13.967	89.23
13.977	87.66
13.987	88.18
14.457	89.44
14.467	85.63
14.477	85.45
14.487	86.19
14.497	86.27
14.507	85.73
14.517	84.62
14.837	81.87
14.847	80.06
14.857	91.21
14.867	89.67
14.877	89.89
14.887	89.99
14.897	88.88
14.907	90.89
14.917	91.53
14.927	90.34
14.937	89.41
15.857	94.36
15.867	94.11
15.877	93.24
15.887	92.83
15.897	92.78
15.907	92.11
15.917	91.54
15.927	90.98
15.937	91.46
15.947	91.62
15.957	92.61
15.967	93.17
16.127	89.07
16.137	89.5
16.147	89.96
16.157	90.85
16.167	90.75
16.177	90.77
16.187	90.95
16.197	90.45
16.207	92.71
17.187	105.18
17.197	101.37
17.207	99.35
17.217	96.02
17.227	93.52
17.237	93.82
17.297	93.08
17.307	93.75
17.317	95.04
17.327	94.44
17.337	93.42
17.347	93.29
17.357	93.06
17.367	92.6
17.377	92.78
17.387	92.91
17.397	92.62
17.407	92.31
17.417	91.6
17.427	91.47
17.437	91.57
17.447	90.47
17.457	89.99
17.467	89.63
17.477	89.23
17.487	87.27
17.497	86.98
17.507	87.54
17.517	87.75
17.527	88.84
17.537	88.07
17.547	88.32
17.557	88.83
17.567	88.51
17.577	88.44
17.787	90.05
17.797	89.37
17.807	87.85
17.817	85.86
