time	f0
0.073	239.63
0.083	219.65
0.233	224.59
0.243	225.16
0.253	224.94
0.263	225.24
0.273	222.95
0.283	220.48
0.293	217.73
0.303	215.65
0.313	207.49
0.323	205.24
0.333	210.9
0.343	217.5
0.533	215.13
0.543	207.16
0.553	205.19
0.563	204.5
0.573	206.02
0.583	206.59
0.593	208.06
0.603	205.35
0.613	203.11
0.623	207.48
0.673	213.08
0.683	196.89
0.693	196.05
0.703	194.03
0.713	192.22
0.723	187.72
0.733	187.97
0.743	186.48
0.753	184.64
0.763	183.69
0.773	184.32
0.783	181.93
0.793	182.19
0.803	183.36
0.813	188.86
0.823	197.07
0.833	139
1.093	207.33
1.103	219.11
1.113	251.76
1.123	223.43
1.153	182.88
1.163	183.86
1.173	183.5
1.183	183.75
1.193	181.61
1.203	180.14
1.213	178.82
1.223	177.8
1.233	176.15
1.243	176.82
1.253	173.75
1.263	177.6
1.273	187.97
1.463	154.21
1.513	190.19
1.523	189.96
1.533	194.41
1.543	194.7
1.553	193.79
1.563	189.68
1.573	189.41
1.583	184.68
1.593	186.4
1.603	186.77
1.613	191.91
1.623	198.14
1.633	201.42
1.643	202.7
1.653	198.95
1.663	196.95
1.673	195.56
1.683	193.3
1.693	193.65
1.703	192.99
1.713	189.83
1.723	190.34
1.733	190.22
1.743	188.4
1.753	187.87
1.763	186.01
1.773	187.57
1.783	183.22
1.793	183
2.713	209.8
2.723	203.21
2.733	200.19
2.743	197.08
2.753	195.31
2.763	192.36
2.773	191.45
2.783	190.65
2.793	189.32
2.803	186.39
2.813	182.01
2.823	181.36
2.833	180.79
2.843	183.24
2.893	133.66
3.063	190.79
3.073	187.97
3.083	187.4
3.093	182.69
3.103	181.57
3.113	184.45
3.123	183.42
3.133	178.87
3.143	174.8
3.153	183.44
3.163	182.53
3.173	178.92
3.183	183.25
3.193	189.41
3.203	190.69
3.213	190.89
3.223	187.75
3.233	185.88
3.243	186.44
3.253	187.69
3.263	186.03
3.273	186.13
3.283	185.72
3.293	183.33
3.303	182.18
3.313	181.13
3.323	178.49
3.333	177.35
3.343	181.09
3.353	246.77
3.363	237.81
3.373	237.44
3.383	237.91
3.393	193.52
3.403	188.12
3.413	195.61
3.423	197.03
3.433	200.11
3.443	200.02
3.453	200.59
3.463	202.1
3.473	203.02
3.483	202.24
3.493	198.86
3.503	195.85
3.893	188.76
3.903	186.58
3.913	178.01
3.923	179.24
3.933	190.66
3.943	201.51
3.953	191.48
3.983	223.55
3.993	231.24
4.003	233.34
4.013	227.37
4.023	193.24
4.033	232.85
4.043	213.74
4.053	240.23
4.063	227.78
4.073	218.9
4.083	223.74
4.093	205.07
4.133	143.51
4.143	209.07
4.153	208.13
4.163	213.11
4.173	214.34
4.183	215.05
4.193	215.46
4.203	212.09
4.213	207.45
4.223	201.57
4.233	198.67
4.243	191.64
4.253	185.83
4.263	182.57
4.273	178.96
4.283	177.67
4.293	178.16
4.303	176.07
4.313	180.63
4.323	180.76
4.693	176.48
4.703	177.9
4.713	179.2
4.723	176.03
4.733	178.04
4.743	173.51
4.753	173.88
4.763	176.2
4.773	166.68
4.783	225.71
4.793	220.54
4.803	229.27
4.813	230.42
4.823	210.65
4.833	213.71
4.843	217.17
4.853	215.55
4.863	221.5
4.873	228.81
4.883	220.08
4.893	215.84
4.903	231.09
4.913	229.74
4.923	224.3
4.933	215.45
4.943	223.89
5.173	183.28
5.183	184.44
5.193	180.69
5.203	181.51
5.213	180.18
5.223	179.78
5.233	184.94
5.243	182
5.253	187.83
5.643	247.53
5.653	250.85
5.663	219.19
5.673	205.23
5.683	203.31
5.693	201.28
5.703	197.38
5.713	195.51
5.723	193.62
5.733	191.82
5.743	190.31
5.753	188.77
5.763	187.92
5.773	185.18
5.783	184.54
5.793	184.36
5.803	183.54
5.813	175.87
5.823	185.29
5.953	235.18
5.963	204.29
5.973	202.28
5.983	199.97
5.993	198.26
6.003	196.15
6.013	195.96
6.023	195.15
6.033	196.78
6.043	197.26
6.053	198.11
6.063	200.15
6.073	200.6
6.093	200.34
6.103	199.84
6.553	198.55
6.563	197.74
6.573	197.11
6.583	193.87
6.593	195.27
6.603	193.91
6.613	194.16
6.623	195.04
6.633	195.57
6.643	195.1
6.653	199.12
6.663	194.62
6.673	195.97
6.913	184.08
6.923	185.33
6.933	185.48
6.943	188.42
6.953	187.66
6.963	189.64
6.973	187.72
6.983	186.97
6.993	188.28
7.003	189.62
7.153	193.15
7.163	197.17
7.173	189.14
7.183	188.75
7.193	187.39
7.203	188.12
7.213	187.35
7.223	185.65
7.233	181.67
7.243	182.73
7.253	178.83
7.393	179.22
7.403	173.57
7.413	173.68
7.423	172.58
7.433	172.41
7.503	243.13
7.513	214.63
7.523	219.09
7.533	218.08
7.543	239.24
7.823	138.86
7.833	206.56
7.843	186.73
7.853	189.02
7.863	188.81
7.873	187.61
7.883	184.76
7.893	182.47
7.903	180.63
7.913	181.96
7.923	182.45
7.933	181.66
7.943	181.99
7.953	181.34
7.963	182.13
7.973	182.08
7.983	181.16
7.993	179.54
8.003	183.14
8.033	241.5
8.043	240.29
9.173	151.69
9.313	200.98
9.323	200.28
9.333	199.32
9.343	198.4
9.353	199.23
9.363	197.82
9.373	195.08
9.383	195.03
9.393	194.48
9.403	192.78
9.413	191.97
9.423	192.94
9.433	192.57
9.443	192.85
9.453	193.85
9.463	194.22
9.473	194.73
9.483	194.46
9.493	194.1
9.503	194.36
9.513	195.17
9.523	193.63
9.533	193.31
9.543	192.64
9.553	191.89
9.563	192.25
9.573	193.6
9.583	193.88
9.593	193.67
9.603	192.18
9.613	191.27
9.623	191.47
9.633	190.83
9.643	187.46
9.653	183.96
9.663	182.4
9.673	181.07
9.683	180.05
9.693	173.69
9.703	183.93
9.713	183.64
9.723	237.33
9.733	223.82
9.743	210.65
9.753	221.52
9.763	225.29
9.773	224.24
9.783	227.5
9.793	220.57
9.803	221.09
9.813	221.31
9.823	215.59
9.853	215.16
9.863	212.87
9.873	225.42
9.883	211.11
11.113	179.57
11.123	178.25
11.133	180.54
11.143	174.44
11.153	169.72
11.203	171.71
11.213	171.75
11.223	170.72
11.233	171.97
11.243	171.22
11.253	169.65
11.263	173.01
11.273	173.44
11.283	173.32
11.293	172.91
11.303	170.16
11.313	167.43
11.323	213.17
11.333	260.49
11.343	233.02
11.353	216.07
11.363	219.83
11.373	219.63
11.383	229.29
11.393	226.24
11.403	258.3
11.413	229.15
11.423	244.02
11.473	233.25
11.483	238.4
11.493	238.72
11.503	247.02
11.513	247.49
11.523	277.92
11.533	241.28
11.543	246
11.563	247.79
11.573	239.55
11.583	253.73
11.593	262.89
11.603	240.17
11.613	287.64
11.623	232.22
11.633	278.22
11.643	241.63
11.653	260.7
11.663	244.63
11.673	228.1
11.683	212.17
11.693	266.53
11.703	248.72
11.713	238.64
11.753	258.08
11.763	244.73
11.773	225.31
11.783	251.57
11.793	233.24
11.803	225.89
12.833	171.91
12.843	176.98
12.853	194.28
12.863	224.58
12.873	236.53
13.083	175.44
13.093	184.2
13.103	184.59
13.113	185.82
13.123	184.01
13.133	184.53
13.143	183.11
13.153	181.55
13.163	181.92
13.323	170.2
13.333	171.28
13.513	268.31
13.523	258.28
13.553	261.98
13.563	274.42
13.573	265.74
13.603	256.92
13.613	316.81
13.623	341.45
13.633	288.04
13.643	284.64
13.673	181.08
13.683	177.42
13.693	176.4
13.703	172.47
13.713	173.92
13.723	174.85
13.733	172.86
13.743	174.87
13.753	175.06
13.763	170.37
14.003	187.81
14.013	187.52
14.023	189.22
14.033	188.2
14.043	185.64
14.053	185.04
14.063	183.37
14.073	184.28
14.083	183.95
14.093	186.64
14.103	188.17
14.113	190.57
14.123	190.33
14.133	192.89
14.143	197.65
14.153	188.08
14.163	187.82
14.173	182.67
14.183	182.7
14.193	183.69
14.203	186.05
14.283	183.88
14.293	181.51
14.303	161.35
14.313	149.7
14.403	171.38
14.413	173.33
14.423	171.79
14.433	170.66
14.463	266.25
14.473	236.38
14.483	227.12
14.493	233.58
14.503	212.92
14.513	254.18
14.523	261.56
14.533	241.72
15.233	206.87
15.243	199.96
15.253	196.08
15.263	194.7
15.273	209.85
15.323	188.66
15.333	186.84
15.343	185.35
15.353	183.57
15.363	182.63
15.373	183.17
15.513	192.59
15.523	183.32
15.533	177.62
15.543	177.83
15.553	172.06
15.563	172.62
15.573	186.14
15.663	192.14
15.673	186.6
15.683	192.61
15.693	194.94
15.703	196.86
15.713	196.46
15.723	199
15.733	200.34
15.743	202.6
15.753	203.49
15.763	205.42
15.773	203.66
15.783	202.89
15.793	203.31
15.803	204.49
15.813	207.46
15.823	207.87
15.833	206.51
15.843	219.51
15.853	218.8
15.863	217.54
16.043	186.17
16.053	187.9
16.063	188.8
16.073	189.95
16.083	188.58
16.343	277.64
16.353	253.61
16.363	273.58
16.373	234.86
17.143	183.78
17.153	183.16
17.163	186.18
17.173	185.55
17.183	184.02
17.193	182.57
17.203	179.89
17.213	175.64
17.223	171.35
17.233	172.13
17.243	170.34
17.253	170.56
17.263	169.26
17.273	172.2
17.283	174.67
17.293	177.17
17.303	185.92
17.313	176.56
17.323	180.67
17.333	181.4
17.343	182.61
17.353	181.06
17.363	179.99
17.373	179.56
17.383	179.99
17.393	180.11
17.403	177.44
17.413	183.39
17.503	235.05
17.513	248.57
17.523	172.3
17.533	175.57
17.543	172.99
17.553	170.14
17.563	171.76
17.593	214.22
17.603	210.35
17.613	205.63
17.623	200.85
17.633	208.48
17.643	208.18
17.653	208.54
17.663	213.9
17.673	209.55
17.683	216.1
17.693	229.17
17.703	238.78
17.713	236.07
17.723	253.89
17.733	280.86
17.743	239.51
17.783	228.33
17.793	233.66
17.983	182.21
17.993	182.74
18.003	185.89
18.013	185.25
18.023	186.59
18.033	185.89
18.043	187.73
18.053	194.37
18.063	192.18
18.073	193.05
18.083	194.58
18.093	193.84
18.103	194.18
18.113	193.97
18.123	192.42
18.133	191.61
18.143	191.79
18.153	195.96
18.163	197.55
18.173	198.99
18.183	201.51
18.193	205.84
18.203	207.42
18.213	204.03
18.223	202.08
18.233	202.58
18.243	205.37
18.253	204.2
18.263	202.37
18.273	202.57
18.283	203.98
18.293	205.83
18.303	205.25
18.313	203.44
18.323	215.43
18.333	207.85
18.343	210.01
18.353	203.36
18.363	209.29
18.373	201.73
18.383	205.5
18.393	214.25
18.653	251.01
18.663	195.58
18.673	179.84
18.683	170.56
18.693	172.55
18.703	172.74
18.713	174.68
18.723	179.34
18.733	191.24
18.743	190.35
19.233	273.15
19.243	262.06
19.273	201.58
19.283	179.28
19.293	172.34
19.303	179.18
19.343	180.39
19.353	165.48
19.363	180.96
19.373	183.27
19.383	182.48
19.393	180.47
19.403	180.73
19.413	180.92
19.423	181.26
19.433	181.51
19.443	182.97
19.453	185.28
19.463	184.13
19.473	188.62
19.483	186.7
19.493	192.21
19.503	194.29
19.513	196.64
19.523	196.02
19.533	198.41
19.543	197.9
19.553	195.73
19.563	191.4
19.573	190.34
19.583	189.98
19.593	188.08
19.603	193.1
19.613	188.29
19.853	210.08
19.863	192.87
19.873	190.84
19.953	222.61
19.963	202.52
20.033	259.4
20.043	224
20.053	206.81
20.063	236.2
20.073	218.17
20.083	225.38
20.093	224.23
21.523	201.94
21.533	197.82
21.543	192.73
21.553	191.55
21.563	190.2
21.573	190.24
21.583	186.63
21.613	194.41
21.623	193.16
21.633	193.69
21.643	195.37
21.703	190.03
21.713	185.42
21.723	184.18
21.733	182.27
21.743	168.2
21.753	184.31
21.763	186.44
21.823	216.4
21.833	195.33
21.843	188.3
21.853	183.1
21.863	187.52
21.873	184.46
21.883	186.17
21.893	185.52
21.903	185.31
21.913	182.94
21.923	180.63
21.933	181.94
21.943	143.48
21.953	183.88
21.963	183.25
21.973	180.54
21.983	176.75
21.993	171.54
22.003	168.49
22.153	209.55
22.163	195.88
22.173	188.81
22.183	188.04
22.193	184.57
22.203	181.18
22.213	181.54
22.223	180.86
22.233	180.28
22.243	183.06
22.253	181.54
22.303	342.41
22.313	344.29
22.523	238.19
22.533	235.68
22.543	240.69
22.553	223.24
22.563	216.48
22.773	185.49
22.783	191.44
22.793	189.56
22.803	189.69
22.813	188.18
22.823	187.72
22.833	185.08
22.843	184.25
22.853	186.95
22.863	190.32
22.873	195.31
22.883	189.86
22.893	191.11
22.993	238.77
23.003	237.6
23.013	198.51
23.023	179.3
23.033	179.14
23.043	177.53
23.053	172.45
23.193	167.56
23.203	149.23
23.213	187.48
23.223	177.23
23.233	279.79
23.243	274.88
23.253	262.82
23.263	267.5
23.273	270.33
23.283	234.95
23.293	267.11
23.303	255.07
23.313	278.35
23.343	298.45
23.493	178.63
23.503	175.55
23.513	172.93
23.523	171.21
23.603	174.89
23.613	177.27
23.663	262.55
23.673	253.14
24.243	204.29
24.253	190.73
24.263	192.22
24.273	198.26
24.283	195.94
24.293	197.5
24.303	191.73
24.313	195.75
24.323	195.71
24.333	191.14
24.343	190.78
24.353	188.89
24.363	184.41
24.373	185.06
24.383	186.51
24.393	185.56
24.403	183.27
24.413	179.29
24.423	180.03
24.433	181.22
24.443	179.8
24.453	179.99
24.463	181.68
24.473	182.56
24.483	179.92
24.493	178.74
24.503	180.22
24.513	179.63
24.523	182.29
24.663	254.04
24.673	252.46
24.683	202.73
24.693	180.83
24.703	175.01
24.713	172.52
24.723	168.58
24.733	155.72
24.833	239.8
24.843	227.89
24.853	213.43
24.863	222.06
24.873	215.15
24.883	214
24.893	216.74
24.903	222.4
24.913	233.81
25.853	142.01
25.863	142.6
25.873	136.15
25.913	228.73
25.923	233.8
26.033	170.09
26.043	170.87
26.103	274
26.113	272.45
26.123	266.54
26.133	268.22
26.143	250.53
26.153	254.45
26.193	169.48
26.203	155.94
26.213	155.6
26.223	171.27
26.233	171.01
26.263	238.41
26.273	255.62
26.283	224.91
26.333	220.69
26.343	172.12
26.353	286.15
26.363	248.25
26.373	250.15
26.383	246.01
26.393	245.99
26.403	235.37
26.413	209.22
26.423	210.52
27.263	241.23
27.333	366.07
27.343	364.89
27.353	363.58
27.473	228.26
27.483	242.73
27.493	228.92
27.503	195.75
27.513	186.82
27.523	185.48
27.533	184.89
27.543	182.74
27.553	183.51
27.563	178.7
27.573	176.42
27.583	176.72
27.593	175.78
27.603	174.82
27.613	176.92
27.623	177.81
27.633	176.01
27.643	177.69
27.653	175.81
27.663	175.75
27.673	175.74
27.683	176.83
27.693	175.87
27.703	176.52
27.713	181.01
27.743	203.02
27.783	175.83
27.793	185.22
27.803	187.14
27.813	193.58
27.823	194.02
27.833	192.98
27.843	192.96
27.853	190.66
27.863	189.4
27.873	188.86
27.883	186.94
27.893	185.27
27.903	182.67
27.913	180.99
27.923	182.31
27.933	184.99
27.943	180.03
27.953	176.65
28.293	201.05
28.303	185.76
28.313	211.97
28.323	225.05
28.333	187.92
28.343	180.94
28.493	217.55
28.503	217.5
28.513	223.13
28.523	215.35
28.533	206.75
28.543	213.67
28.553	213.49
29.893	200.6
29.903	186.54
29.913	187.6
29.923	185.01
29.933	184.73
29.943	182.08
29.953	182.52
29.963	179.87
29.973	177.02
29.983	172.96
29.993	183.97
30.183	233.08
30.193	229.16
30.273	238.22
30.283	233.49
30.293	178.22
30.373	258.42
30.383	233.89
30.393	251.42
30.403	237.14
30.413	235.62
30.423	204.77
30.433	236.92
30.443	202.03
30.453	197.75
30.563	174.91
30.573	176.78
30.583	175.63
30.593	176.34
30.603	170.07
30.613	173.9
30.623	173.95
30.633	175.89
30.643	176.15
30.653	177.46
30.663	180.7
30.673	182.27
30.793	236.55
30.803	227.66
30.813	206.05
30.823	200.48
30.913	241.5
30.923	239.23
30.933	245.41
30.943	257.68
30.953	230.17
30.973	217.45
30.983	239.28
