time	f0
0.34	140.72
0.35	139.16
0.36	141
0.37	137.23
0.38	133.48
0.39	132.01
0.4	131.5
0.41	133.19
0.42	134.66
0.43	135.18
0.44	136.96
0.45	140.8
0.46	140.43
0.47	138.15
0.48	133.95
0.49	129.43
0.5	132.4
0.51	136.57
0.52	134.96
0.53	136.62
0.54	140.94
0.55	140.61
0.56	155.14
0.57	149.72
0.58	140.84
0.59	139.41
0.6	137.51
0.61	135.59
0.62	134.82
0.63	134.66
0.64	134.15
0.65	133.63
0.66	132.43
0.67	129.48
0.68	124.94
0.69	123.35
0.7	121.05
0.71	117.19
0.72	117.44
0.73	119.7
0.74	118.05
0.75	117.6
0.76	116.1
0.77	115.1
0.78	112.9
0.79	112.89
0.8	111.49
0.81	111.79
0.82	111.59
0.83	111.16
0.84	109.06
0.85	109.49
0.86	115.59
0.87	112.88
0.88	111.12
0.89	115.79
0.94	158.02
0.95	154.47
0.96	147.15
0.97	103.97
0.98	108.97
0.99	105.74
1	110.17
1.01	111.64
1.02	106.36
1.03	106.15
1.04	105.64
1.05	103.87
1.06	104.17
1.07	104.5
1.08	101.77
1.09	102.81
1.1	105.21
1.11	104.95
1.12	103.71
1.13	100.72
1.14	102.37
1.17	123.62
1.18	121.91
1.19	118.94
1.2	117.8
1.21	117.33
1.22	115.64
1.23	116.08
1.24	116.56
1.25	114.37
1.31	120.75
1.32	119.78
1.33	115.18
1.34	111.52
1.35	109.59
1.36	108.79
1.37	108.09
1.38	108.6
1.39	109.91
1.4	110.81
1.41	111.32
1.42	111.18
1.43	105.87
1.44	108.55
1.45	109.41
1.46	112.04
1.47	110.79
1.48	107.97
1.49	108.15
1.5	105.63
1.51	106.24
1.52	105.14
1.53	102.75
1.54	102.67
1.55	102.88
1.56	105.4
1.57	105.14
1.58	105.35
1.59	107.08
1.6	108.3
1.61	108.6
1.62	108.37
1.63	108.11
1.64	107.02
1.65	107.14
1.66	107.93
1.67	111
1.68	110.69
1.69	110.3
1.7	106.33
1.71	105.99
1.72	114.46
1.73	114.78
1.74	113.33
1.75	107.96
1.76	105.59
1.77	105.33
1.78	104.78
1.79	104.76
1.8	105.24
1.81	101.91
1.82	105.45
1.83	105.61
1.84	105.29
1.85	104.62
1.86	108.14
1.87	113.07
1.88	107.32
1.89	106.77
1.9	107.17
1.91	107.61
1.92	107.78
1.93	106.88
1.94	106.48
1.95	107.14
1.96	105.28
1.97	104
1.98	102.86
1.99	103.91
2	105.16
2.01	104.69
2.02	106.08
2.03	105.97
2.18	111.21
2.19	110.94
2.2	110.11
2.21	107.79
2.22	108.78
2.23	108.99
2.24	108.69
2.25	107.68
2.26	108.1
2.27	106.71
2.28	106.57
2.29	107.3
2.3	106.79
2.31	106.35
2.32	105.58
2.33	105.52
2.34	107.15
2.35	106.81
2.36	105.05
2.37	105.09
2.38	102.19
2.39	104.1
2.4	103.55
2.41	102.5
2.42	100.9
2.43	99.95
2.44	100.91
2.45	99.55
2.46	98.48
2.47	98.01
2.48	97.28
2.49	100.13
2.5	98.09
2.67	111.56
2.68	110.49
2.69	111.49
2.7	111.34
2.71	112.56
2.72	113.29
2.73	113.56
2.74	112.56
2.75	110.81
2.76	109.7
2.77	109.31
2.92	109.05
2.93	109.1
2.94	109.13
2.95	109.12
2.96	109.64
2.97	108.3
2.98	108.35
2.99	107.05
3	104.29
3.01	104.65
3.02	103.82
3.03	101.29
3.04	101.44
3.05	102.2
3.15	112.69
3.16	110.57
3.17	108.19
3.18	107.63
3.19	108.18
3.2	107.52
3.21	106.31
3.22	105.59
3.23	104.66
3.24	103.72
3.25	103.45
3.26	103.79
3.27	104.06
3.28	102.9
3.29	102.46
3.3	101.27
3.31	100.24
3.32	100.16
3.33	98.54
3.34	95.11
3.35	94.33
3.36	96.99
4.29	123.57
4.3	123.87
4.31	121.16
4.32	120.22
4.33	120.19
4.34	116.61
4.35	113.91
4.36	114.5
4.37	116.8
4.38	119.27
4.39	120.3
4.4	122.25
4.41	122.35
4.42	121.02
4.43	121.17
4.44	121.87
4.45	125.05
4.46	137.45
4.47	139.36
4.48	141.7
4.49	144.23
4.5	142.34
4.51	133.3
4.52	136.45
4.53	125.66
4.54	132.88
4.55	135.93
4.56	136.73
4.57	135.64
4.58	138.13
4.59	131.58
4.6	124.42
4.61	117.62
4.62	128.21
4.63	94.07
4.64	93.8
4.67	102.33
4.68	99.4
4.69	94.14
5.19	149.65
5.2	148.98
5.21	149.3
5.22	149.64
5.23	148.92
5.24	147.6
5.25	146.1
5.26	144.96
5.27	147.4
5.28	147.42
5.29	128.43
5.3	129.46
5.31	132.47
5.33	127.5
5.34	130.37
5.35	131.22
5.4	110.97
5.41	111.3
5.42	109.57
5.43	107.6
5.44	107.39
5.45	105.58
5.46	105.3
5.47	106.14
5.48	109.45
5.49	105.12
5.5	104.54
5.51	104.75
5.54	120.06
5.55	112.05
5.56	113.49
5.57	114.96
5.58	112.7
5.59	112.39
5.6	110.75
5.61	108.91
5.62	107.12
5.63	104.15
5.83	112.4
5.84	111.53
5.85	109.71
5.86	108.64
5.87	108.55
5.88	109.57
5.89	109.57
5.9	111.97
5.91	112.61
5.92	109.24
5.93	106.17
5.94	105.08
5.95	102.9
5.96	101.65
5.97	98.89
5.98	96.93
6.81	108.37
6.82	112.16
6.83	113.71
6.84	113
6.85	116.68
6.86	117.67
6.87	118.73
6.88	116.28
6.89	117.01
6.9	119.43
6.91	116.35
6.92	114.01
6.98	138.3
6.99	138.66
7	137.44
7.01	137.74
7.02	138.54
7.03	138.5
7.04	137.64
7.05	135.94
7.06	133.43
7.07	130.79
7.08	126.22
7.09	120.12
7.1	115.79
7.11	114.39
7.12	114.59
7.13	115.82
7.14	114.64
7.15	114.45
7.16	109.11
7.17	107.64
7.18	106.92
7.19	105.07
7.2	102.83
7.34	103.08
7.35	104.94
7.36	103.68
7.37	102.5
7.38	101.02
7.39	100.3
7.4	101.07
7.48	118.45
7.49	116.97
7.5	116.27
7.51	116.46
7.52	110.81
7.53	109.05
7.54	107.63
7.71	111.8
7.72	108.37
7.73	106.49
7.74	103.68
7.75	101.79
7.76	97.8
7.77	91.79
7.78	82.26
8.39	112.25
8.4	112.38
8.41	111.38
8.42	109.44
8.43	109.63
8.44	108.37
8.45	110.03
8.46	109.27
8.47	109.23
8.48	110.16
8.49	105.5
8.5	105.63
8.51	107.27
8.52	107.89
8.53	107.28
8.54	106.97
8.55	110.22
8.56	108.85
8.57	108.93
8.58	108.19
8.59	106.62
8.6	108.36
8.61	109.94
8.62	109.96
8.63	110.57
8.64	109.44
8.65	111.85
9.74	121.52
9.75	123.43
9.76	124.62
9.77	122.92
9.78	122.44
9.79	124.48
9.8	123.74
9.81	122.88
9.82	123.37
9.83	124.61
9.84	126.55
9.85	128.77
9.86	131.77
9.87	133.87
9.88	134.24
9.89	135.19
9.9	135.56
9.91	136.17
9.92	136.74
9.93	136.58
9.94	132.62
9.95	131.69
9.96	130.02
9.97	126.16
9.98	118.61
9.99	119.15
10	125.61
10.01	132.18
10.02	127.86
10.03	121.14
10.04	114.7
10.05	111.45
10.06	110.65
10.07	106.81
10.08	106.87
10.09	103.3
10.1	109.41
10.11	100.28
10.12	106.31
10.13	103.19
10.14	107.13
10.15	111.33
10.16	108.94
10.17	108.75
10.18	110.75
10.19	117.71
10.2	117.89
10.21	117.82
10.22	117.77
10.23	112.79
10.24	111.44
10.25	108.29
10.26	108.34
10.27	107.32
10.28	102.22
10.29	106.75
10.3	106.09
10.31	107.18
10.32	106.77
10.33	105.43
10.34	105.69
10.35	108.46
