time	f0
0.02	120.44
0.03	120.82
0.04	120.02
0.05	118.81
0.06	119.25
0.07	117.32
0.08	113.2
0.09	112.27
1.38	137.53
1.39	137.77
1.4	137.48
1.41	134.98
1.42	134.39
1.43	131.12
1.44	126.82
1.45	121.2
1.46	120.86
1.47	120.37
1.48	123.27
1.49	128.35
1.5	130.52
1.51	134.08
1.52	137.18
1.53	135.68
1.54	135.74
1.55	137.76
1.56	139.06
1.57	139.93
1.58	141.15
1.59	143.12
1.6	144.07
1.61	144.41
1.62	145.45
1.63	145.99
1.64	143.71
1.65	147.92
1.66	147.53
1.67	145.64
1.68	143.83
1.69	140.99
1.7	136.49
1.71	133.78
1.72	132.15
1.73	131.9
1.74	131.41
1.75	132.15
1.76	132.23
1.77	131.76
1.78	127.85
1.79	129.26
1.8	128.49
1.81	128.32
1.82	128.53
1.83	126.41
1.84	128.82
1.85	128.77
1.86	127.67
1.87	128.39
1.88	129.06
1.89	130.07
1.9	128.35
1.91	127.33
1.92	126.67
1.93	125.76
1.94	126.94
1.95	127.46
1.96	126.76
1.97	127.11
1.98	129.72
1.99	130.23
2	130.05
2.01	129.42
2.02	130.22
2.03	133.47
2.04	133.65
2.05	129.88
2.06	128.42
2.07	127.58
2.08	126.46
2.09	126.31
2.1	126.46
2.11	124.23
2.12	121.6
2.13	120.25
2.14	119.63
2.15	118.89
2.16	118.3
2.17	117.02
2.18	116.73
2.19	114.93
2.2	113.97
2.21	113.05
2.22	111.84
2.23	110.29
2.24	109.72
2.25	110.07
2.26	110.29
2.27	110.41
2.28	110.31
2.29	109.88
2.3	107.29
2.31	103.44
2.32	102.9
2.33	101.3
2.34	101.13
2.35	101.31
2.36	101.74
2.37	102.3
2.38	103.12
2.39	103.19
2.4	101.83
2.41	102.82
2.42	103.01
2.43	103.21
2.44	102.66
2.45	103.66
2.46	103.68
2.47	104.13
2.48	103.08
4.43	129.08
4.44	130.49
4.45	133.16
4.46	136.12
4.47	137.16
4.48	141.83
4.49	145.78
4.5	140.64
4.51	141.09
4.52	139.6
4.53	137.04
4.54	134.6
4.55	131.89
4.56	130.01
4.57	129.17
4.58	128.08
4.59	126.8
4.6	121.88
4.61	121.58
4.62	120.68
4.63	127.68
4.64	127.55
4.65	120.19
4.66	121.98
4.67	125.76
4.68	124.07
4.69	121.81
4.7	120.89
4.71	121.46
4.72	121.23
4.73	123.23
4.74	125.98
4.75	130.97
4.76	138.53
4.77	143.76
4.78	145.75
4.79	150.1
4.8	151.19
4.81	152.16
4.82	152.6
4.83	152.51
4.84	151.11
4.85	148.48
4.86	144.13
4.87	139.06
4.88	130.71
5	115.32
5.01	112.95
5.02	111.68
5.25	142.04
5.26	140.13
5.27	137.49
5.28	134.17
5.29	131.33
5.3	129.01
5.31	127.69
5.32	126.87
5.33	127.37
5.34	129.06
5.35	129
5.36	141.3
5.37	137.44
5.38	139.28
5.39	141.41
5.4	141.9
5.41	142.21
5.42	143.28
5.43	143.73
5.44	140.5
5.45	138.63
5.46	137.28
5.47	135.76
5.48	133.27
5.49	130.14
5.5	127.25
5.51	132.37
5.52	127.23
5.53	126.82
5.54	127.37
5.55	127.17
5.56	126.75
5.57	126.34
5.58	125.92
5.59	126.38
5.6	125.68
5.61	126.79
5.62	129.57
5.63	132.12
5.64	133.27
5.65	135.1
5.66	137.45
5.67	139.71
5.68	142.39
5.69	145.27
5.7	148.97
5.71	149.26
5.72	151.41
5.73	151.31
5.74	150.68
5.75	148.4
5.76	143.71
5.77	140.4
5.78	135.31
5.79	130.9
5.8	124.5
5.82	112.7
5.83	109.09
5.84	104.21
5.85	104.17
5.86	104.16
5.87	102.37
5.88	103.68
5.89	103.81
5.9	103.4
5.91	103.38
5.92	102.33
6.05	113.59
6.06	114.89
6.07	113.92
6.08	112.91
6.09	113.14
6.1	113.16
6.11	112.84
6.12	112.12
6.13	111.75
6.14	111.15
6.15	110.9
6.16	109.63
6.17	107.8
6.18	106.86
6.19	108.29
6.2	107.24
6.21	107.04
6.41	125.78
6.42	124.69
6.43	118.73
6.44	118.76
6.45	117.93
6.46	114.39
6.53	146.74
6.54	144.4
6.55	143.54
6.56	141.61
6.57	138.48
6.58	135.41
6.59	132.94
6.6	131.8
6.61	130.75
6.62	126.93
6.63	123.92
6.64	123.97
6.65	121.97
6.66	121
6.67	117.46
6.68	115.83
6.69	115.33
6.7	112.6
6.71	113.06
6.72	111.59
6.82	148.81
6.83	144.39
6.84	141.02
6.85	139.71
6.86	137.44
6.87	137.14
6.88	134.41
6.89	133.62
6.9	132.3
6.91	133.01
6.92	132.56
6.93	132.01
6.94	130.77
6.95	129.76
6.96	130.44
6.97	134.97
7.12	132.15
7.13	127.69
7.14	124.35
7.15	123.09
7.16	122.9
7.17	123.88
7.18	124.56
7.19	125.24
7.2	126.59
7.21	128.83
7.22	132.62
7.23	136.15
7.24	136.86
7.25	138
7.26	140.42
7.27	142.18
7.28	143.07
7.29	143.68
7.3	143.17
7.31	144.24
7.32	145.98
7.33	145.62
7.34	144.44
7.35	142.53
7.36	138.13
7.37	134.64
7.38	134.05
7.39	130.64
7.4	130.18
7.41	130.16
7.42	128.2
7.43	126.11
7.44	123.49
7.45	122.26
7.46	121.39
7.47	121.12
7.48	121.54
7.49	121.94
7.5	123.51
7.51	125.16
7.52	126.59
7.53	127.25
7.54	128.22
7.55	128.26
7.56	128.77
7.57	128.55
7.58	126.24
7.59	125.78
7.6	129.13
7.61	127.38
7.62	124.96
7.63	124.01
7.64	129.07
7.65	126.4
7.66	123.04
7.67	121.15
7.68	119
7.69	117.16
7.7	115.51
7.71	114.11
7.72	112.05
7.73	110.07
7.74	112.84
7.75	115.38
7.76	112.27
7.77	112.98
7.8	115.11
7.81	114.33
7.82	112
7.83	105.49
7.84	107.82
7.85	107.79
7.86	105.42
7.87	107.2
7.88	107.13
7.89	108.5
7.9	110.36
7.91	111.59
7.92	113.36
7.93	113.92
7.94	114.72
7.95	116.39
7.96	118.36
7.97	118.75
7.98	119.65
7.99	122.14
8	122.49
8.01	121.97
8.02	119.38
8.03	117.35
8.04	115.97
8.05	114.41
8.06	112.2
8.07	112.75
8.08	112
8.09	110.22
8.1	109.4
8.11	109.88
8.12	110.75
8.13	112.15
8.14	111.3
8.15	109.41
8.16	108.68
8.17	108.22
8.18	107.53
8.19	108.93
8.44	115.4
8.45	114.72
8.46	113.47
8.47	114.36
8.48	114.46
8.49	125.39
8.5	125.15
8.51	121.92
8.52	120.94
8.53	123.62
8.54	125.31
8.55	125.12
8.56	123.65
8.57	122.14
8.58	119.95
8.59	116.99
8.6	114.14
8.61	108.9
8.62	107.98
8.63	106.59
8.64	102.96
8.65	102.32
8.66	99.84
8.67	99.67
8.68	99.56
8.69	98.9
8.7	98.34
8.71	98.32
9.09	132.32
9.1	131.98
9.11	133.31
9.12	135.28
9.13	135.76
9.14	134.12
9.15	134.34
9.16	127.71
9.17	129.61
9.18	134.72
9.19	135.27
9.2	124.68
9.21	130.17
9.22	125.6
9.23	122.8
9.24	122.74
9.25	123.21
9.26	121.85
9.27	121.74
9.28	120.43
9.29	115.51
9.3	113.28
9.31	110.77
9.32	108.18
9.33	108.45
9.34	110.88
9.35	107.07
9.36	107.63
9.37	107.79
9.38	107.36
9.39	105.25
9.4	105.77
9.41	104.04
9.42	103.77
9.43	103.03
9.44	101.29
9.45	100.21
9.46	98.85
9.47	99.03
9.48	99.16
9.49	96.29
9.5	97.55
9.69	128.64
9.7	123.28
9.71	121.32
9.72	118.96
9.73	116.1
9.74	120.92
9.75	132.29
9.76	125.15
9.77	118.82
9.84	117.74
9.85	117.26
9.86	117.16
9.87	115.72
9.88	114.43
9.89	111.95
9.9	111.9
9.91	115.59
9.92	117.35
9.93	115.36
9.94	114.43
9.95	114.96
9.96	115.34
9.97	115.54
9.98	115.17
9.99	117.23
10	120.65
10.01	123.36
10.02	125.28
10.03	127.6
10.04	127.86
10.05	128.76
10.06	129.74
10.07	129.89
10.08	128.93
10.09	126.74
10.1	122.89
10.11	122.09
10.12	121.47
10.13	125.63
10.22	130.91
10.23	133.53
10.36	128.02
10.37	127.05
10.38	125.13
10.39	126.08
10.4	125.24
10.41	122.16
10.42	125.92
10.43	127.07
10.44	129.88
10.45	127.31
10.46	127.29
10.66	120.38
10.67	118.39
10.68	115.75
10.69	118.46
10.7	122.34
10.71	119.96
10.72	116.55
10.73	116.36
10.74	117.26
10.75	117.61
10.76	117.29
10.77	115.97
10.78	117.9
10.79	118.81
10.8	122.02
10.81	125.44
10.82	126.75
10.83	127.9
10.84	128.37
10.85	128.86
10.86	131.34
10.87	131.86
10.88	131.5
10.89	131.41
10.9	131.26
10.91	130.43
10.92	129.99
10.93	127.06
10.94	124.62
10.95	123.46
10.96	120.86
10.97	117.16
10.98	115.32
10.99	114.34
11	124.37
11.01	120.97
11.02	122.89
11.03	120.92
11.24	124.94
11.25	126.11
11.26	124.79
11.27	123.26
11.28	120.27
11.29	117.29
11.3	119.71
11.31	122.3
11.32	122.25
11.33	121.83
11.34	122.86
11.35	123.62
11.43	115.46
11.44	118.4
11.45	122.49
11.46	126.42
11.47	128.71
11.48	129.54
11.49	129.85
11.5	129.14
11.51	127.16
11.52	127.29
11.53	127.8
11.54	130.12
11.55	127.84
11.56	125.16
11.57	121.15
11.58	115.18
11.59	113.47
11.6	111.23
11.61	106.15
11.62	102.32
11.63	102.28
11.64	100.61
11.65	97.07
11.66	94.08
11.69	202.54
11.7	202.52
11.71	204.27
12.71	116.48
12.72	115.27
12.73	123.37
12.74	113.59
12.75	115.48
12.76	114.47
12.77	111.07
12.86	122.06
12.87	122.02
12.88	118.82
12.89	114.61
12.9	112.57
12.91	113.1
12.92	113.78
12.93	114.77
12.94	112.89
12.95	113.15
12.96	116.24
12.97	118.8
12.98	120.25
12.99	120.2
13	119.99
13.01	120.22
13.02	119.82
13.03	120.85
13.04	120.72
13.05	120.58
13.06	121.09
13.07	120.47
13.08	120.8
13.09	121.14
13.1	121.35
13.11	124.5
13.12	119.19
13.13	117.63
13.14	119.12
13.15	118.66
13.16	120.5
13.17	121.52
13.18	141.23
13.19	144.08
13.2	144.67
13.21	142.39
13.22	139.07
13.23	136.3
13.24	133.61
13.25	130.52
13.26	127.57
13.27	126.73
13.28	124.6
13.29	123.77
13.3	122.1
13.31	119.66
13.32	118.2
13.33	117.08
13.34	116.28
13.35	115.54
13.36	113.72
13.37	111.46
13.38	108.93
13.39	106.56
13.4	105.93
13.41	103.33
13.42	102.79
13.43	105.42
13.44	104.83
13.45	104.46
13.46	100.4
13.47	94.49
13.48	100.56
13.49	102.1
13.5	99.95
13.6	128.73
13.61	123.69
13.62	123.18
13.63	119.74
13.64	112.61
13.65	107.11
13.66	108.07
13.67	115.67
13.68	112.31
13.69	117.55
13.7	121.85
13.71	120.67
13.72	119.61
13.73	119.43
13.74	120.21
13.75	122.06
13.76	126.23
13.77	130.81
13.78	138.5
13.79	142.74
13.8	144.86
13.81	147.35
13.82	150.28
13.83	151.21
13.84	153.23
13.85	152.25
13.86	149.65
13.87	145.77
13.88	140.2
13.89	133.82
13.9	129.12
13.91	113.29
13.92	111.82
13.93	122.39
13.94	129.73
14.08	110.32
14.09	113.28
14.1	114
14.11	115.53
14.12	115.52
14.13	117.48
14.14	118.61
14.15	117.01
14.16	116.55
14.17	116.94
14.18	117.75
14.19	117.67
14.2	121.63
14.21	120.77
14.22	122.98
14.23	122.82
14.24	124.78
14.25	125.71
14.26	125.78
14.27	128.42
14.28	130.54
14.29	131.23
14.3	130.8
14.31	130.43
14.32	129.58
14.33	130.3
14.34	130.43
14.35	130.46
14.36	130.67
14.37	130.57
14.38	130.71
14.39	131.04
14.4	131.25
14.41	131.05
14.42	130.51
14.43	129.82
14.44	129.91
14.45	128.89
14.46	127.45
14.47	121.87
14.48	123.17
14.49	128.76
14.63	117.68
14.64	116.38
14.65	115.27
14.66	113.24
14.67	111.63
14.68	110.35
14.69	110.01
14.7	109.16
14.71	106.43
14.72	105.5
14.73	105.53
14.74	104.89
14.75	103.49
14.76	102.49
14.77	100.34
14.78	100.47
14.79	101.68
14.8	101.6
14.81	102.78
14.87	102.56
14.88	102.7
14.89	102.97
14.9	101.7
14.91	101.57
14.92	101.73
14.93	102.17
14.94	100.46
14.95	99.84
14.96	101.61
14.97	102.26
14.98	101.36
14.99	100.01
15	100.1
15.01	100
15.02	98.84
15.03	97.88
15.04	96
15.05	96.02
16.91	123.87
16.92	126.61
16.93	123.93
16.94	121.45
16.95	119.79
16.96	116.92
16.97	116.25
17.07	121.76
17.08	119.45
17.09	118.14
17.1	117.54
17.11	114.32
17.12	114.98
17.13	117.17
17.14	118.03
17.15	119.6
17.16	121.47
17.17	122.47
17.18	122.86
17.19	124.77
17.2	125.89
17.21	126.05
17.22	126.96
17.23	127.83
17.24	128.59
17.25	129.6
17.26	133.41
17.27	136.9
17.28	133.39
17.29	130.89
17.3	130.52
17.31	134.76
17.32	129.67
17.33	129.72
17.34	132.48
17.35	134.06
17.36	133.67
17.45	137.02
17.46	130.97
17.47	127.75
17.48	127.23
17.49	129.05
17.5	128.94
17.51	129.44
17.52	128.08
17.53	126.7
17.54	127.08
17.55	126.7
17.56	125.18
17.57	125.85
17.58	127.34
17.59	126.73
17.6	125.84
17.61	125.95
17.62	125.4
17.63	126.28
17.64	127.65
17.65	127.84
17.66	132.49
17.67	131.96
17.68	130.06
17.69	128.53
17.7	127.84
17.75	132.5
17.76	130.88
17.77	132.75
17.78	133.38
17.79	133.35
17.8	139.49
17.81	137.5
17.82	134.77
17.83	136.44
17.84	134.24
17.85	133.53
17.86	133.12
17.87	133.92
17.88	134.15
17.89	132.37
17.9	130.13
17.91	128.6
17.92	128.41
17.93	128.64
17.94	130.46
17.95	134.35
17.96	134.33
17.97	140.31
17.98	135.23
17.99	134.75
18	136.24
18.01	131.47
18.02	126.68
18.03	122.85
18.04	120.48
18.05	118.18
18.06	117.69
18.07	118.76
18.08	118.61
18.09	118.77
18.1	118.44
18.11	117.96
18.12	117.24
18.13	115.92
18.14	115.37
18.15	114.73
18.16	114.78
18.17	112.55
18.18	113.1
18.19	114.64
18.2	116.6
18.21	116.49
18.22	114.73
18.23	113.91
18.24	113.34
18.25	111.39
18.26	111.45
18.27	110.62
18.28	108.88
18.29	111.61
18.3	112.46
18.31	112.05
18.32	111.39
18.33	110.74
18.34	110.25
18.35	109.52
18.36	109.85
18.37	110.02
18.38	110.34
18.39	109.93
18.4	111.29
18.41	112.41
18.42	114.2
18.43	114.89
18.44	116.04
18.45	116.89
18.46	116.42
18.47	115.63
18.48	115.31
