time	f0
0.22	244.43
0.23	234.1
0.24	237.35
0.25	224.52
0.26	227.39
0.27	227.36
0.28	228.68
0.29	224.01
0.3	222.27
0.31	216.1
0.32	213.93
0.33	204.53
0.34	214.17
0.35	219.12
0.36	222.83
0.41	235.03
0.42	241.92
0.43	242.04
0.44	242.53
0.45	239.55
0.46	238.46
0.47	229.61
0.48	228.68
0.49	227.55
0.5	236.3
0.51	233.1
0.52	233
0.53	236
0.57	270.47
0.58	253.05
0.59	241.06
0.6	236.35
0.61	238.51
0.62	238.72
0.63	235.43
0.64	235.19
0.65	232.73
0.66	236.24
0.67	242.19
0.68	239.22
0.69	240.4
0.7	239.69
0.71	236.42
0.72	233.5
0.73	233.87
0.74	230.29
0.75	228.23
0.76	229.03
0.77	221.03
0.78	218.74
0.79	229.51
0.8	231.82
0.81	227.7
0.82	239.8
0.83	229.42
0.84	215.95
0.89	231.14
0.9	221.19
0.91	220.29
0.92	217.31
0.93	218.79
0.94	217.19
0.95	216.21
0.96	213.81
0.97	213.79
0.98	212.19
0.99	213.93
1	212.51
1.01	211.51
1.02	211.73
1.03	210.76
1.04	208.81
1.05	209.55
1.06	210.27
1.07	209.46
1.08	209.1
1.09	209.47
1.1	206.73
1.11	207.39
1.12	208.24
1.13	205.96
1.14	207.67
1.15	209
1.16	208.52
1.17	206.84
1.18	206.68
1.19	207.39
1.2	201.95
1.21	202.18
1.22	201.03
1.23	200.34
1.24	203.46
1.25	202.61
1.26	200.91
1.81	215.79
1.82	220.34
1.83	223.01
1.84	223.41
1.85	225.13
1.86	223.86
1.87	220.42
1.88	222.05
1.89	221.96
1.9	219.2
1.91	217.51
1.92	213.05
1.93	214.13
1.94	207.47
1.95	212.52
1.96	218.58
1.97	213.4
1.98	222.86
1.99	230.33
2	230.98
2.01	203.48
2.04	274.53
2.05	269.83
2.06	264.72
2.07	263.05
2.08	256.91
2.09	247.43
2.1	240.52
2.11	235.32
2.12	232.55
2.13	229.14
2.14	224.81
2.15	223.47
2.16	226.1
2.17	225.11
2.18	223.31
2.19	209.06
2.2	232.68
2.21	230.47
2.22	232.16
2.23	229.3
2.24	246.69
2.25	230.72
2.26	247.63
2.27	253.72
2.28	232.14
2.29	227.5
2.3	224.29
2.31	222.02
2.32	221.92
2.33	221.35
2.34	218.49
2.35	220.79
2.36	219.87
2.37	219.92
2.38	218.34
2.39	217.43
2.4	219.94
2.41	218.5
2.42	221.65
2.43	218.89
2.44	216
2.45	215.22
2.46	214.74
2.5	226.43
2.51	222.27
2.52	217.62
2.53	217.51
2.54	218.29
2.55	216.1
2.56	217.42
2.57	217.73
2.58	216.86
2.59	220.63
2.6	215.52
2.61	215.71
2.62	213.88
2.63	214.11
2.64	213.34
2.65	211.18
2.66	216.41
2.67	220.25
2.68	224.65
2.69	229.02
2.7	226.56
2.71	225.2
2.72	224.37
2.73	225.01
2.74	221.96
2.75	222.43
2.76	224.09
2.77	223.11
2.78	224.54
2.79	221.79
2.8	211.89
2.81	218.19
2.82	220.34
2.83	214.03
2.84	213.24
2.85	217.68
2.86	220.08
2.87	214
2.88	212.17
2.89	210.47
2.9	208.69
2.91	208.37
2.92	208.86
2.93	208.66
2.94	208.39
2.95	210.11
2.96	211.91
2.97	209.7
2.98	211.99
2.99	211.36
3	208.89
3.01	218.01
3.02	214.4
3.03	211.34
3.04	214.29
3.05	212.88
3.06	209.89
3.07	268.01
3.08	255.3
3.09	248.94
3.1	243.23
3.11	239.63
3.12	234.3
3.13	230.86
3.14	229.34
3.15	226.79
3.16	219.95
3.17	218.73
3.18	215.18
3.19	229.32
3.2	231.7
3.21	232.24
3.22	230.6
3.23	231.74
3.24	225.26
3.25	232.41
3.26	245.18
3.27	233.29
3.28	224.64
3.29	220.65
3.3	219.46
3.31	217.8
3.32	218.54
3.33	218.1
3.34	219.88
3.35	219.52
3.36	218.56
3.37	215.5
3.38	215.79
3.39	212.53
3.4	212.52
3.41	211.92
3.42	210.31
3.43	211.15
3.44	208.78
3.45	209.3
3.46	208.49
3.47	210.07
3.48	206.48
3.49	208.85
3.5	214.51
3.51	213.71
3.52	221.08
3.53	213.47
3.54	207.36
3.55	221.03
3.56	216.72
3.57	219.29
3.58	244.51
3.59	220.17
3.6	207.86
3.61	208.01
3.62	207
3.63	203.7
3.64	206.76
3.65	202.93
3.66	202.16
3.67	204.08
3.68	208.86
3.69	204.73
3.7	203.43
3.71	201.68
3.72	202.42
3.73	203.39
3.74	203.72
3.75	203.99
3.76	203.71
3.77	202.97
3.78	200.71
3.79	202.35
3.8	199.81
3.81	203.95
3.82	204.85
3.83	216.14
3.84	217.34
3.85	214.07
3.86	213.61
3.87	215
3.88	214.11
3.89	212.62
3.9	211.99
3.91	213.09
3.92	210.94
3.93	210.25
3.94	210.18
3.95	206.71
3.96	212.46
3.97	211.06
3.98	206.28
3.99	207.3
4	213.94
4.01	210.28
4.02	204.53
4.03	201.22
4.04	199.29
4.05	198.39
4.06	197.29
4.07	197.43
4.08	195.9
4.09	194.58
4.1	195.54
4.11	194.78
4.12	197.54
4.13	194.61
4.14	199.67
4.15	198.88
4.16	205.91
4.17	207.44
4.18	209.24
4.19	212.34
4.2	214.25
4.21	213.91
4.22	216.16
4.23	216.17
4.24	215.86
4.25	217.04
4.26	213.28
4.27	210.41
4.28	208.64
4.29	204.53
4.3	199.22
4.31	202.56
4.32	201.1
4.33	205.04
4.34	206.55
4.35	204.87
4.36	208.23
4.37	214.19
4.38	212.7
4.39	198.87
4.4	202.34
4.41	203.25
4.47	255.79
4.48	238.76
4.49	231.63
4.5	225.62
4.51	223.4
4.52	221.95
4.53	221.28
4.54	219.61
4.55	219.24
4.56	219.05
4.57	218.86
4.58	217.48
4.59	217.5
4.6	218.65
4.61	218.46
4.62	218.29
4.63	218.83
4.64	225.34
4.65	220.37
4.66	221.32
4.67	217.98
4.68	223.33
4.69	235.26
4.7	226.74
4.71	232.36
4.72	213.44
4.73	217.79
4.74	208.83
4.75	206.23
4.76	212.97
4.77	219.15
4.83	202.3
4.84	195.55
4.85	191.73
4.86	193.12
4.87	195.98
4.88	193.89
4.89	194.89
4.9	196.5
4.91	197.26
4.92	194.16
4.93	190.54
4.97	229.72
4.98	231.11
4.99	229.92
5	232.16
5.01	233.97
5.02	228.87
5.03	229.78
5.04	227.93
5.05	227.11
5.06	227.02
5.07	225.62
5.08	226.91
5.09	226.73
5.1	226.23
5.11	225.27
5.12	225.11
5.13	223.57
5.14	219.82
5.15	218.52
5.16	219.14
5.17	220.45
5.18	217.05
5.19	213.81
5.2	213.34
5.21	203.45
5.22	222.17
5.23	221.3
5.24	214.24
5.25	210.59
5.26	213.47
5.27	210.92
5.28	206.58
5.29	208.5
5.3	206.79
5.31	207.54
5.32	206.67
5.33	207.27
5.34	209.09
5.35	206.91
5.36	205.48
5.37	204.61
5.38	203.7
5.39	201.57
5.4	202.66
5.41	202.12
5.42	203.5
5.43	204.2
5.44	203.88
5.45	202.82
5.46	203.77
5.47	203.25
5.92	204.99
5.93	202.25
5.94	202.2
5.95	201.18
5.96	200.82
5.97	201.36
5.98	201.03
5.99	202.01
6	202.12
6.01	201.4
6.02	200.66
6.03	201.83
6.04	203.04
6.05	204.87
6.06	200.7
6.07	218.35
6.08	217.72
6.09	217.14
6.1	214.55
6.11	213.71
6.12	208.74
6.13	208.17
6.14	210.6
6.15	210.45
6.16	208.96
6.17	200.79
6.18	200.74
6.19	202.63
6.2	201.35
6.21	203.21
6.22	195.37
6.23	199.77
6.24	191.01
6.25	197.47
6.26	198.84
6.27	197.45
6.28	197.06
6.29	200.85
6.3	198.1
6.31	202.47
6.32	202.59
6.33	205.3
6.34	206.99
6.35	204.85
6.36	206.41
6.37	204.93
6.38	203.17
6.39	202.73
6.4	200.94
6.41	201.56
6.42	202.12
6.43	201.14
6.44	201.45
6.45	201.32
6.46	200.64
6.47	201.66
6.48	200.8
6.49	202.45
6.5	202.02
6.51	203.41
6.52	199.24
6.53	201.14
6.54	195.57
6.55	201.41
6.56	209.92
6.57	199.49
6.58	194.99
6.59	194.74
6.6	202.73
6.61	194.42
6.62	202.94
6.82	208
6.83	197.59
6.84	219.4
6.93	208.67
6.94	194.91
6.95	204.39
6.96	201.44
6.97	197.13
6.98	195.86
6.99	190.81
7	198.4
7.01	198.64
7.02	192.4
7.03	196.86
7.04	195.9
7.05	195.37
7.06	197.51
7.07	194.09
7.08	202.55
7.09	198.5
7.1	198.41
7.11	197.55
7.12	194.68
7.13	202.43
7.14	195.41
7.15	202.95
7.16	195.88
7.17	193.71
7.25	228.43
7.26	229.24
7.27	227.02
7.28	224.02
7.29	221.32
7.3	218.98
7.31	219.78
7.32	216.77
7.33	211.14
7.34	210.76
7.35	209.7
7.36	206.6
7.37	209.38
7.38	206.72
7.39	208.84
7.4	210.18
7.41	212.69
7.42	209.3
7.43	206.7
7.44	206.87
7.45	204.18
7.46	204.37
7.47	202.58
7.48	201.96
7.49	198.9
7.5	202.75
7.51	197.83
7.52	203.75
7.53	201.85
7.54	195.16
7.55	202.44
7.56	205.96
7.57	202.32
7.58	203.39
7.59	204.71
7.6	206.71
7.61	197.65
7.72	207.55
7.73	203.75
7.74	199.34
7.75	199.27
7.76	197.54
7.77	192.97
7.78	193.95
7.79	189.36
7.8	186.16
7.81	182.28
7.82	178.48
7.83	179.02
7.84	186.57
7.85	193.67
7.86	190.76
7.87	193.83
7.88	191.81
7.89	190.07
7.9	179.31
7.91	188.98
7.92	187.8
7.93	189.79
7.94	186.66
7.95	184.07
7.96	174.41
7.97	188.92
7.98	185.44
7.99	190.06
8	179.17
8.01	183.9
8.02	187.6
8.03	186.05
8.04	188.21
8.05	187.76
8.06	187.29
8.07	188.45
8.08	192.87
8.09	193.1
8.1	191.34
8.11	190.28
8.12	186.16
8.13	185.4
8.14	189.63
8.15	192.48
8.21	212.81
8.22	212.35
8.23	209.05
8.24	206.57
8.25	204.39
8.26	203.56
8.27	204.54
8.28	202.33
8.29	200.61
8.3	199.58
8.31	197.79
8.32	204.03
8.33	206.06
8.34	205.94
8.35	201.21
8.36	201.85
8.37	199.31
8.38	200.72
8.39	202.51
8.4	202.93
8.41	199.85
8.42	203.55
8.43	197.98
8.44	206.28
8.45	203.83
8.46	202.29
8.47	204.58
8.48	201.9
8.49	201.65
8.5	199.95
8.51	202.15
8.52	199.38
8.53	200.73
8.54	199.04
8.55	198.35
8.56	198.84
8.57	198.33
8.58	202.77
8.59	200.39
8.6	202.32
8.61	197.87
8.62	202.18
8.63	208.28
8.72	217.33
8.73	215.05
8.74	214.02
8.75	213
8.76	212.08
8.77	210.52
8.78	209.37
8.79	208.03
8.8	205.48
8.81	204.99
8.82	204.91
8.83	203.77
8.84	202.68
8.85	202.59
8.86	201.22
8.87	197.55
8.88	198.07
8.89	196.37
8.9	198.39
8.91	197.96
8.92	194.67
8.93	196.53
8.94	197.32
8.95	203.14
8.96	210.44
8.97	203.36
8.98	194.96
8.99	160.08
9.03	209.45
9.04	208.81
9.05	207.07
9.06	206.02
9.07	202.82
9.08	202.21
9.09	202.13
9.1	200.17
9.11	198.27
9.12	194.3
9.13	195.28
9.14	197.29
9.15	196.63
9.16	191.95
9.17	198.06
9.18	200.83
9.19	199.46
9.21	196.96
9.26	211.51
9.27	208.58
9.28	209.86
9.29	208.96
9.3	206.25
9.31	204.78
9.32	202.75
9.33	201.09
9.34	199.93
9.35	196.76
9.36	200.27
9.37	199
9.38	198.52
9.39	199.39
9.4	200.22
9.41	194.36
9.42	194.63
9.43	196.95
9.44	192.12
9.45	197.75
9.46	202.73
9.47	196.79
9.51	209.67
9.52	206.56
9.53	204.29
9.54	201.48
9.55	200.39
9.56	198.04
9.57	192.75
9.58	192.68
9.59	191.67
9.6	192.21
9.61	194.96
9.62	192.14
9.63	191.07
9.64	190.31
9.65	194.54
9.66	197.97
9.67	191.17
9.68	189.58
9.69	196.19
9.7	197.51
9.71	195.75
9.72	195.4
9.73	196.38
9.74	200.96
9.75	196.98
9.76	196.7
9.77	201.15
9.78	201.2
9.79	201.65
9.8	205.33
9.81	205.14
9.82	205.69
9.83	206.98
9.84	209.25
9.85	208.79
9.86	207.87
9.87	207.91
9.88	209.58
9.89	206.52
9.9	203.9
9.91	202.89
9.92	211.96
9.93	179.88
9.94	194.19
9.95	201.36
10.17	232.86
10.18	231.43
10.19	226.03
10.2	221
10.21	220.84
10.22	219.61
10.23	217.11
10.24	214.41
10.25	214.94
10.26	216.78
10.27	213.08
10.28	215.15
10.29	216.7
10.3	212.86
10.31	217.7
10.32	220.9
10.33	215.56
10.34	218.24
10.35	214.14
10.36	219.77
10.37	221.22
10.38	224.07
10.39	219.27
10.4	219.02
10.41	220.93
10.42	217.1
10.43	213.37
10.44	222.05
10.45	199.11
10.46	223.9
10.47	211.6
10.48	196.16
10.49	199.05
10.5	194.85
10.51	193.35
10.52	196.12
10.53	194.54
10.54	194.98
10.55	194.32
10.56	195.11
10.57	196.99
10.58	198.9
10.59	200.22
10.6	202.71
10.61	202.46
10.62	204.19
10.63	205.7
10.64	205.29
10.65	198.25
10.66	198.9
10.67	202.16
10.68	203.84
10.69	194.14
10.7	197.25
10.71	199.64
10.72	198.89
10.73	218.9
10.74	216.5
10.75	207.65
10.76	200.7
10.77	197.81
10.78	194.21
10.79	191.71
10.8	192.73
10.81	193.68
10.82	191.71
10.83	191.26
10.84	196.22
10.85	196.34
10.86	198.83
10.87	198.8
10.88	200.49
10.89	200.85
10.9	192.48
10.91	192.25
10.92	196.53
10.93	198.83
10.94	187.34
10.95	197.12
10.96	204.88
10.97	208.17
10.98	261.76
10.99	255.68
11	250.48
11.01	243.49
11.02	243.98
11.03	240.16
11.04	237.08
11.05	237.52
11.06	234.51
11.07	232.62
11.08	229.66
11.09	225.98
11.1	222.57
11.11	217.97
11.12	215.95
11.13	209.94
11.14	207.27
11.15	204.12
11.16	200.07
11.17	204.72
11.18	197.07
11.19	198.85
11.2	197.61
11.21	198.75
11.22	187.22
11.23	201.26
11.24	196.07
11.25	201.51
11.26	202.84
11.27	204.86
11.32	222.19
11.33	209.04
11.34	220.47
11.35	214.68
11.36	213.08
11.37	210.79
11.38	201.61
11.39	205.04
11.4	205.61
11.41	203.1
11.42	202.35
11.43	201.73
11.44	200.79
11.45	201.15
11.49	206.52
11.5	202.45
11.51	219.24
11.52	223.87
11.53	210.51
11.54	212.39
11.55	206.03
11.56	203.98
11.57	198.43
11.58	195.42
11.59	188.24
11.6	189.6
11.61	182.91
11.62	186.19
11.63	185.97
11.66	198.67
11.67	190.03
11.68	188.67
11.69	185.36
11.7	200.51
12.24	204.07
12.25	202.85
12.26	200.11
12.27	199.64
12.28	200.23
12.29	201.56
12.3	201.9
12.31	204.09
12.32	205.1
12.33	206.22
12.34	208.24
12.35	210.65
12.36	210.46
12.37	209.92
12.38	206.66
12.39	205.53
12.4	198.23
12.41	204
12.42	207.63
12.43	203.45
12.44	203.35
12.45	200.29
12.46	240.31
12.47	237.25
12.48	235.12
12.49	234.38
12.5	231.49
12.51	226.53
12.52	221.7
12.53	222.81
12.54	217.6
12.55	216.76
12.56	218.95
12.57	211.37
12.58	210.68
12.59	206.82
12.6	206.19
12.61	202.96
12.62	202.72
12.63	200.54
12.64	201.71
12.65	201.62
12.66	200.03
12.67	198.6
12.68	199.5
12.69	200.15
12.7	200.64
12.71	200.9
12.72	202.57
12.73	201.31
12.74	201.14
12.75	201.6
12.76	200.04
12.77	202.16
12.78	201.41
12.79	200.98
12.8	201.55
12.81	201.46
12.82	202.43
12.83	201.09
12.84	202.16
12.85	202.03
12.86	203.81
12.87	200.98
12.88	200.2
12.89	200.26
12.9	199.06
12.91	199.86
12.92	193.26
12.93	199.59
12.94	201.12
12.95	204.76
12.96	202.27
12.97	212.83
12.98	203.69
12.99	199.6
13	202.61
13.02	190.5
13.03	195.41
13.1	192.34
13.11	211.06
13.12	220.06
13.13	223.75
13.14	220.13
13.15	220.12
13.16	214.18
13.17	211.8
13.18	210.32
13.19	207.44
