time	f0
0.506	117.28
0.516	115.6
0.526	116.21
0.536	114.36
0.546	111.15
0.556	111.77
0.566	110.01
0.576	108.28
0.586	107.52
0.596	106.79
0.606	104.75
0.616	103.22
0.626	102.62
0.636	102.47
0.646	102.36
0.656	102.27
0.666	102.74
0.676	100.77
0.686	100.02
0.696	99.84
0.706	100.84
0.716	101.62
0.726	102.45
0.736	103.75
0.746	104.25
0.756	103.91
0.766	102.91
0.776	100.69
0.786	100.15
0.796	100.28
0.806	101.17
0.816	100.15
0.826	100.41
0.836	100.61
0.846	99.2
0.856	98.31
0.866	97.32
0.876	95.7
0.886	86.9
0.896	108.71
0.906	107.31
0.916	107.02
0.926	107.28
0.936	107.14
0.946	106.82
0.956	106.26
0.966	105.95
0.976	105.68
0.986	105.04
0.996	104.54
1.006	103.7
1.016	103.01
1.026	102.87
1.036	102.51
1.046	102.01
1.056	99.98
1.066	98.44
1.076	98.58
1.086	98.03
1.096	97.81
1.106	98.02
1.116	69.61
1.136	72.29
1.146	71.15
1.156	87.06
1.166	88.98
1.176	85.59
1.186	85.29
1.196	85.04
1.206	84.3
1.216	84.4
1.226	84.15
1.236	84.53
1.246	85.98
1.256	86.51
1.266	86.86
1.276	86.73
1.286	85.63
1.296	85.25
1.306	85.24
1.316	84.62
1.326	84.03
1.336	84.73
1.346	84.84
1.356	83.98
1.366	103.16
1.376	105
1.386	104.99
1.396	105.76
1.406	106.17
1.416	107.8
1.426	109.83
1.436	110.49
1.446	111.1
1.456	117.79
1.466	119.44
1.476	120.83
1.486	121.97
1.496	121.69
1.506	119.92
1.516	118.69
1.526	117.74
1.536	115.97
1.546	115.83
1.556	115.87
1.566	116.07
1.576	118.63
1.586	117
1.596	116.85
1.606	116.4
1.616	115.46
1.626	114.2
1.636	116.9
1.646	114.55
1.656	114.4
1.666	115.02
1.676	116.76
1.686	116.9
1.696	117.43
1.746	130.35
1.756	127.09
1.766	123.85
1.776	121.35
1.786	118.93
1.796	117.64
1.806	114.99
1.816	112.71
1.826	113.53
2.036	107.62
2.046	107.12
2.056	106.97
2.066	107.34
2.076	107.39
2.086	107.09
2.096	106.4
2.106	106.98
2.116	107.11
2.126	108.01
2.136	106.23
2.146	106.19
2.156	108.5
2.166	108.28
2.176	104.74
2.276	80.03
2.286	80.87
2.296	80.5
2.306	102.88
2.316	102.72
2.326	100.3
2.336	98.28
2.456	94.22
2.466	93.31
2.476	91.95
2.486	91.53
2.496	92.19
2.506	91.28
2.516	90.93
2.596	94.76
2.606	94.12
2.616	93.2
2.626	92.65
2.636	92.87
2.656	109.04
2.666	106.97
2.676	107.34
2.686	107.77
2.696	107.62
2.706	107.26
2.716	107.62
2.726	109.36
2.736	110.7
2.746	112.33
2.756	113.04
2.766	112.61
2.776	111.6
2.786	112.85
2.796	116.13
2.806	117.48
2.816	116.67
2.826	115.39
2.836	112.37
2.846	106.9
2.856	101.18
2.866	99.66
2.876	97.06
2.886	94.88
2.896	96.72
2.936	95.97
2.946	98.82
2.956	98.46
2.966	98.09
2.976	94.95
2.986	95.58
2.996	96.55
3.006	97.08
3.016	98.36
3.026	99.77
3.036	99.73
3.046	99.95
3.056	99.25
3.066	98.88
3.076	99.19
3.086	99.57
3.096	99.39
3.196	95.85
3.206	96.23
3.216	95.46
3.226	94.19
3.236	93.69
3.246	93.86
3.256	93.72
3.266	93.3
3.276	92.36
3.286	91.35
3.296	84.89
3.306	85.87
3.316	84.99
3.326	84.97
3.336	84.14
3.346	83.14
3.356	84.01
3.366	83.33
3.456	96.82
3.466	98.6
3.476	99.68
3.486	100.28
3.496	100.49
3.506	101.5
3.516	102.9
3.526	103.85
3.536	104.27
3.546	104.03
3.556	104.62
3.566	105.27
3.576	105.87
3.586	106.28
3.596	106.96
3.606	107.38
3.616	108.33
3.626	109.56
3.636	111.23
3.646	112.5
3.656	113.25
3.666	115.82
3.676	117.01
3.686	117.33
3.696	116.39
3.706	115.72
3.716	115.23
3.726	114.76
3.736	115.08
3.746	115.06
3.756	114.93
3.766	115.18
3.776	116.3
3.786	116.4
4.096	97.9
4.106	97.26
4.116	96.72
4.126	95.87
4.136	95.65
4.146	94.96
4.156	94.17
4.166	93.47
4.176	92.65
4.186	91.6
4.196	91.07
4.236	84.73
4.246	84.76
4.256	83.16
4.266	82.58
4.276	82.86
4.286	83.01
4.296	92.87
4.306	92.98
4.316	82.5
4.606	92.85
4.616	93.59
4.626	93.25
4.636	91.58
4.646	89.88
4.656	89.56
4.666	89.3
4.676	86.57
4.686	84.04
4.696	83.98
4.706	85
4.716	86.35
4.776	170.64
4.786	170.8
4.796	167.84
5.066	86.63
5.076	86.75
5.086	74.91
5.096	74.23
5.246	85.55
5.256	87.3
5.266	88.03
5.276	89.48
5.286	90.15
5.296	88.46
5.386	106.92
5.396	105.45
5.406	106.16
5.416	106.22
5.426	106.93
5.436	106.4
5.446	105.71
5.456	105.63
5.466	104.39
5.476	103.94
5.486	103.12
5.496	101.51
5.506	100.7
5.516	100.14
5.526	101.9
5.536	97.47
5.546	94.21
5.556	94.26
5.566	93.08
5.576	89.08
5.586	89.33
5.596	90.82
5.606	91.29
5.616	91.26
5.626	90.65
5.636	87.86
5.646	88.96
5.656	86.37
5.666	87.77
5.676	88.08
5.686	86.86
5.696	86.87
5.706	85.68
5.716	84.71
5.776	84.17
5.786	85.05
5.826	117.43
5.836	113.75
5.846	115.23
5.856	117.14
5.866	117.59
5.876	116.73
5.886	114.59
5.896	113.71
5.906	114.81
5.916	114.98
5.926	115.35
5.936	116.47
5.946	117.1
5.956	117.57
5.966	118.12
5.976	118.73
5.986	119.06
5.996	119.99
6.006	121.49
6.016	122.29
6.026	122.03
6.036	120.22
6.046	118.85
6.056	118.53
6.066	117.77
6.076	116.66
6.086	116.22
6.096	116.72
6.106	116.12
6.116	115.85
6.126	115.81
6.136	116.3
6.146	115.86
6.156	117.28
6.166	118.29
6.176	120.47
6.186	71.26
6.196	77.03
6.206	79.23
6.216	77.04
6.226	75.64
6.236	72.81
6.246	73.21
6.256	73.54
6.266	83.36
6.276	85.6
6.286	89.76
6.296	85.54
6.306	85.1
6.316	87.28
6.326	87.54
6.396	168.93
6.406	178.15
6.416	178.96
6.516	102.75
6.526	104.13
6.536	105.82
6.546	108.05
6.556	108.87
6.566	108.69
6.576	108.09
6.586	108.36
6.596	108.5
6.606	109.14
6.616	116.34
6.626	120.98
6.636	121.05
6.646	120.6
6.656	118.24
6.666	112.5
6.676	116.05
6.686	117.64
6.696	113.89
6.706	114.07
6.716	112.31
6.726	116.01
6.736	118.65
6.746	115.79
7.546	95.76
7.556	95.95
7.566	96.74
7.576	94.42
7.586	91.74
7.596	91.39
7.606	91.08
7.616	90.86
7.626	90.57
7.636	90.32
7.646	89.85
7.656	87.39
7.666	88.78
7.676	90.06
7.686	91.38
7.696	92.85
7.706	92.47
7.716	90.9
7.726	90.63
7.736	90.71
7.746	90.16
7.756	88.17
7.766	87.77
7.776	88.3
7.786	90.47
7.836	107.07
7.846	107.08
7.856	107.23
7.866	107.41
7.876	106.84
7.886	106.37
8.066	86.73
8.076	87.77
8.086	77.31
8.096	77.16
8.106	75.37
8.116	76.82
9.106	81.32
9.116	82.52
9.126	86.13
9.136	88.21
9.146	90.36
9.156	98.04
9.166	97.04
9.176	96.31
9.186	96.3
9.196	95.72
9.206	95.35
9.216	96.95
9.226	96.94
9.236	96.47
9.246	100.4
9.256	97.43
9.266	95.48
9.276	93.96
9.286	92.08
9.296	90.13
9.306	88.53
9.316	86.44
9.326	85.11
9.336	85.23
9.346	86.56
9.356	86.87
9.366	87.26
9.376	87.78
9.386	87.49
9.396	88.24
9.406	88.82
9.416	88.36
9.426	87.61
9.436	87.48
9.446	88.05
9.496	85.94
9.506	85.4
9.516	85.41
9.526	85.27
9.536	85.41
9.546	85.89
9.556	87.24
9.566	87.67
9.576	87.95
9.586	88.28
9.596	87.2
9.606	86.1
9.616	85.09
9.626	84.25
9.636	82.57
9.646	84.47
9.656	85.76
9.696	105.98
9.706	106.98
9.716	107.59
9.726	107.75
9.736	107.98
9.746	107.64
9.756	106.96
9.766	106.1
9.886	105.6
9.896	108.22
9.906	109.86
9.916	109.87
9.926	111.38
9.936	87.84
9.946	87.19
9.956	87.5
9.996	97.05
10.006	99.4
10.016	100.01
10.026	98.83
10.036	95.84
10.046	93.47
10.056	92.68
10.066	93.16
10.076	94.17
10.086	95.94
10.286	103.72
10.296	104.56
10.306	108.93
10.316	109.97
10.326	110.97
10.336	113.55
10.346	116.78
10.356	114.31
10.366	112.93
10.376	111.75
10.386	111.66
10.396	119.35
10.406	114.53
10.416	112.74
10.426	108.22
10.526	118.27
10.536	120.52
10.546	121.01
10.556	120.71
10.566	120.97
10.576	120.02
10.586	120.99
10.596	121.29
10.606	94.94
10.616	95.68
10.626	96.1
10.636	119.43
10.646	121.76
10.656	100.99
10.666	102.01
10.676	103.44
10.686	103.28
10.696	103.71
10.706	104.02
10.716	103.42
10.726	103.06
10.736	102.37
10.746	101.72
10.756	101.06
10.766	97.85
10.776	96.81
10.786	95.06
10.796	94.2
10.866	90.67
10.876	88.97
10.886	89.25
10.896	90.83
10.906	88.35
10.916	85.51
10.926	85.1
10.936	85.73
10.946	86.39
10.956	86.42
10.966	86.21
10.976	86.95
10.986	87.87
10.996	85.29
11.006	84.49
11.016	86.11
11.026	86.44
11.036	86.65
11.046	85.05
11.056	83.75
11.066	82.79
11.076	83.04
11.086	81.6
11.096	91.69
11.106	93.51
11.116	94.08
11.126	93.92
11.136	92.7
11.146	89.04
11.156	92.62
11.166	94.62
11.176	93.71
11.186	93.46
11.196	93.63
11.316	72.09
11.326	71.91
11.336	72.05
11.346	70.23
11.356	88.23
11.366	88.98
11.376	88.62
11.386	88.47
11.396	88.78
11.406	90.16
11.416	90.34
11.426	93.18
11.436	91.6
11.446	93
11.456	95.57
11.466	98.26
11.476	100.07
11.486	101.58
11.496	102.72
11.506	106.9
11.516	103.58
11.526	98.31
11.536	99.02
11.546	99.83
11.556	103.14
11.566	105.44
11.576	105.27
11.586	104.22
11.676	103.46
11.686	103.55
11.696	103.1
11.706	102.85
11.716	100.14
11.726	100.15
11.736	98.99
11.746	98.38
11.756	98.26
11.766	95.99
11.816	139.21
11.826	146.25
11.836	151.29
11.956	92.96
11.966	92.47
11.976	92.25
11.986	92.04
11.996	91.52
12.006	91.72
12.016	91.92
12.026	92.23
12.036	92.16
12.046	90.52
12.056	89.29
12.066	91.75
12.076	92.06
12.086	90.97
12.096	89.17
12.106	86.6
12.116	85.58
12.126	85.58
12.136	86.29
12.146	87.38
12.156	85.01
12.216	93.44
12.226	92.15
12.236	91.33
12.246	91.51
12.256	92.24
12.266	92.51
12.276	92.59
12.286	93.27
12.296	93.63
12.306	94.14
12.316	95.13
12.326	96.34
12.336	97.9
12.346	97.77
12.356	97.32
12.366	97.73
12.376	98.87
12.386	99.51
12.396	100.28
12.406	100.91
12.416	103.64
12.426	107.08
12.436	104.78
12.446	109.22
12.456	110.54
12.466	111.76
12.476	112.42
12.486	113.31
12.496	111.97
12.506	110.8
12.516	106.69
12.526	105.88
12.536	107.4
12.546	104.72
12.556	104.99
13.316	92.06
13.326	91.48
13.336	90.88
13.346	89.28
13.356	88.58
13.476	106.46
13.486	111.29
13.496	114.82
13.506	118.13
13.516	118.89
13.526	121.83
13.536	123.96
13.546	124.74
13.556	125.75
13.566	124.3
13.576	122.52
13.586	128.29
13.596	126.87
13.606	126.19
13.616	125.38
13.626	123.2
13.636	118.58
13.646	122.97
13.656	126.66
13.666	124.75
13.676	125.57
13.686	127.21
13.696	127.9
13.706	126.21
13.716	123.97
13.726	122.19
13.736	121.02
13.746	120.32
13.756	119.93
13.766	119.46
13.776	119.81
13.786	120.73
13.796	120.46
13.806	119.87
13.816	119.56
13.826	124.75
13.836	124.9
13.846	120.91
13.856	120.74
13.866	118.98
13.876	118.17
13.886	116.93
13.896	115.04
13.906	114.71
13.916	114.74
13.926	114.68
13.936	114.06
13.946	113.28
13.956	112.06
13.966	111.35
13.976	110.36
13.986	109.91
13.996	108.61
14.006	108.06
14.016	107.81
14.146	90.1
14.156	89.4
14.166	88.44
14.176	86.54
14.186	82.45
14.196	81.67
14.206	79.83
14.216	73.61
14.446	116.08
14.456	112.36
14.466	111.53
14.476	108.95
14.486	108.82
14.496	106.08
14.506	106.87
14.516	106.68
14.526	103.04
14.536	101.21
14.546	106.25
14.556	113.15
14.566	117.43
14.576	120.07
14.606	86.77
14.616	87.26
14.626	87.37
14.636	87.88
14.646	90.9
14.656	95.21
14.666	97.32
14.676	99.24
14.686	100.62
14.696	102.37
14.706	104.27
14.716	108.19
14.726	109.04
14.736	110.2
14.746	110.94
14.756	113.36
14.766	117.27
14.776	118.46
14.786	119.22
14.796	125.77
14.806	125.52
14.816	86.57
14.826	86.38
14.836	84.83
14.846	81.24
14.856	79.28
14.866	112.33
14.876	115.29
14.886	115.57
14.896	118.99
14.906	115.27
14.916	113.88
14.926	71.85
14.936	71.76
16.116	92.35
16.126	92.46
16.136	89.38
16.146	86.4
16.156	86.38
16.166	86.04
16.176	85.88
16.186	86.96
16.196	87.07
16.206	86.57
16.216	87.3
16.226	87.62
16.236	86.96
16.246	85.49
16.256	83.77
16.266	82
16.276	81.5
16.286	81.66
16.296	82.05
16.306	79.32
16.316	78.03
16.326	80.54
16.336	81.03
16.346	79.87
16.356	79.91
16.366	80.98
16.376	81.26
16.386	80.51
16.396	79.75
16.406	80.16
16.416	80.54
16.426	80.5
16.436	80.13
16.446	79.03
16.456	78.39
16.466	77.87
16.476	78.01
16.486	77.78
16.496	77.68
16.506	78.44
17.226	90.43
17.236	93.65
17.246	94.51
17.256	95.69
17.266	96.62
17.276	96.13
17.286	96.79
17.296	96.44
17.306	96.02
17.316	96.16
17.326	96.56
17.336	96.84
17.346	95.45
17.356	95.76
17.366	95.68
17.376	96.17
17.386	98.39
17.396	93.84
17.406	93.45
17.416	93.06
17.426	92.85
17.436	93
17.446	92.64
17.456	92.62
17.466	92.83
17.476	92.99
17.486	93.18
17.496	92.62
17.506	92.34
17.516	92.46
17.526	92.3
17.536	92.42
17.546	92.27
17.556	90.95
17.566	89.5
17.576	88.46
17.586	87.69
17.596	89.47
17.606	90.69
17.616	91.12
17.626	96.25
17.636	96.81
17.646	98.63
17.656	103.59
17.666	101.12
17.676	100.29
17.686	100.05
17.696	100.69
17.706	101
17.716	100.99
17.726	101.46
17.736	102.08
17.746	101.62
17.756	100.26
17.766	96.9
17.776	94.23
17.806	82.4
17.816	80.99
17.826	80.48
17.836	80.26
17.846	80.28
17.916	94.4
17.926	93.8
17.936	93.46
17.946	93.64
17.956	93.8
17.966	93.73
17.976	93.7
17.986	93.32
17.996	92.76
18.006	93.22
18.016	93.76
18.026	93.86
18.036	93.16
18.046	92.63
18.056	91.96
18.066	91.2
18.076	90.3
18.086	88.86
18.096	88.98
18.106	88.72
18.116	88.2
18.126	87.78
18.136	88.9
18.146	90.5
18.156	90.78
18.166	89.83
18.176	86.42
18.186	87.03
18.196	84.76
18.206	82.12
18.216	80.48
18.226	79.99
18.236	78.48
18.246	78.11
18.256	94.53
18.266	94.27
18.276	93.41
18.286	93.03
18.296	78.44
18.306	77.16
18.316	74.61
18.326	75.63
18.366	153.18
18.376	150.28
18.386	152.26
18.396	153.41
18.436	82.25
18.446	84.62
18.456	84.74
18.466	85.9
18.476	84.21
18.486	84.97
18.496	84.74
19.726	208.09
19.736	207.02
19.766	69.57
19.776	70.81
19.786	69.49
19.796	81.48
19.806	80.95
19.816	71.91
19.826	70.97
19.836	69.46
19.846	77.2
19.856	77.07
19.866	78.17
19.876	75.35
19.886	75.1
19.896	89.45
19.906	88.22
19.916	89.11
19.926	89.02
19.936	88.68
19.946	88.31
19.956	87.17
19.966	86.2
20.316	72.66
20.326	72.59
20.336	71.42
20.346	70.56
20.356	69.41
20.416	69.74
20.426	70.76
20.436	74.46
20.446	76.7
20.636	200.67
20.646	194.42
20.656	192.26
20.666	148.74
20.676	150.99
20.686	108.28
20.696	108.93
20.706	109.87
20.716	110.39
20.776	79.24
20.786	79.36
20.796	78.79
20.936	107.18
20.946	106.59
20.956	106.07
20.966	101.86
20.976	100.72
20.986	100.38
20.996	97.92
21.006	96.94
21.016	96.93
21.026	96.3
21.036	95.17
21.046	95.05
21.056	95.29
21.066	95.38
21.076	94.94
21.086	80.95
21.096	92.86
21.106	94.36
21.116	94.99
21.126	94.41
21.136	114.33
21.146	85.41
21.156	84.93
21.166	86.27
21.176	86.53
21.186	83.83
21.246	70.58
21.256	72.17
21.266	71.77
21.416	100.96
21.426	103.18
21.436	103.54
21.446	102.42
21.456	100.41
21.466	99.08
21.476	98.44
21.486	98.8
21.496	99.56
21.506	99.75
21.516	99.28
21.526	99.19
21.536	99.27
21.546	99.76
21.556	99.41
21.566	99.41
21.576	98.91
21.586	99.01
21.596	99.73
21.606	99.12
21.616	100.38
21.786	78.7
21.796	76.94
21.806	78.93
21.816	83.46
21.826	84.4
21.836	82.88
21.846	81.59
21.856	80.68
22.056	96.93
22.066	99.47
22.076	101.62
22.086	99.07
22.096	97.31
22.106	99.54
22.116	101.19
22.126	100.33
22.136	99.97
22.146	98.55
22.156	96.93
22.166	95.58
22.176	95.16
22.186	73.79
22.196	71.9
22.206	73.35
22.216	75.1
22.226	95.47
22.236	94.18
22.246	94.5
22.256	94.27
22.316	101.16
22.326	99.44
22.336	99.06
22.346	98.52
22.356	98.74
22.366	99.84
22.376	99.76
22.386	99.23
22.396	98.79
22.406	98.49
22.416	98.27
22.426	98.79
22.436	101.41
22.446	101.89
22.456	101.9
22.486	112.93
22.496	112.22
22.506	110.66
22.516	110.33
22.526	108.35
22.536	105.71
22.546	106.23
22.556	105.25
22.566	112.33
22.576	108.51
22.586	106.35
22.596	106.9
22.606	106.7
22.716	128.24
22.726	127.81
22.736	127.4
22.746	125.89
22.756	121.94
22.766	119.03
22.776	116.35
22.786	114.61
22.796	111.71
22.806	111.19
22.886	105.29
22.896	106.08
22.906	103.12
22.916	99.77
22.926	110.07
22.936	106.88
22.946	108.8
22.956	106.11
22.966	103.04
22.976	101.13
22.986	99.61
22.996	97.65
23.006	95.44
23.016	96.96
23.026	96.65
23.036	95.47
23.046	95.95
23.056	95.77
23.066	94.63
23.076	92.96
23.086	92.28
23.096	92.65
23.106	91.62
23.116	90.5
23.126	90.92
23.136	90.18
23.146	89.2
23.156	88.03
23.166	89.08
23.176	69.84
23.186	71.85
23.196	72.68
23.216	106.57
23.226	105.35
23.236	106.06
23.246	105.23
23.256	104.75
23.266	105.01
23.276	104.96
23.286	104.62
23.296	103.73
23.306	102.72
23.316	102.04
23.636	100.6
23.646	95.25
23.656	99.77
23.666	96.59
23.676	96.1
23.686	97.09
23.696	96.44
23.826	78.55
23.836	78.91
23.846	80.16
23.936	82.51
23.946	82.6
23.956	93.68
23.966	93.24
23.976	93.39
23.986	94.17
23.996	96.64
24.006	98.08
24.016	99.79
24.026	102.28
24.036	105.31
24.046	106.17
24.056	107.62
24.066	109.13
24.076	110.17
24.086	108.74
24.096	109.2
24.106	107.94
24.116	107.27
24.126	108.47
24.136	106.21
24.146	104.95
24.156	104.98
24.196	111.66
24.206	110.95
24.216	109.58
24.226	108.99
24.236	108.97
24.246	108.37
24.266	107.7
24.276	107.02
26.106	116.1
26.116	118.45
26.126	120.81
26.136	121.62
26.146	121.85
26.156	122.4
26.166	121.6
26.176	120.03
26.186	120.35
26.196	121.81
26.206	123.95
26.216	125.65
26.226	128.52
26.236	128.07
26.246	126.48
26.256	126.22
26.266	126.42
26.276	126.06
26.286	124.6
26.296	123.73
26.306	123.83
26.316	123.08
26.326	122.64
26.336	121.06
26.346	119.84
26.356	119.03
26.366	118.4
26.376	118.01
26.386	117.93
26.396	118.06
26.406	118.37
26.416	118.32
26.426	118.35
26.436	118.61
26.446	119.65
26.456	120.77
26.466	122.11
26.476	123.87
26.486	125.31
26.496	125.19
26.506	125.34
26.516	127.27
26.526	129.42
26.536	126.93
26.546	123.57
26.556	123.73
26.566	125.04
26.576	125.01
26.586	123.03
26.596	122.97
26.606	123.79
26.896	120.07
26.906	121.09
26.916	119.82
26.926	120.69
26.936	121.47
26.946	121.2
26.956	120.83
27.036	158.02
27.046	156.16
27.056	152.33
27.066	149.03
27.076	147.3
27.086	145.86
27.096	143.86
27.106	142.96
27.116	142.05
27.126	140.74
27.136	138.46
27.146	136.96
27.156	136.35
27.166	135.93
27.176	108.95
27.236	110.88
27.246	110.35
27.256	108.11
27.266	107.37
27.276	104.96
27.286	103.32
27.296	102.9
27.306	102.74
27.316	104.1
27.326	103.5
27.336	101.03
27.346	97.53
27.356	96.91
27.366	97.95
27.426	88.14
27.436	88.57
27.446	89.79
27.456	89.46
27.466	88.15
27.476	87.27
27.486	86.53
27.496	88.28
27.506	88.34
27.516	88.23
27.526	87.59
27.536	87.12
27.546	86.64
27.556	85.48
27.566	84.4
27.576	84.32
27.586	85.64
27.596	86.53
27.606	87.49
27.616	85.72
27.626	86.01
28.206	101.27
28.216	101.37
28.226	102.38
28.236	106.67
28.246	108.51
28.256	108.86
28.266	112.24
28.276	119.39
28.286	120.06
28.296	120.77
28.306	122.07
28.316	123.44
28.326	124.98
28.336	126.53
28.346	127.68
28.356	127.78
28.366	128.76
28.376	128.99
28.386	127.94
28.396	128.46
28.406	130.84
28.416	132.48
28.426	131.18
28.436	129.29
28.446	127.27
28.456	124.04
28.466	120.63
28.506	122.3
28.516	119.09
28.526	119.61
28.616	108.11
28.626	107.95
28.636	108.19
28.646	108.49
28.656	108.36
28.666	108.38
28.676	108.66
28.686	109.25
28.696	109.63
28.706	109.8
28.716	110.42
28.726	111.12
28.736	112.21
28.746	113.24
28.756	113.74
28.766	114.29
28.776	114.68
28.786	113.53
28.796	112.87
28.806	113.51
28.816	124.23
28.826	124.49
28.836	123.08
28.846	120.46
28.856	120.39
28.866	120.11
28.876	119.96
28.886	119.09
28.896	81.52
28.906	81.32
28.916	80.03
28.926	78.65
28.936	78.72
28.946	78.44
29.046	69.75
29.056	69.97
29.066	88.37
29.076	86.74
29.086	87.57
29.096	88.9
29.106	70.85
29.116	71.62
29.126	92.09
29.136	69.39
29.146	102.22
29.156	111.15
29.166	110.67
29.176	109.07
29.186	108.79
29.196	109.92
29.206	110.19
29.216	108.44
29.226	110.49
29.236	113.47
29.246	117.18
29.256	118.95
29.266	121.28
29.276	125.6
29.286	128.23
29.296	132.6
29.306	129.24
29.316	126.72
29.326	133.47
29.336	128.33
29.346	123.68
29.356	122.57
29.366	128.89
29.376	131.01
29.846	95.26
29.856	96.77
29.866	96.62
29.876	96.72
29.886	96.31
29.896	96.05
29.906	95.68
29.916	95.5
29.926	95.3
29.936	95.29
29.946	94.95
29.956	94.81
29.966	95.02
29.976	94.86
29.986	94.24
29.996	93.8
30.006	93.44
30.016	93.45
30.026	93.12
30.036	92.76
30.046	91.75
30.056	90.86
30.066	90.29
30.076	89
30.086	86.94
30.096	85.92
30.106	86.94
30.116	86.65
30.126	84.71
30.136	86.55
30.146	87.76
30.156	87.25
30.166	86.37
30.176	86.74
30.186	86.15
30.196	86.65
30.206	87.38
30.216	86.31
30.226	85.82
30.236	86.02
30.246	86.82
30.256	86.9
30.576	90.79
30.586	90.92
30.596	91.09
30.606	91.7
30.616	92.07
30.626	91.4
30.636	90.29
30.646	89.83
30.686	90.77
30.696	92
30.706	92.61
30.716	92.66
30.726	91.68
30.736	91.28
30.746	91.38
30.756	91.17
30.766	90.8
30.776	90.78
30.786	90.1
30.796	88.81
30.806	88.52
30.816	86.5
30.826	82.13
30.836	87.51
30.846	92.72
30.856	98.39
30.866	94.75
30.876	100.87
30.886	100.06
30.896	99.14
30.906	98.57
30.916	98.08
30.926	97.64
30.936	98.02
30.946	98.69
30.956	98.88
30.966	98.37
30.976	97.39
30.986	96.12
30.996	95.05
31.006	92.76
31.016	88.62
31.026	88.04
31.036	88.76
31.086	87.02
31.096	89.65
31.106	90.2
31.116	90.14
31.126	90.59
31.136	91.51
31.146	91.79
31.156	91.43
31.166	91.27
31.176	91.91
31.186	93.14
31.196	94.31
31.206	94.72
31.216	95.72
31.226	98.32
31.236	99.99
31.246	99.2
31.256	99.2
31.266	97.59
31.276	95.69
31.286	98.1
31.296	98.89
31.306	99.25
31.316	100.28
31.326	98.33
31.336	95.05
31.346	95.58
31.506	86.76
31.516	84.78
31.526	85.3
31.536	84.5
31.546	83.01
31.556	81.38
31.566	80.22
31.576	80.78
31.586	81.41
31.596	81.41
31.606	81.48
32.296	90.15
32.306	90.23
32.316	89.6
32.326	89.24
32.336	88.37
32.346	87.27
32.356	83.25
32.366	82.2
32.376	81.79
32.386	82.1
32.396	82.86
32.406	83.21
32.416	84.45
32.426	84.35
32.436	84.23
32.446	85.3
32.456	84.7
32.466	84.64
32.476	84.59
32.486	84.49
32.496	83.75
32.506	83.12
32.516	83.35
32.526	82.86
32.536	82.25
32.546	81.98
32.556	82.44
32.566	82.41
32.576	81.98
32.586	81.48
32.596	82.03
32.606	82.27
32.616	81.96
32.626	82.23
32.636	82.55
32.646	82.59
32.656	81.71
32.666	81.7
33.246	109.09
33.256	106.58
33.266	106.45
33.276	106.04
33.286	105.82
33.296	105.57
33.306	105.76
33.316	105.25
33.326	105.4
33.336	105.72
33.346	106.66
33.356	107.77
33.366	106.76
33.376	105.76
33.386	103.18
33.396	107.11
33.406	105.75
33.416	105.83
33.426	104.9
33.436	69.68
33.446	69.83
33.456	70.26
33.466	69.78
33.476	70.27
33.486	70.89
33.496	70.6
33.506	71.02
33.516	70.27
33.526	69.14
33.536	69.54
33.546	71.28
33.556	70.47
33.566	70.14
33.576	69.33
33.586	70.04
33.786	97.88
33.796	97.78
33.806	97.19
33.816	96.97
33.826	97.11
33.836	95.94
33.846	94.46
33.856	94.4
33.866	95.51
33.876	95.71
33.886	89.18
33.896	87.01
33.906	88.38
33.916	87.88
33.926	87.3
33.936	86.45
33.946	86.13
33.956	86.18
33.966	87.26
33.976	87.33
33.986	86.84
33.996	86.45
34.006	86.09
34.016	87.22
34.026	88.44
34.036	87.97
34.046	87.41
34.056	86.52
34.066	86.66
34.076	88.05
34.196	93.33
34.206	94.08
34.216	95.13
34.226	94.16
34.236	94.59
34.246	95.65
34.256	96.5
34.266	97.63
34.276	97.97
34.286	95.54
34.296	95.43
34.306	95.39
34.316	95.64
34.326	97.17
35.186	99.86
35.196	99.02
35.206	97.58
35.216	98.2
35.226	80.43
35.236	79.05
35.276	80.62
35.296	176.12
35.306	177.03
35.316	183.33
35.326	183.73
35.336	186.5
35.396	181.46
35.406	179.6
35.416	177.33
35.426	176.23
35.436	177.62
35.446	175.11
35.456	177.25
35.466	171.22
35.476	173.75
35.486	175.36
35.586	174.44
35.596	171
35.606	168.04
35.616	161.15
36.086	105.6
36.096	105.29
36.106	106.08
36.116	105.34
36.126	104.86
36.136	104.26
36.146	104.58
36.156	103.85
36.166	103.29
36.176	103.94
36.186	104.72
36.196	104.93
36.206	104.64
36.216	104.49
36.226	104.96
36.236	105.48
36.246	104.39
36.256	102.81
36.266	101.45
36.276	99.21
36.286	96.68
36.296	96.35
36.306	103.85
36.316	103.36
36.356	98.51
36.366	97.23
36.376	96.88
36.386	96.92
36.396	96.51
36.406	95.82
36.416	95.17
36.426	95.27
36.436	96.25
36.446	72.59
36.456	95.71
36.466	79.84
36.476	80.08
36.486	96.89
36.576	117.93
36.586	117.68
36.596	115.12
36.606	112.1
36.616	79.54
36.626	75.75
36.636	76.66
36.646	75.41
36.656	78.14
36.666	82.08
36.676	72.91
36.686	117.3
36.696	118.39
36.706	120.37
36.716	121.84
36.726	125.11
36.736	133.7
36.746	137.02
36.756	136.65
36.766	139.99
36.836	139.32
36.846	136.75
36.856	136.96
36.866	138.39
36.876	85.16
36.886	71.22
36.896	70.5
37.146	127.95
37.156	127.64
37.166	124.87
37.176	122.28
37.186	119.82
37.196	119.31
37.206	114.66
37.216	111.6
37.226	111.38
37.236	111.47
37.246	110.19
37.256	108.93
37.266	109.24
37.276	108.55
37.286	108.23
37.296	108.46
37.306	109.06
37.316	108.72
37.326	108.89
37.336	109.58
37.346	109.25
37.356	108.71
37.366	109.03
37.376	108.99
37.386	109.38
37.396	110.41
37.406	114.53
37.416	127.95
37.426	127.86
37.436	120.2
37.446	119.32
37.456	81.97
37.466	69.94
37.476	70.52
37.486	70.46
37.496	69.2
37.506	79.81
37.516	79.16
37.536	112.47
37.546	115.4
37.556	115.84
37.566	87.66
37.576	83.06
37.586	81.12
37.596	81.39
37.606	79.88
37.686	102.74
37.696	101.55
37.706	102.18
37.716	103.57
37.726	105.53
37.736	107.63
37.746	109.3
37.756	112.23
37.766	117.42
37.776	117.2
37.786	119.96
37.796	123.33
37.806	130.72
37.816	136.26
37.826	139.45
37.836	141.29
37.846	145.13
37.856	146.37
37.866	147.65
37.876	145.64
37.886	147.44
37.896	151.45
37.906	154.97
37.916	153.28
37.926	153.3
37.936	163.65
37.946	166.68
37.956	168.36
37.966	159.17
37.976	159.55
37.986	158.96
37.996	153.19
38.006	156.2
38.016	154.66
38.026	153.73
38.036	155.78
38.596	141.08
38.606	141.02
38.616	141.51
38.626	139.9
38.756	83.68
38.766	85.04
38.776	85.64
38.786	99.05
38.796	97.53
38.806	97.1
38.816	97.6
38.826	97.27
38.836	97.41
38.846	95.65
38.856	96.51
38.866	98.11
38.876	98.33
38.886	95.3
38.896	95.96
38.906	102.16
38.916	111.18
38.926	112.83
38.936	114.34
38.946	115.16
38.956	116.67
38.966	117.15
38.976	118.32
38.986	119.65
38.996	120.48
39.006	121.61
39.016	122.72
39.026	122.13
39.036	121.85
39.046	123.79
39.056	126.36
39.066	131.33
39.076	129.31
39.086	121.31
39.096	121.78
39.106	127.56
39.116	132.14
39.126	132.19
39.136	129.17
39.146	125.09
39.156	118.96
39.166	119.83
39.176	128.13
39.186	134.3
39.196	131.44
39.206	132.12
39.216	134.11
39.226	127.58
39.236	127.41
39.246	132.16
39.406	120.91
39.416	121.35
39.426	120.58
39.436	119.81
39.446	119.24
39.456	117.45
39.466	115.78
39.476	115.94
39.486	116.75
39.496	117.47
39.506	116.69
39.516	117.34
39.526	117.73
39.536	116.71
39.546	115.6
39.556	114.17
39.566	112.38
39.576	110.68
39.586	106.74
39.596	106.66
39.606	106.09
39.616	103.65
39.626	101.41
39.636	98.82
39.646	98.85
39.656	98.07
39.666	102.66
39.676	107.6
39.686	101.01
39.696	99.62
39.706	104.05
39.716	110.41
39.726	109.65
39.736	102.27
39.746	99.64
39.756	99.59
39.766	98.55
39.776	96.96
39.786	96.2
39.796	79.47
39.956	122.34
39.966	126.11
39.976	127.88
39.986	127.58
39.996	128.08
40.006	128.92
40.016	128.7
40.026	128.67
40.036	128.92
40.046	129.91
40.056	130.58
40.066	130.76
40.076	131.24
40.086	131.87
40.096	131.57
40.106	130.95
40.116	131.35
40.126	131.89
40.136	132.07
40.146	130.58
40.156	127.57
40.166	123.79
40.176	122.27
40.186	119.28
40.196	116.28
40.206	113.33
40.246	96.99
40.256	100.72
40.266	101.6
40.666	119.42
40.676	119.86
40.686	123.95
40.696	123.61
40.706	121.16
40.766	116.42
40.776	113.89
40.786	111.92
40.796	106.37
40.806	101.53
40.816	98.48
40.866	96.8
40.876	95.28
40.886	96.18
40.896	92.85
40.906	96.06
40.916	100.69
40.926	101.64
40.936	99.99
40.946	99.46
40.956	100.17
40.966	101.7
40.976	104.67
40.986	107.02
40.996	107.35
41.006	107.73
41.016	109.76
41.026	109.93
41.036	110.13
41.046	110.56
41.056	111.59
41.066	112.94
41.076	116.27
41.086	115.14
41.096	113.61
41.106	112.78
41.116	113.91
41.126	115.26
41.136	117.66
41.146	116.41
41.156	115.47
41.166	114.32
41.176	114.48
41.186	115.79
41.196	115.68
41.686	114.67
41.696	112.62
41.706	110.37
41.786	105.5
41.796	106.59
41.806	107.06
41.816	107.15
41.826	107.1
41.836	106.7
41.846	106.85
41.856	107.92
41.866	110.21
41.876	111.8
41.886	112.41
41.896	111.91
41.906	111.35
41.916	112.72
41.926	114.93
41.936	115.57
41.946	115.61
41.956	117.68
41.966	114.69
41.976	116.99
41.986	114.46
41.996	112.99
42.006	114.6
42.016	116.82
42.026	114.97
42.036	115.87
42.046	114.89
42.056	113.78
42.166	95.5
42.176	95.15
42.186	91.95
42.196	89.33
42.206	94.21
42.216	95.01
42.226	95.64
42.236	95.5
42.246	94.39
42.326	100.98
42.336	100.75
42.346	99.48
42.356	98.02
42.366	98.67
42.376	99.56
42.386	99.29
42.396	96.61
42.406	93.27
42.416	91.08
42.426	90.91
42.436	93.03
42.446	93.35
42.456	93.53
42.466	92.16
42.476	91.59
42.486	91.95
42.496	93.07
42.506	94.77
42.516	93.22
42.526	92.52
42.536	92.18
42.546	93.26
42.556	97.13
42.566	97.91
42.576	80.65
42.586	80.6
42.626	171.99
42.636	172.28
42.736	99.45
42.746	101.35
42.756	102.22
43.196	103.27
43.206	105.13
43.216	108.1
43.226	106.43
43.236	104.76
43.246	100.04
43.256	101.51
43.266	100.14
43.276	98.11
43.286	141.75
43.296	146.62
43.306	146.78
43.316	143.47
43.326	142.65
43.336	145.99
43.346	147.6
43.396	98.04
43.406	100.04
43.416	101.43
43.426	102.98
43.436	105.27
43.446	106.48
43.456	107.32
43.466	108.18
43.476	109.65
43.486	111.65
43.496	112.71
43.506	114.67
43.516	116.3
43.526	117.76
43.536	118.99
43.546	120.14
43.556	120.73
43.566	121.8
43.576	121.92
43.586	121.68
43.596	121.65
43.606	121.96
43.616	122.18
43.626	122.07
43.636	120.9
43.646	120.14
43.656	121.67
43.666	122.69
43.676	123.41
43.686	122.24
43.696	121.11
43.706	120.38
43.716	120.44
43.726	120.25
44.276	103.87
44.286	102.21
44.296	101.58
44.306	101.47
44.316	101.61
44.326	100.81
44.336	99.49
44.346	98.18
44.356	97.33
44.366	96.7
44.376	96.07
44.386	95.13
44.406	97.62
44.416	97.04
44.426	96.43
44.436	95.62
44.446	95.8
44.456	98.85
44.466	99.07
44.476	96.31
44.486	97.02
44.496	98
44.506	95.81
44.516	95.4
44.526	95.09
44.536	94.8
44.546	94.22
44.556	93.83
44.566	93.26
44.576	93.19
44.586	93.58
44.596	93.43
44.606	90.9
44.616	92.88
44.626	92.97
44.636	93.25
44.646	93.72
44.656	93.69
44.666	93.67
44.676	93.2
44.686	92.68
44.696	92.24
44.706	90.51
44.716	88.97
44.726	87.89
44.736	86.7
44.746	85.83
44.756	85.37
44.766	85.02
44.776	83.96
44.786	84.89
44.876	86.43
44.886	85.37
44.936	84.68
44.946	87.73
44.956	87.98
44.966	87.87
44.976	87.31
44.986	87.07
44.996	87.35
45.006	87.19
45.016	85.25
45.026	84.12
45.036	82.96
45.046	82.2
45.216	100.52
45.226	98.06
45.236	96.98
45.246	95.16
45.256	94.15
45.266	94.4
45.276	93.28
45.286	92.42
45.296	92.59
45.306	92.9
45.316	93.69
45.326	93.63
45.336	89.12
45.346	87.83
45.356	87.78
45.366	87.43
45.376	86.52
45.386	83.87
45.396	83.76
45.406	83.74
45.416	83.43
45.426	83.31
45.436	83.45
45.446	83.61
45.456	83.72
45.466	83.3
45.476	83.15
45.486	83.64
45.496	84.64
45.506	87.63
45.516	88.7
45.526	89.19
45.536	89.62
45.546	88.26
45.556	85.28
45.566	84.93
45.576	85.28
45.586	87.05
45.596	86.54
45.726	88.99
45.736	89.84
45.746	90.74
45.756	90.82
45.766	89.47
45.776	83.66
45.786	86.37
45.796	87.59
45.806	87.98
45.816	87.76
45.826	87.51
45.836	86.24
45.846	87.87
45.856	86.34
45.866	87.35
45.876	87.44
45.886	69.79
45.896	70.58
45.906	70.74
45.916	70.81
46.016	93.22
46.026	90.24
46.036	89.28
46.046	88.51
46.056	86.15
46.066	85.61
46.076	85.14
46.126	78.94
46.136	85.94
46.146	85.98
46.156	85.19
46.166	83.69
46.176	82.02
46.186	82.02
46.196	81.95
46.206	81.37
46.216	81.22
46.226	78.93
46.236	77.17
46.246	77.2
46.256	76.81
46.266	76.49
46.276	77.15
46.286	75.51
46.296	79.35
46.306	82.81
46.356	82.28
46.366	82.34
46.376	84.65
46.386	83.97
