time	f0
0.655	177.33
0.665	185.15
0.675	191.13
0.685	189.67
0.695	184.99
0.705	183.26
0.715	183.72
0.725	181.92
0.735	183.36
0.745	181.98
0.755	178.94
0.765	178.01
0.775	178.67
0.785	178.79
0.795	177.39
0.805	175.31
0.815	176.25
0.825	175.85
0.835	174.21
0.845	174.31
0.855	174.14
0.865	173.51
0.875	174.66
0.885	171.79
0.895	170.66
0.905	170.86
0.915	169.57
0.925	168.76
0.935	172.46
0.945	170.83
0.955	173.49
0.965	174.69
0.975	174.17
0.985	170.61
0.995	172.64
1.005	175
1.015	172.06
1.025	174.14
1.035	173.03
1.045	159.77
1.065	179.5
1.075	168.3
1.085	170.73
1.095	171.67
1.105	176.57
1.115	173.32
1.125	169.33
1.135	225.44
1.145	216.87
1.155	217.47
1.165	216.29
1.175	214.08
1.185	211.19
1.195	208.32
1.205	206.24
1.215	202.53
1.225	201.43
1.235	192.59
1.245	187.35
1.255	186.19
1.265	181.57
1.275	174.52
1.285	167.74
1.295	161.07
1.305	153.63
1.315	142.16
1.465	143.77
1.475	153.81
1.485	154.47
1.495	158.68
1.505	156.66
1.515	156.4
1.525	157.3
1.535	156.74
1.545	152.07
1.555	153.27
1.565	146.48
1.685	246.61
1.695	246.71
1.705	256.28
1.715	263.32
1.725	275.9
1.735	293.08
1.745	312.62
1.755	321.11
1.765	330.92
1.775	331.57
1.785	332.03
1.795	359.55
1.805	356.1
1.815	359.36
1.825	356.8
1.835	365.7
1.845	367.55
1.855	368
1.865	365.9
1.875	367.73
1.885	366.96
1.895	365.61
1.905	359.24
1.915	351.71
1.925	341
1.935	328.69
1.945	322.39
1.955	309.17
1.965	296.9
1.975	284.8
1.985	283.03
1.995	267.06
2.005	259.53
2.015	259.37
2.025	253.89
2.035	255.59
2.045	274.89
2.315	181.45
2.325	186.62
2.335	194.21
2.345	193.14
2.355	194.5
2.365	191.99
2.375	192.99
2.385	190.59
2.395	188.52
2.405	187.45
2.415	185.96
2.425	186.4
2.435	183.63
2.445	183.39
2.455	179.46
2.465	185.21
2.475	184.66
2.485	181.95
2.495	181.48
2.505	183.79
2.515	184.12
2.525	182.12
2.535	179.91
2.545	180.16
2.555	178.57
2.565	178.3
2.575	176.42
2.585	174.48
2.595	173.79
2.605	173.13
2.615	171.31
2.625	172.58
2.635	171.9
2.645	171.79
2.655	172.98
2.665	172.78
2.675	171.32
2.685	171.17
2.695	172.22
2.705	172.48
2.715	172.31
2.725	171.64
2.735	169.26
2.745	171.2
2.755	173
2.765	172.16
2.775	169.77
2.785	155.1
3.005	165.34
3.015	171.28
3.025	170.71
3.035	167.96
3.045	164.17
3.055	162.35
3.065	159.09
3.075	159.69
3.085	159.2
3.095	157.39
3.105	155.24
3.115	156.94
3.125	157.68
3.135	160.19
3.145	161.85
3.155	156.62
3.165	158.3
3.175	158.91
3.185	163.22
3.195	158.58
3.205	158.38
3.405	305.15
3.415	302.92
3.425	302.69
3.435	299.33
3.445	295.93
3.455	293.23
3.465	286.79
3.475	277.61
3.485	270.58
3.495	263.86
3.505	260.99
3.515	256.55
3.525	249.82
3.535	252.97
3.545	258.63
3.555	257.23
3.565	253.36
3.575	250.11
3.585	249.18
3.595	245.52
3.605	241.8
3.615	238.05
3.625	236.53
3.635	233.51
3.645	231.33
3.655	222.83
3.665	219.55
3.675	205.72
3.685	200.09
3.695	211.76
3.705	216.41
3.815	222.31
3.825	231.43
3.835	224.56
3.845	221.41
3.855	219.21
3.865	221.57
3.875	222.9
3.885	228.95
3.895	231.6
3.905	229.03
3.915	222.17
3.925	224.78
3.995	250.52
4.005	243.58
4.015	241.63
4.025	236.17
4.035	233.41
4.045	231.91
4.055	228.59
4.065	228.36
4.075	227.06
4.085	218.74
4.095	216.86
4.105	216.88
4.115	208.33
4.125	212.4
4.135	214.07
4.145	207.75
4.155	217.98
4.165	236.7
4.225	137.96
4.235	161.65
4.245	165.66
4.255	167.52
4.265	169.73
4.275	170.37
4.285	173.2
4.295	173.66
4.305	173.3
4.315	173.67
4.325	177.64
4.335	176.81
4.345	174.77
4.355	177.46
4.365	177.41
4.375	176.71
4.385	175.26
4.395	173.13
4.445	200.8
4.455	202.89
4.465	200.9
4.475	204.89
4.485	206.26
4.495	199.85
4.505	212.18
4.515	216.65
4.525	220.66
4.535	223.98
4.545	224.49
4.555	216.92
4.565	216.12
4.575	225.99
4.585	201.25
4.595	230.55
4.605	238.68
4.665	251.11
4.675	252.74
4.685	259.59
4.695	259.45
4.705	259.51
4.715	260.82
4.725	262.41
4.735	264.2
4.745	264.32
4.755	262.06
4.765	257.44
4.775	249.39
4.785	237.47
4.795	220.78
4.805	200.46
4.815	199.09
4.845	254
4.985	240.85
4.995	238.67
5.005	235.79
5.015	232.92
5.025	235.3
5.035	234.94
5.045	234.23
5.055	231.16
5.065	237.99
5.155	239.76
5.165	241.04
5.175	234.12
5.185	229.58
5.195	227.82
5.205	224.59
5.215	221.29
5.225	213.91
5.235	217.81
5.245	216.44
5.255	201.7
5.265	212.07
5.275	207.55
5.315	243.8
6.215	196.41
6.225	195.09
6.235	174.77
6.245	185.83
6.265	186.13
6.275	189.68
6.285	182.44
6.295	205.79
6.445	268.22
6.455	242.81
6.465	216.43
6.475	213.4
6.485	214.28
6.495	213.58
6.505	212.79
6.515	212.51
6.525	211.81
6.535	210.29
6.545	210.52
6.555	210.11
6.565	208.8
6.575	206.93
6.585	205.96
6.595	206.3
6.605	206.67
6.615	205.95
6.625	205.48
6.635	205.63
6.645	203.75
6.655	202.7
6.665	201.78
6.675	200.52
6.685	200.1
6.695	201.15
6.705	200.03
6.715	199.15
6.725	199.85
6.735	197.28
6.745	196.1
6.755	197.75
6.765	196.15
6.775	193.57
6.785	189.16
6.795	186.9
6.805	186.7
6.815	186.27
6.825	185.24
6.835	186.1
6.845	186.5
6.855	187.28
6.865	184.24
6.875	183.34
6.885	183.77
6.895	183.47
6.905	182.63
6.915	183.36
6.925	182.05
6.935	182.63
6.945	182.11
6.955	181.9
6.965	180.61
6.975	181.04
6.985	180.45
6.995	180.56
7.005	181.88
7.015	182.25
7.025	182.18
7.035	182.84
7.045	181.72
7.055	181.76
7.065	180.32
7.075	180.51
7.085	180.59
7.095	180.58
7.105	180.19
7.115	180.03
7.125	179.53
7.135	180.21
7.145	178.68
7.155	178.64
7.165	177.26
7.175	174.42
7.545	303.89
7.555	287.22
7.565	281.34
9.005	184.6
9.015	184.25
9.025	183.25
9.035	182.25
9.045	179.85
9.055	179.47
9.065	179.42
9.075	177.05
9.085	175.95
9.095	172
9.105	174.01
9.115	179.1
9.485	209.19
9.495	211.6
9.505	211.57
9.515	208.09
9.525	205.85
9.535	205.6
9.545	202.57
9.555	200.24
9.565	199.96
9.575	199.21
9.585	198.54
9.595	198.12
9.605	198.25
9.615	198.38
9.625	198.8
9.635	199.09
9.645	199.52
9.655	199.28
9.665	198.99
9.675	200.21
9.685	201.02
9.695	202.25
9.705	205.43
9.715	208.26
9.725	215.07
9.735	215.03
9.745	218.74
9.755	220.92
9.765	230.01
9.775	235.14
9.785	244.31
9.795	243.83
9.805	245.38
9.815	248.22
9.825	241.22
9.835	242.6
9.845	241.18
9.855	232.16
9.865	234.2
9.875	227.21
9.885	231.09
9.895	229.17
10.055	220.83
10.065	210.93
10.075	206.68
10.085	204.42
10.095	200.81
10.105	200.86
10.115	196.62
10.125	194.63
10.135	192.52
10.145	190.2
10.155	189.26
10.165	190.03
10.175	189.36
10.185	186.94
10.195	182.91
10.205	183.1
10.215	179.79
10.225	180.04
10.235	172.67
10.245	178.26
10.255	171.42
10.265	168.81
10.275	170.93
10.285	169.59
10.295	173.1
10.305	168.11
10.315	168.55
10.345	264.81
10.355	252.14
10.365	270.86
10.375	261.12
10.385	271.31
11.155	189.41
11.165	191.64
11.175	192.45
11.335	205.08
11.345	209.26
11.355	207.07
11.365	204.65
11.375	202.85
11.385	201.82
11.395	202.7
11.405	201.33
11.415	200.22
11.425	199.57
11.435	196.78
11.445	200.39
11.485	182.92
11.495	187.81
11.505	174.54
11.515	172.7
11.525	171.82
11.535	170.98
11.545	172.75
11.555	175.79
11.565	172.62
11.575	173.59
11.585	167.3
11.595	170.7
11.605	170.71
11.615	167.92
11.625	166.74
11.635	175.64
11.645	163.84
11.655	170.05
11.665	165.44
11.675	158.5
11.845	145.28
11.855	160.02
11.865	167.48
11.875	170.31
11.885	173.16
11.895	172.02
11.905	174.53
11.915	176.51
11.925	177.31
11.935	178.25
11.945	181.07
11.955	182.85
11.965	180.36
11.975	172.44
11.985	171.03
11.995	179
12.005	176.2
12.015	174.33
12.025	172.4
12.035	176
12.045	196.26
12.055	218.46
12.065	215.66
12.075	214.55
12.085	214.93
12.095	213.5
12.105	213.08
12.115	211.4
12.125	210.97
12.135	216.9
12.145	216.37
12.155	216.23
12.225	221.11
12.235	212.72
12.245	210.08
12.255	208.51
12.265	211.07
12.275	209.26
12.285	211.7
12.295	207.58
12.305	208.93
12.315	196.74
12.325	197.68
12.335	195.13
12.345	192.11
12.355	191.72
12.365	189.81
12.375	186.21
12.385	183.18
12.395	181.49
12.405	186.48
12.415	189.07
12.425	194.58
12.435	272.92
12.445	269.16
12.455	251.89
12.465	240.85
12.475	242.79
12.585	149.54
12.595	168.59
12.605	169.85
12.615	170.53
12.625	169.58
12.635	171.5
12.645	172.95
12.655	171.29
12.665	171.24
12.675	174.46
12.685	172.79
12.695	174.93
12.705	175.06
12.715	179.04
12.725	177.11
12.735	177.52
12.745	179.49
12.755	183.11
12.765	180.11
12.775	180.91
12.785	182.4
12.795	183.01
12.805	183.97
12.815	184.91
12.825	187.04
12.835	185.21
12.845	185.31
12.855	185.68
12.865	186.48
12.875	184.98
12.885	184.94
12.895	191.86
12.905	183.06
12.915	179.62
12.925	179.41
12.935	177.14
12.945	174.29
12.955	169.84
12.965	168.69
12.975	171.08
12.985	169.15
12.995	165.21
13.005	164.25
13.015	159.15
13.085	246.2
13.095	256.41
13.105	260.25
13.115	240.48
13.125	299.29
13.135	226.09
13.145	251.82
13.155	241.63
13.165	236.37
13.175	271.18
13.185	218.07
13.195	241.59
13.205	256.43
13.215	242.09
13.225	234.52
13.235	214.37
13.245	211.87
13.255	214.02
13.265	218.77
13.275	225.53
13.285	227.98
13.295	233.13
13.305	236.85
13.315	240.17
13.325	244.43
13.335	238.7
13.345	250.91
13.355	245.08
13.365	249.99
13.375	251.77
13.385	249.09
13.395	248.31
13.405	247.96
13.415	248.01
13.425	244.83
13.435	246.91
13.445	251.85
13.455	252.42
13.465	245.53
13.475	251.94
13.485	254.58
13.495	247.16
13.505	249.75
13.625	185.62
13.635	179.11
13.645	175.91
13.655	175.5
13.665	171.78
13.675	169.38
13.685	166.8
13.695	165.9
13.705	158.35
13.715	160.25
13.725	156.22
13.735	145.58
13.745	146.17
13.755	158.56
14.355	172.07
14.365	172.72
14.375	174.76
14.385	177.81
14.395	176.58
14.405	176.14
14.415	175.03
14.425	173.44
14.435	173.5
14.445	170.02
14.455	167.99
14.465	163.46
15.295	230.23
15.305	229.81
15.315	263.84
15.325	249.38
15.335	247.4
15.345	264.62
15.355	256.57
15.365	254.11
15.895	210.59
15.905	199.76
15.915	201.14
15.925	199.46
15.935	198.32
15.945	198.38
15.955	196.2
15.965	197.29
15.975	195.46
15.985	195.32
15.995	194.62
16.005	192.86
16.015	195.61
16.025	193.27
16.035	194.17
16.045	196.04
16.055	198.46
16.065	196.06
16.075	194.52
16.105	195.99
16.115	193.96
16.125	194.36
16.135	193.34
16.145	190.78
16.155	187.92
16.165	188.04
16.175	184.55
16.185	187.01
16.195	182.38
16.295	160.53
16.305	157.88
16.315	140.29
16.325	172.48
16.335	174.37
16.365	168.99
16.375	165.15
16.385	166.34
16.395	165.15
16.405	166.08
16.415	164.83
16.425	162.31
16.435	162.45
16.445	161.54
16.455	158.89
16.465	160.51
16.475	161.41
16.485	163.1
16.495	161.55
16.505	162.81
16.655	201.5
16.665	198.47
16.675	198.47
16.685	197.53
16.695	197.11
16.705	197.1
16.715	195.08
16.725	195.11
16.735	194.73
16.745	195.41
16.755	195.22
16.765	195.12
16.775	194.96
16.785	196.69
16.795	198.77
16.805	199.82
16.815	200.43
16.825	198.15
16.835	195.35
16.845	191.03
16.855	196.56
16.865	199.51
16.875	199.05
16.885	197.9
16.895	196.46
16.905	194.28
16.915	193.27
16.925	192.89
16.935	193
16.945	190.69
16.955	196.56
16.965	197.73
16.975	192.08
16.985	194.65
16.995	186.76
17.005	203.44
17.015	192.16
17.025	193.76
17.085	206.23
17.095	206.51
17.105	199.25
17.115	206.23
17.245	217.06
17.255	212.16
17.265	209.95
17.275	204.94
17.285	205.58
17.295	203.78
17.305	206.64
17.315	203.78
17.325	204.35
17.335	203.32
17.345	204.25
17.355	204.39
17.365	203.65
17.375	204.49
17.385	204.59
17.395	204.99
17.405	205.88
17.415	205.17
17.425	198.17
17.495	203.83
17.505	202.79
17.515	200.65
17.525	194.77
17.535	194.65
17.545	196.8
17.555	199.85
17.565	197.52
17.575	198.69
17.585	197.08
17.595	195.87
17.605	193.01
17.615	192.78
17.625	190.68
17.635	192.44
17.645	191.99
17.655	190.99
17.665	189.53
17.675	186
17.685	185.59
17.695	189.61
17.705	185.01
17.715	188.04
17.725	185.17
17.735	185.45
17.745	183.62
17.805	181.63
17.815	180.89
17.825	183.16
17.835	183.81
17.845	179.67
17.855	180.06
17.865	178.14
17.875	175.01
17.885	174.65
17.895	177.12
17.905	187.8
17.915	158.13
17.925	155.9
17.935	171.27
17.965	179.11
17.975	180.23
17.985	180.83
17.995	180.49
18.005	179.55
18.015	180.62
18.025	181.2
18.035	180
18.045	181.72
18.215	184.37
18.225	182.88
18.235	184.55
18.245	183
18.255	181.01
18.265	180.94
18.275	182.16
18.285	182.65
18.295	182.75
18.305	176.88
18.315	171.26
18.325	164.81
18.335	163.37
18.345	153.66
18.355	143.14
18.365	141.76
18.705	169.41
18.715	156.25
18.875	175.79
18.885	176.09
19.185	347.3
19.195	317.83
19.205	329.9
19.215	195.56
19.225	193.4
19.235	189.15
19.275	192.03
19.285	189.43
19.295	189.83
19.305	189.62
19.315	189.95
19.325	188.98
19.335	187.71
19.345	188.48
19.355	187.78
19.365	185.81
19.375	184.85
19.385	186.24
19.395	187.94
19.405	186.38
19.415	187.05
19.425	185.19
19.435	185.16
19.445	186.16
19.455	184.28
19.465	185
19.625	187.43
19.635	181.3
19.645	180.82
19.655	175.04
19.665	172.97
19.675	171.27
19.765	184.93
19.775	184.53
19.785	180.61
19.795	178.19
19.805	175.92
19.815	170.32
19.825	163.97
20.045	185.33
20.055	181.48
20.065	176.67
20.075	174.13
20.085	174.14
20.365	200.89
20.375	195.72
20.385	194.22
20.395	188.55
20.405	187.48
20.415	190.14
20.425	186.58
20.435	187.86
20.445	181.62
20.455	186.61
20.465	185.28
20.475	184.14
20.485	184.6
20.495	182.06
20.505	182.67
20.515	181.82
20.525	176.95
20.535	171.85
20.545	171.65
20.555	167.99
20.565	169.83
20.575	177.79
20.585	172.67
20.755	188.32
20.765	172.66
20.775	171.94
20.785	170.63
20.795	169.27
20.805	168.3
20.815	168.96
20.825	169.65
20.835	168.96
20.845	168.78
20.855	169.46
20.865	171.28
20.875	169.36
20.885	169.23
20.895	168.16
20.905	259.05
20.915	250.64
20.925	263.23
20.935	241.24
20.945	240.64
20.955	262.4
20.965	258.82
21.005	181.43
21.015	180.07
21.025	174.75
21.035	170.85
21.045	170.69
21.055	190.28
21.065	216.12
21.075	200.64
21.085	189.02
21.095	192.27
21.105	193.47
21.115	199.25
21.125	199.81
21.135	200.28
21.145	197.5
21.155	195.58
21.165	199.59
21.175	198.43
21.185	199.27
21.195	201.43
21.205	200.93
21.215	202.78
21.225	202.86
21.235	197.12
21.245	192.67
21.255	190.49
21.265	185.47
21.275	182.83
21.285	176.44
21.295	171.07
21.305	174.67
21.315	188.51
21.465	273.01
21.475	274.72
21.485	267.58
21.495	259.68
21.505	240.78
21.515	235.55
21.525	236.14
21.535	243.58
21.545	137.76
21.555	137.57
21.565	140.98
