time	f0
0.105	55.69
0.115	54.56
0.125	55.29
0.135	55.53
0.145	55.78
0.155	56.92
0.165	58.92
0.175	61.65
0.185	62.31
0.195	60.97
0.205	60.11
0.215	61.61
0.225	65.95
0.235	65.11
0.245	64.46
0.255	59.89
0.265	59.86
0.275	59.8
0.285	59.86
0.295	60.15
0.305	60.57
0.315	60.24
0.325	59.71
0.335	58.99
0.345	56.43
0.355	56.29
0.365	57.21
0.375	59.06
0.385	60.85
0.395	61.81
0.455	131.72
0.465	128.63
0.475	123.9
0.485	120.27
0.495	119.2
0.505	119.89
0.515	119.5
0.525	59.14
0.535	58.98
0.545	58.67
0.555	58.32
0.565	58.84
0.575	59.35
0.585	58.78
0.595	57.76
0.605	55.73
0.615	53.33
0.625	52.73
0.635	52.39
0.645	52.18
0.655	51.71
0.665	51.22
0.675	55.39
0.685	58.44
0.695	58.19
0.705	56.97
0.715	55.86
0.725	53.65
0.735	51.37
0.745	51.66
0.755	53.66
0.765	56.06
0.775	56.91
0.785	57.03
0.795	57.33
0.805	57.93
0.815	58.78
0.825	59.8
0.835	119.23
0.845	118.09
0.855	117.9
0.865	117.22
0.875	115.68
0.885	115.79
0.895	116.99
0.905	116.93
0.915	115.46
0.925	113.7
0.935	111.48
0.945	107.78
0.965	45.92
0.975	46.11
0.985	46.17
0.995	59.51
1.005	59.99
1.015	61.02
1.025	61.61
1.035	61.05
1.045	60.01
1.055	60.24
1.065	61.74
1.075	62.82
1.085	62.32
1.095	61.36
1.105	61.44
1.115	62.59
1.125	62.03
1.185	53.15
1.195	57.79
1.205	60.07
1.215	59.85
1.225	52.02
1.235	45.04
1.245	47.21
1.255	50.99
1.265	51.98
1.275	54.77
1.295	119.99
1.305	120.01
1.315	119
1.325	115.39
1.335	111.75
1.385	62.56
1.395	62.7
1.405	64.07
1.415	64.24
1.425	61.91
1.435	59.41
1.445	55.4
1.455	54.1
1.465	54.97
1.475	57.42
1.485	58.61
1.495	56.58
1.505	54.33
1.515	55.13
1.525	56.77
1.535	57.87
1.545	58.41
1.555	58.14
1.565	57.45
1.575	57.52
1.585	58.91
1.595	60.22
1.605	60.23
1.615	61.34
1.625	61.76
1.635	61.57
1.665	61.45
1.675	61.36
1.685	57.12
1.695	49.59
1.705	47.12
1.715	47.35
1.725	48.56
1.735	50.45
1.745	51.8
1.755	52.68
1.765	54.73
1.775	56.13
1.785	54.34
1.795	51.98
1.805	54.34
1.995	54.74
2.005	53.96
2.015	52.88
2.025	54.42
2.245	49.55
2.255	55.13
2.265	61.43
2.275	67.77
2.285	72.28
2.295	72.62
2.305	71.99
2.355	45.54
2.365	48.65
2.375	56.74
2.385	62.93
2.395	70.78
2.405	75.44
2.415	74.57
2.425	75.87
2.445	55.69
2.455	57.07
2.465	56.05
2.475	56.24
2.485	57.39
2.495	57.89
2.505	56.6
2.515	56.28
2.525	57.41
2.535	57.74
2.545	57.66
2.625	55.26
2.635	55.27
2.645	57.86
2.655	61.82
2.665	62.24
2.675	61.93
2.685	61.98
2.695	60.76
2.705	58.3
2.715	55.79
2.725	55.05
2.735	56.39
2.745	57.93
2.755	58.23
2.765	58.39
2.775	58.47
2.785	116.16
2.795	118.16
2.805	118.15
2.815	116.34
2.825	115.73
2.835	114.64
2.845	111.92
2.855	110.28
2.865	110.55
2.875	111.37
2.885	111.49
2.895	109.38
2.905	107.2
2.915	108.19
2.925	110.83
2.935	112.44
2.945	113.85
2.955	117.23
2.965	121.37
3.015	68.55
3.025	67.12
3.035	65.81
3.045	66.92
3.055	68.11
3.065	69.25
3.125	120.86
3.135	120.73
3.145	120.78
3.155	120.19
3.165	118.44
3.175	116.51
3.185	115.96
3.195	116.35
3.205	115.75
3.215	114.37
3.225	113.74
3.235	113.85
3.245	113.19
3.255	111.01
3.265	109.26
3.275	108.39
3.285	107.97
3.295	108.4
3.305	109.83
3.315	110.52
3.325	110.69
3.335	111.01
3.345	111.27
3.355	110.67
3.365	109.21
3.375	109.43
3.385	111.43
3.395	113.97
3.405	114.42
3.415	111.05
3.455	47.64
3.465	47.63
3.475	49.38
3.485	50.89
3.495	52.74
3.505	55.07
3.515	55.1
3.555	55.83
3.565	55.32
3.575	55.34
3.585	55.42
3.595	55.79
3.605	57.29
3.615	58.19
3.625	58.96
3.635	58.89
3.645	58.13
3.655	57.7
3.665	57.33
3.675	57.07
3.685	57.44
3.695	58.14
3.705	58.79
3.715	59.6
3.725	60.5
3.735	61.03
3.745	61.56
3.755	61.95
3.765	62.01
3.775	123.69
3.785	122.87
3.795	122.5
3.805	122.78
3.815	123.08
3.825	122.89
3.835	121.96
3.845	120.71
3.855	119.63
3.865	119.14
3.875	119.71
3.885	120.08
3.895	119.19
3.905	119.08
3.915	119.74
3.925	120.38
3.935	120.18
3.945	118.18
3.955	115.46
3.965	113.98
3.975	113.17
3.985	111.47
3.995	108.98
4.005	107.9
4.015	107.24
4.085	125.87
4.095	124
4.105	119.19
4.115	114.63
4.125	110.65
4.135	109.95
4.145	113.01
4.155	117.02
4.165	118.8
4.175	120.94
4.185	125.44
4.195	122.61
4.205	118.01
4.215	116.48
4.225	115.51
4.235	114.79
4.245	115.04
4.255	116.32
4.265	117.16
4.275	117.22
4.285	116.42
4.295	114.23
4.305	111.3
4.315	108.52
4.325	106.93
4.335	109.01
4.345	111.63
4.355	109.34
4.365	106.22
4.375	105.69
4.385	106.07
4.395	107.98
4.405	112.69
4.415	114.81
4.425	113.61
4.435	112.73
4.445	115.05
4.455	117.61
4.465	118.66
4.475	118.78
4.485	119.31
4.495	121.23
4.505	122.65
4.515	121.08
4.525	118.23
4.535	116.93
4.545	117.35
4.555	117.69
4.565	116.96
4.575	116
4.585	116
4.595	115.96
4.605	114.05
4.615	57.23
4.625	56.79
4.635	56.11
4.645	59.9
4.655	59.81
4.665	58.93
4.675	58.03
4.685	56.95
4.695	55.75
4.705	54.94
4.715	55.13
4.725	56.22
4.735	57.47
4.745	58.6
4.755	59.09
4.765	58.71
4.775	57.99
4.785	57.89
4.795	57.8
4.805	59.33
4.815	60.43
4.865	47.88
4.875	48
4.885	48.07
4.895	45.51
4.905	45.99
4.915	52.8
4.925	58.96
4.935	63.54
4.945	63.61
4.965	114.4
4.975	115.79
4.985	116.7
4.995	117.23
5.005	116.85
5.015	115.02
5.025	113.26
5.035	113.79
5.045	116.13
5.055	118.82
5.065	127.95
5.075	137.34
5.085	132.28
5.095	125.96
5.105	123.06
5.115	120.54
5.125	118.69
5.135	117.58
5.145	117.5
5.155	119.24
5.165	119.94
