time	f0
0.485	259.04
0.495	262.77
0.505	262.94
0.515	264.95
0.525	263.2
0.535	264.43
0.545	267.03
0.555	269.18
0.565	266.69
0.575	270.64
0.585	280.16
0.595	272.77
0.605	277
0.615	278.33
0.625	276.8
0.635	275.36
0.645	279.43
0.655	273.14
0.665	277.23
0.675	276.68
0.685	271.12
0.695	264.75
0.705	265.8
0.715	260.44
0.725	266.3
0.735	251.72
0.745	246.43
0.755	241.38
0.765	232.25
0.775	225.25
0.785	218.68
0.795	211.28
0.805	207.38
0.815	201.99
0.825	198.49
0.835	197.54
0.845	194.17
0.855	186.61
0.865	185.26
0.875	184.19
0.885	181.63
0.895	183.88
0.905	171.89
0.915	181.55
0.925	179.85
0.935	184.18
0.945	188.37
0.955	187.57
0.965	187.74
0.975	186.81
0.985	192.99
0.995	193.54
1.005	202.68
1.015	204.88
1.025	203.46
1.035	207.89
1.045	212.38
1.055	209.18
1.065	209.82
1.075	209
1.085	206.74
1.095	204.75
1.105	202.74
1.115	204.28
1.125	208.28
1.135	205.36
1.145	205.67
1.155	209.4
1.165	218.08
1.175	230.93
1.185	230.8
1.195	228.41
1.205	224.32
1.215	225.49
1.225	224.83
1.235	217.18
1.245	219.22
1.295	188.78
1.305	190.84
1.315	193.96
1.325	189.06
1.335	186.28
1.345	184.98
1.355	182.66
1.365	182.15
1.375	182.77
1.385	181.82
1.395	181.48
1.405	181.49
1.415	181.95
1.425	182.27
1.435	183.22
1.445	183.39
1.455	185.32
1.465	187.18
1.475	189.34
1.485	187.31
1.495	193.05
1.505	187.61
1.515	198.34
1.525	190.27
1.535	204.2
1.545	217.19
1.555	232.84
1.565	236.01
1.575	240.97
1.585	244.05
1.595	237.74
1.605	241.34
1.615	239.97
1.625	235.9
1.635	176.6
1.645	217.34
1.655	167.76
1.665	221.87
1.675	247.41
1.685	246
1.755	195.67
1.765	190.85
1.775	191.72
1.785	190.63
1.795	190.3
1.805	188.92
1.815	191.19
1.825	185.19
1.835	186.36
1.845	188.83
1.855	191.86
1.865	184.96
1.875	182.92
1.885	194.83
1.935	217.14
1.945	224.41
1.955	218.89
1.965	217.86
1.975	214.69
1.985	212.5
1.995	210.04
2.005	208.77
2.015	208.84
2.025	205.43
2.035	201.68
2.045	202.08
2.055	202.02
2.065	197.62
2.075	205.46
2.085	201.79
2.095	198.08
2.105	191.41
2.115	195.83
2.125	196.1
2.165	208.9
2.175	202.49
2.185	201.68
2.195	203.82
2.205	200.34
2.215	196.31
2.225	193.44
2.235	188.15
2.245	191.25
2.255	189.87
2.265	188.01
2.275	183.91
2.285	183.61
2.295	184.01
2.305	182.74
2.315	182.77
2.325	179.59
2.335	176.14
2.345	170.27
2.355	173.17
2.365	174.93
3.685	213.13
3.695	193.95
3.705	191.58
3.715	181.23
3.725	182.35
3.735	183.13
3.745	182.16
3.755	184.62
3.765	186.74
3.775	189.13
3.785	195.55
3.795	201.65
3.805	204.51
3.815	207.05
3.825	207.9
3.835	213.52
3.845	211.53
3.855	213.52
3.865	219.59
3.875	211.16
3.885	206.86
3.895	204.77
3.905	202.01
4.005	191.32
4.015	193.17
4.025	193.81
4.035	190.5
4.045	191.1
4.055	188.86
4.065	191.42
4.075	187.59
4.085	186.83
4.095	186.11
4.105	183
4.115	183.43
4.125	185.3
4.135	183.19
4.145	184.4
4.155	186.69
4.165	188.54
4.175	189.25
4.185	192.58
4.195	190.62
4.205	191.87
4.215	190.5
4.225	191.42
4.235	189.57
4.245	191.13
4.255	193.96
4.265	194.53
4.275	207.46
4.285	194.99
4.295	192.77
4.305	189.38
4.315	190.6
4.325	194.86
4.335	195.78
4.345	193.47
4.355	193.61
4.365	191.62
4.375	190.01
4.385	188.39
4.395	187.99
4.405	192.34
4.415	185.44
4.425	194.19
4.435	180.75
4.445	180.94
4.455	189.51
4.465	184.26
4.475	184.02
4.485	181.36
4.495	179.28
4.505	179.22
4.515	174.98
4.525	172.72
4.535	172.61
4.545	172.31
4.555	171.82
4.565	171.51
4.575	171.82
4.585	171.86
4.595	172.29
4.605	182.41
4.665	198.32
4.675	179.15
4.685	186.3
4.695	178.34
6.355	242
6.365	241.99
6.375	238.42
6.385	236.02
6.395	230.94
6.405	222.7
6.415	226.82
6.425	227.91
6.435	224.46
6.445	222.26
6.455	226.97
6.465	228.98
6.475	228.62
6.485	227.85
6.495	224.59
6.505	226.26
6.515	223.83
6.525	212.75
6.535	212.78
6.545	210.8
6.555	207.26
6.565	205.66
6.575	232.8
6.585	236.01
6.595	234.98
6.605	228.95
6.615	225.62
6.625	224.89
6.635	219.79
6.645	219.42
6.655	218.01
6.665	216.79
6.675	218.72
6.685	220.78
6.695	225.76
6.705	229.37
6.715	236.24
6.725	235.5
6.735	239.82
6.745	239.52
6.755	241.65
6.765	240.38
6.775	236.43
6.785	229.82
6.795	222.23
6.805	237.82
6.815	236.94
6.825	235.53
6.835	235.28
6.845	235.89
6.855	204.38
6.865	211.46
6.875	210.34
6.885	203.67
6.895	202.42
6.905	202.78
6.915	201.86
6.925	200.69
6.935	200.4
6.945	201.94
6.955	203.22
6.965	203.77
6.975	201.3
6.985	201.43
6.995	201.72
7.005	199.67
7.015	199.67
7.025	197.35
7.035	195.74
7.045	197.85
7.055	194.73
7.135	180.04
7.145	183.86
7.155	185.65
7.165	188.62
7.175	184.21
7.185	182.74
7.195	179.44
7.205	178.95
7.215	161.86
7.225	181.59
7.235	176.27
7.245	182.76
7.255	205.24
7.265	208.05
7.275	214.61
7.285	214.25
7.295	208.69
7.305	206.04
7.315	207.05
7.325	204.57
7.335	203.19
7.345	201.74
7.355	200.99
7.365	199.15
7.375	195.62
7.385	194.96
7.395	191.76
7.405	192.34
7.415	189.73
7.425	188.02
7.435	186.14
7.445	186.65
7.455	195.36
7.465	193.37
7.475	189.58
7.485	188.63
7.495	185.59
7.505	184.01
7.515	184.3
7.525	181.36
7.535	184.43
7.545	180.76
7.555	182.03
7.565	182.38
7.625	150.36
7.635	145.21
7.645	148.65
7.655	146.06
7.665	178.04
7.675	169.02
7.685	170.9
7.695	170.77
7.705	176.93
7.715	180.75
7.725	185.04
7.735	184.94
7.745	184.92
7.755	180.03
7.765	177.72
7.775	179.65
7.785	178.87
7.795	175.64
7.805	182.47
7.815	183.68
7.825	187.96
7.835	185.33
7.845	183.05
7.855	184.27
7.865	182.65
7.875	177.38
7.885	174.71
7.895	185.55
7.905	180.79
7.915	186.34
7.925	184.26
7.935	183.75
7.945	185.07
7.955	184.41
7.965	184.23
7.975	183.78
7.985	185.79
7.995	185.49
8.005	187.6
8.015	183.01
8.025	182.76
8.035	177.49
8.045	183.75
8.055	181.54
8.065	181.81
8.075	184.86
8.085	180.75
8.095	177.98
8.105	180.49
8.115	171.79
8.125	175.23
8.135	179.21
8.145	176.36
8.155	183.41
8.165	182.07
8.175	181.96
8.185	179.81
8.195	181.08
8.205	170.49
8.215	185.57
8.225	173.24
8.685	202.99
8.695	200.03
8.705	196.65
8.715	195.41
8.725	196.46
8.735	196.1
8.745	198.36
8.755	196.4
8.765	195.31
8.775	198.68
8.785	195.47
8.795	200.65
8.805	201.17
8.815	198.64
8.825	191.98
8.835	184.87
8.845	185.21
8.855	185.02
8.865	192.44
8.875	195.25
8.885	195.91
8.895	194.87
8.905	197.28
8.915	195.27
8.925	192.16
8.935	191.76
8.945	189.5
8.955	190.86
8.965	191.41
8.975	190.56
8.985	188.06
8.995	185.88
9.005	186.02
9.015	184.26
9.025	190.12
9.035	180.57
9.045	183.05
9.055	188.37
9.065	190.01
9.075	185.19
9.085	181.44
9.095	188.11
9.105	186.55
9.115	184.96
9.125	181.94
12.045	193.91
12.055	191.56
12.065	194.98
12.075	189.83
12.085	182.84
12.095	184.67
12.105	180.99
12.115	181.56
12.125	177.88
12.135	183.03
12.145	193.41
12.155	201.24
12.165	200.76
12.175	200.31
12.185	201.32
12.195	199
12.205	197.59
12.215	198.65
12.225	191.79
12.235	201.19
12.245	200.76
12.255	202.59
12.265	200.26
12.275	201.67
12.285	216.81
12.295	206.02
12.305	211.63
12.315	224.53
12.325	225.73
12.335	219.85
12.345	217.94
12.355	209.09
12.365	209.06
12.375	207.95
12.385	208.23
12.395	207.7
12.405	208.08
12.415	202.28
12.425	202.48
12.435	203.75
12.445	205.39
12.455	205.35
12.465	206.16
12.475	196.81
12.485	200.49
12.495	199.88
12.565	220.3
12.575	199.02
12.585	194.66
12.595	194.05
12.605	192.55
12.615	189.96
12.625	188.2
12.635	184.85
12.645	194.18
12.655	194.14
12.665	196.58
12.675	195.82
12.685	199.92
12.695	211.1
12.705	198.95
12.715	202.01
12.725	200.01
12.735	199.54
12.745	199.29
12.755	197.53
12.765	204.29
12.775	203.1
12.785	194.06
12.795	200.16
12.805	224.93
12.815	193.58
12.845	205.64
12.855	221.76
12.865	221.21
12.875	213.59
12.885	205.95
12.895	208.97
12.905	203.37
12.915	203.5
12.925	200.2
12.935	200.69
12.945	199.49
12.955	197.08
12.965	190.13
12.975	192.6
12.985	187.83
12.995	193.19
13.005	185.91
13.015	189.45
13.025	193.95
13.035	180.75
13.045	183.39
13.055	180.66
13.065	176.54
13.125	236.87
13.135	235.95
13.145	235.77
13.155	230.41
13.165	224
13.175	223.18
13.185	222.66
13.195	211.13
13.205	212.04
13.215	200.39
13.225	198.02
13.235	191.27
13.245	186.99
13.255	194.42
13.265	183.6
13.275	183.96
13.285	182.98
13.295	182.99
13.305	191.91
13.315	193.68
13.325	195.28
13.335	191.02
13.345	190.15
13.355	196.31
13.465	222.34
13.475	222
13.485	215.24
13.495	210.99
13.505	207.69
13.515	205.7
13.525	204.2
13.535	203.36
13.545	203.09
13.555	203.42
13.565	203.96
13.575	203.85
13.585	204.46
13.595	202.11
13.605	200.07
13.615	199.67
13.625	202.51
13.635	202.43
13.645	203.78
13.655	203.58
13.665	204.1
13.675	208.1
13.685	211.38
13.695	213.35
13.705	213.49
13.715	214.91
13.725	214.37
13.735	214.93
13.745	214.1
13.755	213.48
13.765	212.27
13.775	210.06
13.785	214.08
13.795	199.34
13.805	196.87
13.815	200.37
13.825	200.41
13.835	196.65
13.845	199.61
13.855	186.74
13.865	195.65
13.975	220.92
13.985	225.63
13.995	227.21
14.005	223.26
14.015	220.17
14.025	213.11
14.035	215.25
14.045	208.36
14.055	210.67
14.065	208.85
14.075	208.02
14.085	206
14.095	197.83
14.105	200.36
14.115	201.68
14.125	200.98
14.135	203.4
14.145	199.39
14.155	199.03
14.165	202.23
14.175	199.44
14.185	201.01
14.195	211.23
14.205	215.42
14.215	221.45
14.225	228.74
14.235	232.84
14.245	233.8
14.255	235.03
14.265	234.66
14.275	234.39
14.285	229.75
14.295	209.66
14.305	214.15
14.315	220.28
14.325	233.95
14.335	231.57
14.345	229.3
14.415	195.02
14.425	194.48
14.435	194.1
14.445	193.7
14.455	193.42
14.465	191.44
14.475	187.94
14.485	188.67
14.495	190.94
14.505	182.59
14.515	186.3
14.525	189.1
14.565	220.08
14.575	219.16
14.585	218.84
14.595	213.18
14.605	208.94
14.615	207.37
14.625	204.68
14.635	202.63
14.645	201.75
14.655	199.31
14.665	195.97
14.675	194.89
14.685	197.69
14.695	199.01
14.705	198.56
14.715	196.63
14.725	196.61
14.735	197.14
14.745	195.22
14.755	182.97
15.585	215.35
15.595	194.35
15.605	196.25
15.615	194.46
15.625	194.85
15.635	196.93
15.645	196.71
15.655	204.97
15.665	204.85
15.675	203.84
15.685	207.63
15.695	208.61
15.705	213.06
15.715	217.41
15.725	219.94
15.735	216.64
15.745	212.13
15.755	195.81
15.765	196.5
15.775	200.45
15.785	207.74
15.795	211.88
15.805	205.65
15.815	201.66
15.825	204.52
15.835	200.84
15.845	204.36
15.855	199.04
15.865	196.12
15.875	192.89
15.885	192.11
15.895	189.12
15.905	188.41
15.915	185.21
15.925	185.19
15.935	186.43
15.945	186.75
15.955	187.47
15.965	189.14
15.975	189.98
15.985	189.33
15.995	190.75
16.005	191.25
16.015	190.73
16.025	190.36
16.035	190.88
16.045	188.48
16.055	190.62
16.065	191.5
16.075	191.64
16.085	193.07
16.095	196.29
16.105	200.04
16.115	197.65
16.125	197.87
16.135	197.07
16.285	235.93
16.295	232.57
16.305	231.63
16.315	224.47
16.325	222.64
16.335	221.16
16.345	212.56
16.355	213.95
16.365	211.58
16.375	207.72
16.385	206.27
16.395	209.68
16.405	204.44
16.415	206.28
16.425	210.41
16.435	213.81
16.445	211.7
16.455	208.87
16.465	207.47
16.475	205.09
16.485	202.99
16.495	200.92
16.505	201.3
16.515	199.91
16.525	198.14
16.535	194.76
16.545	197.4
16.555	198.03
16.565	196.82
16.575	189.84
16.585	182.64
16.595	195.06
16.605	188.13
16.615	183.71
16.625	185.51
16.635	185.55
16.645	178.21
16.655	178.26
16.665	179.39
16.675	177.91
16.685	176.05
16.695	171.86
16.705	175.52
16.715	174.04
16.725	176.91
16.735	172.21
16.745	174.85
16.755	172.97
16.765	171.92
16.775	173.44
16.785	166.56
16.795	170.38
16.805	170.39
16.815	167.99
16.825	169.14
16.835	172.12
16.845	170.51
16.855	172.66
16.865	174.65
16.875	176.85
16.885	177.26
16.895	176.62
16.905	181.08
16.915	179.45
16.925	179.75
17.295	188.77
17.305	181.9
17.315	177.24
17.325	180.45
17.335	185.24
17.345	187.24
17.355	189.57
17.365	188.43
17.375	192.92
17.385	191.15
17.395	188.46
17.405	189.56
17.415	189.19
17.425	192.4
17.435	197.48
17.445	196.14
17.455	198.38
17.465	195.28
17.475	190.24
17.485	191.12
17.495	191.83
17.505	191.4
17.515	184.67
17.525	185.15
17.535	189.35
17.545	189.82
17.555	189.45
17.565	193.07
17.575	189.02
17.585	190.72
17.595	189.34
17.605	189.21
17.615	187.7
17.625	186.57
17.635	189.7
17.645	186.79
17.655	187.51
17.665	185.18
17.675	187.98
17.685	188.12
17.695	189.14
17.745	201.14
17.755	191.24
17.765	186.26
17.775	181.06
17.785	178.51
17.795	175.66
17.805	172.88
17.815	169.67
17.825	173.38
17.835	166.17
17.845	170.07
18.505	196.76
18.515	185.44
18.525	180.26
18.535	181.08
18.545	180.45
18.555	180.15
18.565	181.1
18.575	180.68
18.585	180.44
18.595	183.18
18.605	188.39
18.615	193.61
18.625	192.81
18.635	196.61
18.645	198.91
18.655	198.17
18.665	194.97
18.675	195.62
18.685	198.18
18.695	196.67
18.705	195.99
18.715	198.26
18.725	196.01
18.735	196.02
18.745	197.21
18.755	196.15
18.765	195.24
18.775	195.27
18.785	195.36
18.795	191.8
18.805	195.24
18.815	198.24
18.825	195.94
18.835	200.8
18.845	196.06
18.855	200.19
18.865	191
18.875	185.22
18.885	196.62
18.895	200.22
18.905	207.86
18.915	212.14
18.925	211.88
18.935	210.93
18.945	205.51
18.955	207.45
18.965	207.38
18.975	206.33
18.985	204.39
18.995	200.67
19.005	202.81
19.015	201.27
19.025	202.43
19.035	201.67
19.045	203.36
19.055	203.99
19.065	204.44
19.075	204.07
19.085	204.33
19.095	204.16
19.105	203.78
19.115	204.27
19.125	205.44
19.135	205.91
19.145	205.87
19.155	205.77
19.165	203.35
19.175	204.87
19.185	212.34
19.195	206.48
19.205	198.76
19.215	204.72
19.225	207.55
19.265	185.25
19.275	188.99
19.285	173.1
19.295	173.63
19.305	176.05
19.315	173.18
19.385	184.14
19.395	188.85
19.405	188.12
19.415	184.63
19.425	186.89
19.435	183.77
19.445	191.26
19.455	186.93
19.465	184.42
19.475	183.22
19.485	187.11
19.495	180.16
19.505	175.18
19.515	176.7
19.525	180.59
19.535	174.85
19.545	170.19
19.555	176.58
19.565	178.42
19.575	179.67
19.585	178.93
19.595	182.09
19.605	183.87
19.615	183.3
19.625	183.52
19.635	182.68
19.645	180.17
19.655	180.12
19.665	177.01
19.675	177.97
19.685	169.73
19.695	168.91
19.705	183.01
19.715	190.57
19.725	195
19.735	196.77
19.745	198.16
19.755	204.28
19.765	197.58
19.775	193.13
19.785	180
19.795	171.88
19.805	188.28
19.815	183.16
19.825	184.03
19.835	182.93
19.845	189.68
19.855	185.99
19.865	186.12
19.875	190.52
19.885	197.18
19.895	207.12
19.905	199.48
19.915	197.1
19.925	195.65
19.935	194.57
19.945	194.48
19.955	195.73
