time	f0
0.855	221.5
0.865	213.28
0.875	203.67
0.885	191.02
0.895	183.28
0.905	177.87
0.915	177.59
0.925	175.35
0.935	174.26
0.945	173.43
0.955	173.05
0.965	172.49
0.975	172.46
0.985	171.84
0.995	170.66
1.005	169.5
1.015	165.65
1.025	163.41
1.035	165.93
1.045	171.37
1.055	173.58
1.065	167.27
1.075	167.66
1.175	213.05
1.185	201.31
1.195	196.42
1.205	194.73
1.215	191.81
1.225	187.15
1.235	186.63
1.245	184.26
1.255	186.52
1.265	181.02
1.275	189.99
1.285	189.87
1.295	186.18
1.435	218.58
1.445	216.92
1.455	203.66
1.465	179.84
1.475	179.72
1.485	182.81
1.495	184.99
1.505	188.06
1.515	188.99
1.525	190.06
1.535	187.26
1.545	184.74
1.555	187.66
1.565	187.6
1.575	185.36
1.585	184.37
1.685	216.73
1.695	214.56
1.705	214.74
1.715	201.2
1.725	186.92
1.735	183.49
1.745	184.02
1.755	181.86
1.765	185
1.775	183.54
1.785	183.09
1.795	181.31
1.805	179.22
1.815	177.35
1.825	173.13
1.835	174.04
1.845	184.31
1.855	183.43
1.865	177.53
1.875	176.72
1.885	176.13
1.895	175.3
1.905	173.7
1.915	174.26
1.925	172.2
1.935	172.35
1.945	173.84
1.955	173.14
1.965	174.77
1.975	174.19
2.655	231.51
2.665	210.13
2.675	204.14
2.685	198.08
2.695	197.36
2.705	197.63
2.715	191.88
2.725	195.13
2.735	182.9
2.745	186.83
2.755	187.15
2.765	181.01
2.775	175.62
2.785	182.73
2.795	185.64
2.805	183.18
2.815	189.91
2.825	187.03
2.835	190.07
2.845	192.08
2.855	192.28
2.865	191.61
2.875	190.83
2.885	191.14
2.895	191.17
2.905	191.11
2.915	189.78
2.925	187.46
2.935	185.2
2.945	185.06
2.955	185.44
2.965	184.51
2.975	183.48
2.985	188.08
2.995	192.85
3.005	188.31
3.015	188.48
3.025	187.12
3.035	188.25
3.045	187.34
3.055	189.95
3.065	191.63
3.075	197.48
3.085	198.92
3.095	195.87
3.105	195.1
3.115	195.59
3.125	193.78
3.135	193.11
3.145	191.65
3.155	189.77
3.165	189.03
3.175	190.11
3.185	190.16
3.195	188.24
3.205	188.42
3.215	195.48
4.015	248.19
4.025	226.07
4.035	203.39
4.045	200.63
4.055	197.92
4.065	198.67
4.075	190.65
4.085	190.23
4.095	187.36
4.105	183.95
4.115	185.31
4.125	183.4
4.135	185.73
4.145	183.1
4.155	184.41
4.165	182.77
4.175	182.79
4.185	182.85
4.195	182.03
4.205	181.54
4.215	181.95
4.225	183.26
4.235	185.48
4.245	182.42
4.255	182.57
4.265	183.16
4.275	182.73
4.285	178.89
4.295	193.51
4.305	198.61
4.315	179.25
4.325	180.28
4.335	177.11
4.345	175
4.355	174.6
4.365	173.49
4.375	177.56
4.385	178.19
4.395	178.91
4.405	178.95
4.415	183.65
4.545	181.13
4.555	181.3
4.565	177.84
4.575	172.07
4.585	167.79
4.595	166.66
4.605	167.28
4.645	172.7
4.875	174.99
4.885	176.66
4.895	175.09
4.905	173.43
4.915	172.31
4.925	171.27
4.935	168.91
4.945	168.9
4.955	166.59
4.965	167.97
4.975	171.33
4.985	169.65
4.995	170.18
5.005	167.84
5.015	165.67
5.025	166.41
5.035	168.75
5.045	166.81
5.495	256.64
5.505	260.79
5.515	258.2
5.535	177.3
5.545	170.15
5.555	163.75
5.565	165.89
5.575	162.16
5.585	163.17
5.595	161.78
5.605	161.76
5.615	160.3
5.625	158.62
5.635	157.65
5.645	159.79
5.655	175.04
5.665	153.29
6.185	171.4
6.195	165.54
6.205	161.72
6.215	161.16
6.225	161.03
6.235	163.09
6.245	164.65
6.255	165
6.265	167.29
6.275	170.9
6.285	170.86
6.295	171.97
6.305	172.98
6.315	171.87
6.325	170.39
6.335	169.47
6.345	169.29
6.355	168.53
6.365	167.88
6.375	169.11
6.385	168.96
6.395	168.86
6.405	166.6
6.415	164.39
6.425	166.85
6.435	167.5
6.445	166.5
6.565	312.91
6.575	334.67
6.585	324.57
6.805	170.41
6.815	165.49
6.825	170.47
6.835	174.92
6.845	168.44
6.855	169.48
6.865	170.96
6.875	168.63
6.885	167.64
6.895	169.17
6.905	172.71
6.915	169.29
6.925	172.67
6.935	175.68
6.945	173.16
6.955	173.78
6.965	176.06
6.975	175.65
6.985	179.75
6.995	180.48
7.995	220.16
8.005	191.37
8.015	181.98
8.025	175.55
8.035	170.82
8.045	181.05
8.055	187.13
8.065	189.91
8.075	186.92
8.085	181.42
8.095	186.91
8.105	189.4
8.115	193.14
8.125	184.61
8.135	185.67
8.145	186.11
8.155	184.77
8.165	184.99
8.175	182.66
8.185	182.33
8.195	182.69
8.205	184.01
8.215	183.34
8.225	185.65
8.235	179.9
8.415	183.49
8.425	178.75
8.435	177.86
8.445	174.99
8.455	174.91
8.465	174.18
8.475	174.03
8.485	168.56
8.495	170.08
8.505	170.74
8.515	168.82
8.525	161.84
8.535	294.25
8.545	286.95
8.555	283.04
8.575	163
8.585	166.77
8.595	166.11
8.605	167.18
8.615	166.68
8.625	167.47
8.635	169.93
8.645	174.03
8.655	175.67
8.665	174.63
8.675	175.37
8.685	176.06
8.695	171.65
8.705	183.37
8.715	180.42
8.725	176.1
8.925	216.03
9.285	171.41
9.295	162.05
9.305	164.64
9.315	167.09
9.325	163.62
9.335	169.02
9.345	168.43
9.435	177.87
9.445	161.8
9.455	161.4
9.465	160.44
9.475	158.34
9.485	157.24
9.495	159.35
9.505	159.26
9.515	160
9.525	162.57
9.535	163.32
9.545	163.24
9.555	162.19
9.565	160.66
9.575	161.19
9.585	162.88
9.595	163.32
9.605	160.17
9.615	158.81
9.625	160.44
9.635	158.91
9.775	173.03
9.785	171.16
9.795	165.6
9.805	164.87
9.815	162.19
9.825	160.56
9.835	158.69
9.845	159.66
9.855	159.67
9.865	159.81
9.875	150.16
9.885	158.7
9.895	159.83
9.905	158.54
9.915	158.55
9.925	174.71
9.935	166.69
9.945	165.43
9.955	166.45
9.965	167.69
9.975	166.96
9.985	165.12
10.825	209.5
10.835	186.85
10.845	179.86
10.855	175.77
10.865	175.95
10.875	173.98
10.885	172.12
10.935	208.22
10.945	180.09
10.955	179.15
10.965	187.63
10.975	195.47
11.765	240.39
11.775	207.44
11.785	200.08
11.795	198.71
11.805	201.35
11.815	204.09
11.825	207.02
11.835	208.71
11.845	206.73
11.855	215.6
11.865	210.22
11.875	212.18
11.885	215.44
11.895	211.15
11.905	211.92
11.915	209.38
11.925	226.32
11.935	229.96
11.945	233.99
11.955	234.94
11.965	237.41
11.975	240.23
11.985	243.21
11.995	249.01
12.005	264.52
12.015	268.46
12.025	263.52
12.585	223.78
12.595	209.76
12.605	208.99
12.815	246.99
12.825	239.64
12.835	219.46
12.845	218.25
12.855	218.18
12.865	224.18
12.875	213.59
12.885	222.74
12.895	210.32
12.905	211.17
12.965	255.24
12.975	251.75
12.985	242.64
12.995	240.26
13.005	236.81
13.015	233.51
13.025	215.36
13.035	221.9
13.045	232.31
13.055	235.35
13.065	230
13.075	228.75
13.085	224.52
13.095	216.43
13.105	217.27
13.115	228.64
13.125	229.51
13.135	219.77
13.145	224.76
13.155	223.47
13.165	226.26
13.175	225.59
13.185	226.18
13.195	223.49
13.205	223.67
13.215	220.86
14.595	216.13
14.605	214.53
14.615	214.1
14.625	213.08
14.635	213.77
14.645	213.44
14.655	212.74
14.665	209.78
14.675	210.01
14.685	214
14.695	206.21
14.705	203.57
14.715	212.21
14.725	210.84
14.735	214.17
14.745	211.64
14.755	210.38
14.765	220.66
14.775	245.61
14.785	245.19
14.795	240.03
14.805	236.45
14.815	232.44
14.825	229.02
14.835	229.14
14.845	229.61
14.855	228.63
14.865	225.88
14.875	222.87
14.885	220.74
14.895	218.89
14.905	216.07
14.915	213.1
14.925	211.63
14.935	209.42
14.945	209.66
14.955	208.73
14.965	209.77
14.975	208.86
14.985	211.4
14.995	209.53
15.005	210.45
15.015	211.38
15.025	212.79
15.035	210.7
15.045	209.25
15.055	206.5
15.065	205.78
15.075	205.5
15.085	204.02
15.095	204.5
15.105	205.26
15.115	204.41
15.125	204.2
15.135	203.74
15.145	200.78
15.155	188.65
15.165	249.29
15.175	192.63
15.185	204.47
15.195	197.96
15.205	200.16
15.215	199.27
15.245	248.1
15.255	227.76
15.265	199.75
15.275	200.12
15.285	196.14
15.295	226.63
15.305	184.38
15.315	184.46
15.325	184.25
15.335	184.75
15.345	185.34
15.355	186.37
15.365	185.91
15.375	184.6
15.385	186.2
15.395	187.06
15.405	188.69
15.415	190.86
15.425	193.06
15.435	193.28
15.445	191.73
15.455	192.23
15.465	194.82
15.475	200.97
15.485	205.31
15.495	194.2
15.505	205.4
15.515	207.65
15.525	209.92
15.535	222.78
15.545	199.65
15.555	199.34
15.565	198.79
15.575	196.17
15.585	194.09
15.595	191.74
15.605	189.61
15.615	189.58
15.625	189.04
15.635	190.35
15.645	191.73
15.655	192.3
15.665	188.13
15.675	189.45
15.685	185.41
15.695	188.82
15.815	210.6
15.825	191.37
15.835	188.4
15.845	186.04
15.855	183.1
15.865	179.08
15.875	177.74
15.885	175.46
15.895	174.27
15.905	175.44
15.915	180.95
16.445	243.71
16.545	218.61
16.555	209.76
16.565	208.48
16.575	207.36
16.585	206.9
16.595	201.02
16.605	195.51
16.615	201.67
16.625	199.64
16.635	195.8
16.645	199.66
16.655	205.12
16.665	206.27
16.675	201.78
16.685	200.07
16.695	248.28
16.705	249.73
16.715	223.43
16.725	222.97
16.735	222.07
16.745	220.58
16.755	219.01
16.765	219.93
16.775	220.45
16.785	219.32
16.795	219.59
16.805	217.26
16.815	210.17
16.825	207.06
16.835	204.88
16.845	205.32
16.855	206.94
16.865	208.61
16.875	207.02
16.885	205.12
16.895	206.99
16.905	205.17
16.995	238.86
17.005	222.85
17.015	210.75
17.025	211.38
17.035	206.42
17.045	203.24
17.055	204.33
17.065	204.46
17.075	201.77
17.085	201.05
17.095	202.11
17.105	199.9
17.115	198.98
17.125	197.61
17.135	196.49
17.145	194.01
17.155	192.15
17.165	192.01
17.175	192.07
17.185	193.46
17.195	189.58
17.205	191.43
17.215	191.09
17.335	266.26
17.345	290.69
17.415	191.97
17.425	186.27
17.435	188.63
17.445	189.43
17.455	186.58
17.465	184.28
17.475	190.21
18.495	186.92
18.505	179.24
18.515	177.05
18.525	179.55
18.535	180.75
18.545	177.94
18.555	176.53
18.565	178.07
18.575	179.47
18.585	180.28
18.595	179
18.605	177.25
18.615	178.9
18.625	177.45
18.635	177.42
18.645	183.54
18.655	191.21
18.665	194.6
18.675	193.98
18.685	201.09
18.695	198.31
18.705	192.35
18.715	190.54
19.085	223.45
19.095	209.34
19.105	205.96
19.115	193.03
19.125	196.6
19.135	205.8
19.255	206.26
19.265	201.72
19.275	198.73
19.285	192.8
19.295	193.74
19.305	197.17
19.315	185.49
19.325	183.92
19.405	221.47
19.415	196.24
19.425	192.7
19.435	189.76
19.445	212.69
19.455	180.61
19.465	179.12
19.475	178.14
19.485	177.4
19.495	176.68
19.505	177.14
19.515	177.22
19.525	177.32
19.535	179.75
19.545	180.09
19.555	180.16
19.565	182.39
19.575	183.16
19.585	184.55
19.595	182.5
19.605	184.93
19.615	185.28
19.625	183.69
19.635	184.25
19.645	185.64
19.655	188.79
19.665	189.38
19.675	189.54
19.685	188.67
19.695	187.84
19.705	186.5
19.715	185.89
19.725	185.04
19.735	180.57
19.745	186.27
19.755	189.84
19.765	188.26
19.775	199.27
21.005	180.69
21.015	176.85
21.025	173.7
21.035	176.67
21.045	183.69
21.055	183.6
21.065	175.35
21.075	176.4
21.105	201
21.115	191.11
21.125	184.97
21.135	181.93
21.145	184.21
21.155	188.1
21.165	187.42
21.175	187.25
21.185	181.63
21.195	184.06
21.485	207.99
21.495	174.49
21.505	165.8
21.515	166.7
21.525	166.39
21.535	165.15
21.545	162.16
21.555	160.2
21.565	159.77
21.575	149.19
21.585	148.74
21.595	146.58
21.605	160.31
21.615	163.22
21.645	165.33
21.655	170.49
21.665	167.78
21.675	159.69
21.985	239.13
21.995	196.17
22.005	193.05
22.015	199.6
22.035	194.4
22.045	198.76
22.055	207.39
