time	f0
0.214	92.34
0.224	92.6
0.234	93.14
0.244	94.13
0.254	98.53
0.264	102.7
0.274	109.08
0.284	113.24
0.294	114.88
0.304	114.92
0.314	121.22
0.324	122.32
0.334	122.11
0.344	118.18
0.354	117.75
0.364	118.55
0.394	132.98
0.404	133.01
0.414	132.17
0.424	131.39
0.434	130.68
0.444	130.14
0.454	125.92
0.464	121.42
0.474	118.64
0.484	112.8
0.494	110.27
0.564	131.2
0.574	131.7
0.584	136.18
0.594	140.97
0.604	144.87
0.614	145.69
0.624	147.4
0.634	150.66
0.644	150.62
0.654	151.01
0.664	150.03
0.674	148.58
0.684	146.62
0.694	144.44
0.704	141.76
0.714	130.98
0.724	127.73
0.734	121.31
0.744	114.56
0.754	113.04
0.764	115.01
0.774	119.9
0.784	125.97
0.794	128.91
0.804	129.06
0.814	128.12
0.824	125.99
0.834	121.47
0.844	120.51
0.854	119.23
0.864	119.27
0.874	115.23
0.884	115.01
0.894	115.01
0.904	115.65
0.914	116.24
0.924	116.04
0.934	115.27
0.944	114.91
0.954	114.86
0.964	114.93
0.974	115.23
0.984	115.44
0.994	115.6
1.004	115.49
1.014	115.2
1.024	115.11
1.034	115.22
1.094	127.79
1.104	131.37
1.114	132.94
1.124	141.49
1.134	145.38
1.144	146.46
1.154	147.11
1.164	144.02
1.174	143.16
1.184	143.3
1.194	143.84
1.244	144.66
1.254	144.3
1.264	140.07
1.274	136.69
1.284	134.81
1.294	133.42
1.304	128.74
1.314	127.28
1.324	134.3
1.334	134.3
1.344	132.24
1.354	129.21
1.364	123.32
1.374	119.94
1.384	120.2
1.394	119.54
1.404	116.35
1.414	113.83
1.424	113.3
1.434	111.45
1.444	110.88
1.454	110.6
1.464	110.35
1.474	110.46
1.484	112.1
1.494	111.94
1.504	111.84
1.514	112.05
1.524	112.08
1.534	112.57
1.544	112.76
1.554	116.62
1.564	124.13
1.574	124.19
1.584	117.16
1.594	118.63
1.604	122.06
1.614	125.3
1.624	127.67
1.634	129.88
1.644	131.58
1.654	142.91
1.664	148.17
1.674	155.65
1.684	160.52
1.694	164.6
1.704	166.54
1.714	169.01
1.724	172.98
1.734	172.83
1.744	172.56
1.754	172.16
1.764	171.7
1.774	170.23
1.784	168.37
1.794	166.66
1.804	165.12
1.814	163.65
1.824	162.68
1.834	168.65
1.844	172.13
1.854	156.66
1.864	155.69
1.874	153.82
1.884	151.34
1.894	150.07
1.904	149.14
1.914	147.71
1.924	146.49
1.934	144.6
1.944	142.52
1.954	140.03
1.964	138.62
1.974	137.39
1.984	136.34
1.994	135.46
2.004	134.79
2.014	133.98
2.024	132.84
2.034	131.68
2.044	130.03
2.054	126.54
2.064	124.58
2.074	122.24
2.084	120.46
2.094	119.89
2.104	114.95
2.114	113.83
2.124	111.29
2.134	105.47
2.144	103.91
2.154	102.27
2.164	99.72
2.174	99.33
2.184	99.52
2.194	99.28
2.204	99.04
2.214	99.12
2.224	98.95
2.234	99.14
2.244	100.07
2.254	101.75
2.264	102.38
2.274	102.79
2.284	103.25
2.294	103.66
2.304	104.3
2.314	104.66
2.324	104.55
2.334	104.3
2.344	104.35
2.354	104.06
2.364	103.68
2.374	103.23
2.384	103.06
2.394	102.77
2.404	102.4
2.414	102.07
2.424	102.04
2.434	102.3
2.444	101.99
2.454	101.94
2.464	102.17
2.474	102.71
2.484	103.57
2.494	104.1
2.504	103.79
2.514	103.55
2.524	104
2.534	104.34
2.544	104.2
2.554	104.02
2.564	104.04
2.574	103.96
2.584	103.36
2.594	102.83
2.604	102.92
2.614	102.86
2.624	102.39
2.634	101.97
2.644	101.4
2.654	100.46
2.664	98.48
2.674	97.54
2.684	98.49
2.694	98.24
2.704	98.64
2.714	98.43
2.724	98.2
2.734	98.39
2.744	98.56
2.754	98.46
2.764	98.01
2.774	97.62
2.784	97.38
2.794	97.53
2.804	97.88
2.814	97.25
2.824	97.59
2.834	97.92
2.844	97.64
2.854	98.16
2.864	98.43
2.874	99.04
2.884	98.75
2.894	98.21
2.904	97.75
2.914	97.22
2.924	96.91
2.974	106.62
2.984	105.85
2.994	102.58
3.004	102.58
3.014	102.23
3.024	102.4
3.034	102.52
3.044	102.48
3.054	103.46
3.064	105.26
3.074	107.59
3.084	109.85
3.094	111.37
3.104	113.3
3.114	121.2
3.124	127.81
3.134	132.79
3.144	136.6
3.154	140.53
3.164	144.2
3.174	146.67
3.184	141.92
3.194	138.35
3.244	139.67
3.254	139.16
3.264	134.99
3.274	129.2
3.284	118.87
3.294	109.33
3.304	106.55
3.314	106.23
3.404	110.35
3.414	108.83
3.424	108.39
3.434	107.21
3.444	106.28
3.454	107.75
3.464	108.76
3.474	109.46
3.484	110.15
3.494	112.01
3.504	115.43
3.514	119.83
3.524	121.75
3.534	123.94
3.544	125.7
3.554	127.07
3.564	128.36
3.574	129.21
3.584	129.39
3.594	129.31
3.604	128.96
3.614	127.91
3.624	126.04
3.634	123.61
3.864	108.3
3.874	112.18
3.884	112.21
3.894	111.13
3.904	110.05
3.914	108.11
3.924	106.48
3.934	105.35
3.944	104.95
3.954	104.98
3.964	104.84
3.974	104.42
3.984	103.66
3.994	102.55
4.004	101.61
4.014	100.4
4.024	99.02
4.034	97.97
4.044	97.22
4.054	96.45
4.064	94.02
4.074	69.76
4.084	96.85
4.094	96.31
4.104	93.42
4.114	97.41
4.124	102.63
4.134	97.91
4.144	95.67
4.154	95.03
4.164	93.88
4.174	93.63
4.184	93.69
4.194	93.97
4.204	94.09
4.214	94.03
4.224	93.6
4.234	92.73
4.244	93.07
4.254	94.99
4.264	96.63
4.274	97.17
4.284	97.71
4.294	97.79
4.304	97.95
4.314	98.01
4.324	98.29
4.334	98.14
4.344	102.74
4.354	107.61
4.364	96.4
4.374	95.67
4.384	92.87
4.394	90.96
4.404	90.76
4.414	88.95
4.424	88.61
4.434	90.56
4.444	97.98
4.454	101.2
4.464	103.95
4.474	105.77
4.484	107.49
4.494	108.43
4.504	109.62
4.514	110.78
4.524	112.72
4.534	114.89
4.544	117.1
4.554	119.93
4.564	123.56
4.574	126.11
4.584	127.8
4.594	128.12
4.604	129.34
4.614	132.22
4.624	135.23
4.634	137.53
4.644	138.6
4.654	139.56
4.664	140.84
4.674	141.7
4.684	143.48
4.694	143.82
4.704	141.86
4.714	139.13
4.724	138
4.734	137.16
4.744	135.68
4.754	133.85
4.764	130.68
4.774	134.28
4.784	134.29
4.794	134.23
4.904	118.68
4.914	115.42
4.924	111.77
4.934	108.16
4.944	105.09
4.954	101.93
4.964	99.24
4.974	97.95
4.984	96.74
4.994	95.75
5.004	94.95
5.014	93.07
5.024	91.48
5.034	91.36
5.044	91.81
5.054	91.66
5.064	91.28
5.074	90.74
5.084	90.34
5.094	90.23
5.104	90.07
5.114	89.92
5.124	89.96
5.134	89.79
5.144	89.75
5.154	89.69
5.164	89.29
5.174	88.68
5.184	87.96
5.194	87.79
5.204	88.34
5.214	88.31
5.224	88.64
5.234	88.94
5.244	89.01
5.254	86.72
5.264	85.78
5.274	83.99
5.284	81.14
5.294	81.46
5.304	103.17
5.314	103.34
5.324	97.97
5.334	96.01
5.344	95.13
5.354	94.2
5.364	93.31
5.374	98.25
5.384	94.6
5.394	90.55
5.404	90.19
5.414	89.7
5.424	88.78
5.434	87.89
5.444	85.97
5.454	83.9
5.544	128.41
5.554	127.3
5.564	127.63
5.574	128.15
5.584	132.35
5.594	135.95
5.604	134.24
5.614	135.01
5.624	137.83
5.634	140.36
5.644	143.18
5.654	146.27
5.664	148.63
5.674	147.17
5.684	148.17
5.694	147.08
5.704	144.72
5.714	142.96
5.724	133.35
5.734	126.75
5.754	80.98
5.764	81.24
5.774	79.44
5.794	86.22
5.804	89.58
5.814	91.83
5.824	95.21
5.834	98.96
5.844	104.31
5.854	107.97
5.864	111.52
5.874	112.09
5.884	112.93
5.894	113.24
5.904	113.63
5.914	114.28
5.924	115.43
5.934	114.24
5.944	114.33
5.954	116.28
5.964	116.28
5.974	115.66
5.984	116.58
5.994	115.14
6.004	109.98
6.014	104.68
6.024	96.72
6.054	94.37
6.064	94.74
6.074	95.49
6.084	96.59
6.094	96.23
6.104	95.61
6.114	94.82
6.124	94.18
6.134	93.92
6.144	94.58
6.154	96.68
6.164	99.44
6.174	102.92
6.184	106.28
6.194	110.09
6.204	114.12
6.214	119.08
6.224	124.83
6.234	127.22
6.244	128.38
6.254	126.94
6.354	210.64
6.364	205.55
6.374	198.64
6.384	190.82
6.394	198.43
6.404	194.49
6.474	93.68
6.484	95.19
6.494	94.37
6.504	93.03
6.514	89.11
6.524	88.59
6.534	103.03
6.544	100.16
6.554	98.18
6.564	97.96
6.574	99.62
6.584	101.99
6.594	103.1
6.604	104.33
6.614	107.05
6.624	108.56
6.634	109.66
6.644	111.21
6.654	112.1
6.664	112.41
6.674	112.78
6.684	113.22
6.694	113.26
6.704	112.62
6.714	111.5
6.724	110.3
6.734	108.96
6.744	106.14
6.754	102.06
6.764	95.62
6.774	92.08
6.784	88.92
6.794	89.11
6.804	85.18
6.814	76.33
6.824	75.93
6.834	74.03
6.844	74.86
6.854	76.89
6.864	85.23
6.874	81.71
6.884	78.84
6.894	78.41
6.904	78.72
6.914	79.93
6.924	82.74
6.934	84.61
6.944	88.71
6.954	90.68
6.964	90.35
6.974	89.91
6.984	89.48
6.994	94.23
7.004	98.08
7.044	111.55
7.054	114.99
7.064	120.12
7.074	123.29
7.084	124.96
7.094	124.7
7.104	121.24
7.164	136.19
7.174	130.36
7.184	124.6
7.194	118.01
7.204	114.32
7.214	109.68
7.224	106.28
7.234	102.12
7.244	98.73
7.254	98.35
7.264	98.38
7.274	100.22
7.284	101.12
7.294	98.92
7.304	98.05
7.314	98.38
7.324	100.26
7.334	101.67
7.344	101.99
7.354	102.96
7.364	104.4
7.374	107.34
7.384	119.38
7.394	124.49
7.404	127.07
7.414	131.28
7.424	137
7.434	144.35
7.444	150.22
7.454	152.46
7.464	145.94
7.474	144.54
7.484	144.34
7.494	140.52
7.504	151.38
7.684	88.64
7.694	88.14
7.704	88.09
7.714	88.55
7.724	89.8
7.734	90.46
7.744	91.18
7.754	91.76
7.764	92.18
7.774	93.28
7.784	94.06
7.794	94.36
7.804	95.11
7.814	95.9
7.824	96.56
7.834	97.47
7.844	98.63
7.854	99.88
7.864	101.76
7.874	104.44
7.884	107.88
7.894	112.57
7.904	118.84
7.914	123.56
7.924	131.2
7.934	135.72
7.944	142.34
7.954	148.63
7.964	151.24
7.974	150.09
7.984	140.87
7.994	140.2
8.004	148.74
8.014	148.2
8.024	145.83
8.084	121.43
8.094	116.48
8.104	112.18
8.114	105.77
8.124	97.93
8.134	95.27
8.144	93.15
8.154	91.5
8.164	89.98
8.174	92.28
8.184	92.13
8.194	91.66
8.204	91.58
8.214	91.31
8.224	90.22
8.234	88.11
8.244	84.82
8.314	95.45
8.324	92.85
8.334	92.77
8.344	93.68
8.354	93.98
8.364	94.48
8.374	94.24
8.384	91.64
8.394	89.95
8.404	92.42
8.414	100.36
8.424	99.75
8.434	96.27
8.444	95.05
8.454	94.57
8.464	94.18
8.474	93.43
8.484	92.47
8.494	89.78
8.504	81.28
8.514	78.35
8.524	77.79
8.534	79.74
8.544	83.87
8.554	91.29
8.564	98.94
8.574	107.19
8.584	110.86
8.594	112.36
8.604	112.43
8.614	112.04
8.624	112.01
8.634	112.79
8.644	115.95
8.654	121.52
8.664	124.71
8.674	126.13
8.684	126.88
8.694	121.55
8.704	122.61
8.774	115.93
8.784	105.49
8.794	99.63
8.804	94.94
8.814	89.9
8.824	86.38
8.914	92.4
8.924	91.8
8.934	90.83
8.944	89.04
8.954	85.91
8.964	88.33
8.974	97.17
8.984	95.38
8.994	94.62
9.004	96.19
9.014	99.57
9.024	101.61
9.034	103.15
9.044	103.83
9.054	105.08
9.064	107.4
9.074	109.91
9.084	111.43
9.094	111.82
9.104	111.23
9.114	110.35
9.124	109.75
9.134	108.83
9.144	107.53
9.154	105.09
9.164	102.81
9.174	99.83
9.424	100.91
9.434	98.93
9.444	96.36
9.454	94.24
9.464	92.52
9.474	91.25
9.484	90.85
9.494	90.65
9.504	90.57
9.514	90.54
9.524	89.77
9.534	89.23
9.544	88.98
9.554	89.13
9.564	88.84
9.574	88.14
9.584	88.52
9.594	89.21
9.604	89.77
9.614	90.53
9.624	90.54
9.634	90.42
9.644	91.44
9.654	91.83
9.664	90.78
9.674	90.36
9.684	88.09
9.694	87.01
9.704	85.5
9.714	85.49
9.724	86.92
9.824	104.17
9.834	104
9.844	104.38
9.854	103.44
9.864	102.23
9.874	100.11
9.884	99.15
9.894	99.3
9.904	99.18
9.914	98.89
9.924	98.3
9.934	97.75
9.944	97.83
9.954	95.24
10.034	105.58
10.044	102.59
10.054	98.99
10.064	94.25
10.074	90.5
10.084	85.42
10.244	114.89
10.254	113.16
10.264	112.5
10.274	112.45
10.284	113.02
10.294	116.07
10.304	119.97
10.314	121.53
10.324	124.49
10.334	128.34
10.344	130.2
10.354	131.14
10.364	133.38
10.374	134.46
10.384	135.36
10.394	135.53
10.404	135
10.414	133.68
10.424	131.84
10.434	130.08
10.444	127.65
10.454	122.52
10.464	116.34
10.474	112.48
10.484	111.34
10.494	111.93
10.504	113.39
10.514	115.01
10.524	116.54
10.534	118.56
10.544	121.05
10.554	125.48
10.564	131.11
10.574	134.36
10.584	137.31
10.594	140.46
10.604	140.33
10.614	138.96
10.624	136.5
10.634	137.58
10.644	141.61
10.654	140.61
10.664	135.75
10.674	133.34
10.734	91.11
10.744	90.5
10.754	89.45
10.764	88.1
10.774	86.38
10.784	84.58
10.794	82.67
10.804	81.78
10.814	82.79
10.824	84.94
10.834	86.71
10.844	85.14
10.854	84.79
10.864	84.05
10.874	82.7
10.884	81.24
10.894	79.92
10.904	78.42
10.914	77.7
10.924	78.09
10.934	78.07
10.944	77.41
10.954	77.26
10.964	76.83
10.974	76.48
10.984	76.62
10.994	76.89
11.004	77.12
11.014	77.11
11.024	76.82
11.034	76.15
11.044	75.72
11.054	76.12
11.104	69.84
11.114	79.14
11.124	91.01
11.134	91.4
11.144	93.42
11.154	93.8
11.164	93.5
11.174	93.07
11.184	92.46
11.194	91.99
11.204	90.53
11.214	89.02
11.224	87.81
11.234	87.22
11.244	86.73
11.254	85.78
11.264	85.21
11.274	85.01
11.284	84.52
11.294	83.77
11.304	83.63
11.314	83.54
11.324	83.47
11.334	83.51
11.344	83.91
11.354	84
11.364	83.34
11.374	81.96
11.384	80.57
11.394	80.88
11.404	80.95
11.414	80.25
11.424	79.71
11.434	78.36
11.444	77.39
11.454	76.48
11.464	74.79
11.474	72.25
11.484	71.46
11.494	70.37
11.504	68.26
11.514	67.84
11.524	81.74
11.534	79.96
11.544	79.08
11.554	79.25
11.564	78.65
11.574	78.77
11.584	79.92
11.594	78.26
11.604	77.79
11.704	205.41
11.714	198.47
11.724	193.36
11.734	92.56
11.744	93.86
11.754	95.04
11.764	94.78
11.774	97.21
11.784	98.33
11.794	104.11
11.804	103.49
11.814	100.73
11.824	101.29
11.834	103.42
11.844	104.94
11.854	106.45
11.864	107.29
11.874	107.15
11.884	108
11.894	111.63
11.904	112.24
11.914	111.84
11.924	110.83
11.934	108.5
11.944	103.25
11.954	97.87
11.964	99.05
11.984	88.64
11.994	87.52
12.004	87.49
12.014	87.16
12.024	87
12.034	74.43
12.104	99.27
12.114	99.36
12.124	97.43
12.134	91.38
12.144	89.35
12.154	87.75
12.164	89.37
12.174	90.49
12.184	90.8
12.194	91.87
12.204	96.73
12.214	100.97
12.224	101.15
12.234	104.34
12.244	104.06
12.254	106.15
12.264	107.69
12.274	109.18
12.284	110.55
12.294	110.72
12.304	110.81
12.314	110.32
12.324	109.36
12.334	107.23
12.344	105.65
12.354	104.39
12.364	103.64
12.374	103
12.384	102.63
12.394	101.85
12.404	101.03
12.414	99.05
12.424	98.32
12.434	95.4
12.444	95.03
12.454	97.84
12.464	95.49
12.474	94.42
12.484	94.65
12.494	93.81
12.504	92.28
12.514	91.45
12.524	90.59
12.534	89.35
12.544	88.3
12.554	88.01
12.564	90.33
12.574	93.11
12.584	92.44
12.594	92.19
12.604	92.58
12.614	93.33
12.624	93.4
12.634	93.73
12.644	93.67
12.654	92.16
12.664	95.5
12.674	98.05
12.684	99.88
12.694	102.64
12.704	103.7
12.714	105.34
12.724	106.72
12.734	107.52
12.744	108.51
12.754	109.34
12.764	109.76
12.774	109.1
12.784	108.32
12.794	107.2
12.804	105.08
12.814	102.09
12.824	97.93
12.834	90.73
12.844	84.31
12.854	82.05
12.864	81.76
12.874	83.57
12.884	84.74
12.894	85.25
12.904	85.39
12.914	82.79
12.924	79.23
13.024	91.03
13.034	88.64
13.044	88.4
13.054	89.2
13.064	89.31
13.074	88.45
13.084	86.38
13.094	85.51
13.104	86.21
13.114	78.53
13.124	79.57
13.134	88.56
13.144	100.16
13.154	103.68
13.164	105.58
13.174	107.41
13.184	109.25
13.194	109.63
13.204	108.92
13.214	108.72
13.224	109.07
13.234	108.84
13.244	107.82
13.254	107.07
13.264	105.51
13.274	102.85
13.284	100.11
13.294	96.26
13.304	93.63
13.314	89.79
13.324	87.85
13.334	87.35
13.344	86
13.354	87.94
13.364	85.31
13.374	84.44
13.384	84.28
13.394	85.31
13.404	87.07
13.414	88.17
13.424	90.02
13.434	91.77
13.444	92.57
13.454	92.16
13.464	89.67
13.474	94.12
13.484	95.6
13.494	94.69
13.504	94.4
13.514	92.12
13.524	91
13.534	90.54
13.544	86.06
13.554	80.69
13.564	79.7
13.574	78.45
13.584	77.28
13.594	76.33
13.604	73.9
13.614	72.45
13.624	71.68
13.764	81.2
13.774	79.04
13.784	77.28
13.794	76
13.804	76.33
13.814	76.5
13.824	76.34
13.834	76.14
13.844	76.94
13.854	77.95
13.864	79.03
13.874	81
13.884	82.02
13.894	80.88
13.904	79.92
13.914	77.81
13.924	75.83
13.934	76.94
13.944	78.65
13.954	79.25
13.964	79.19
13.974	78.58
13.984	77.47
13.994	77
14.004	77.02
14.014	78.79
14.024	78.76
14.034	75.63
14.044	73.01
14.054	68.84
14.564	97.46
14.574	94.79
14.584	93.57
14.594	92.16
14.604	90.54
14.614	88.57
14.624	86.11
14.634	83.59
14.644	83.72
14.654	85.75
14.664	90.12
14.674	87.73
14.684	85.68
14.694	83.98
14.704	82.53
14.714	81.31
14.724	79.71
14.734	76.17
14.744	72.93
14.824	94.29
14.834	94.32
14.844	92.34
14.854	88.76
14.864	86.29
14.874	86.27
14.884	85.44
14.894	84.54
14.904	81.27
14.914	80.45
14.924	82.12
14.934	84.52
14.944	84.86
14.954	84.2
14.964	83.28
14.974	83.28
14.984	83.18
14.994	82.7
15.004	81.86
15.014	81.13
15.024	80.31
15.034	79.3
15.044	78.7
15.054	78.44
15.064	78.09
15.074	77.05
15.084	75.66
15.094	75
15.104	76.46
15.114	76.71
15.134	84.39
15.144	84.74
15.154	84.59
15.164	83.08
15.174	81.13
15.184	81.36
15.194	84.15
15.204	86.02
15.214	86.56
15.224	86.12
15.234	85.26
15.244	85.27
15.254	85.04
15.264	83.89
15.274	81.59
15.284	84.16
15.294	86.15
15.304	91.3
15.314	91.97
15.324	91.19
15.334	92.11
15.344	93.08
15.354	93.65
15.364	93.12
15.374	95.99
15.384	105.38
15.394	107.91
15.404	108.22
15.414	110.78
15.424	116.81
15.434	121.13
15.444	118.95
15.454	116.79
15.464	112.05
15.594	90.68
15.604	90.21
15.704	87.82
15.714	85.24
15.724	82.4
15.734	80.41
15.744	83.3
15.754	81.85
15.764	80.88
16.034	101.3
16.044	99.36
16.054	98.23
16.064	97.56
16.074	102.39
16.084	102.5
16.094	100.99
16.104	103.58
16.114	105.89
16.124	108.01
16.134	110.5
16.144	114.63
16.154	118.56
16.164	121.8
16.174	126.83
16.184	132.47
16.194	135.75
16.204	138.99
16.214	142.08
16.224	137.48
16.234	138.42
16.244	136.75
16.254	145.12
16.264	141.84
16.274	139.06
16.304	88.18
16.314	88.77
16.324	89.69
16.334	88
16.344	76.75
16.354	73.9
16.364	73.2
16.374	73.23
16.384	75.9
16.394	78.63
16.404	79.66
16.414	81.29
16.424	81.45
16.434	81.2
16.444	82.71
16.454	83.21
16.464	81.88
16.474	81.05
16.484	83.44
16.494	84.28
16.504	84.61
16.514	85.36
16.524	87.1
16.534	88.82
16.544	91.85
16.554	97.04
16.564	101.65
16.574	106.38
16.584	108.97
16.594	109.81
16.604	108.35
17.644	136.76
17.654	138.58
17.664	138.32
17.674	138.18
17.684	137.36
17.694	133.91
17.704	130.63
17.714	124.37
17.724	123.76
17.734	121.91
17.744	127.28
17.754	122.8
17.764	121.79
17.774	125.77
17.784	127.94
17.794	127.72
17.804	126.91
17.814	126.36
17.824	126.17
17.834	125.58
17.844	124.7
17.854	124.39
17.864	124.26
17.914	132.31
17.924	133.92
17.934	132.74
17.944	132.54
17.954	137.9
17.964	135.56
17.974	134.26
17.984	132.58
17.994	129.94
18.004	128.88
18.014	129.47
18.024	129.5
18.034	130.15
18.044	131.33
18.054	133.36
18.064	135.94
18.074	137.64
18.084	140.09
18.094	142.96
18.104	144.44
18.114	145.6
18.124	146.83
18.134	146.59
18.144	147.44
18.154	146.78
18.164	145.53
18.174	140.95
18.184	133.19
18.194	127.95
18.234	105.32
18.244	106.19
18.254	111.79
18.264	121.33
18.274	121.26
18.284	120.48
18.294	118.72
18.304	117.17
18.314	116.46
18.324	115.72
18.334	113.18
18.364	207.7
18.374	209.64
18.394	115.93
18.404	116.15
18.414	116.63
18.444	128.25
18.454	127.84
18.464	127.04
18.474	125.65
18.484	124.71
18.494	123.96
18.504	122.43
18.514	123.46
18.524	123.59
18.534	123.08
18.544	122.52
18.554	122.71
18.564	122.95
18.574	122.63
18.584	122.57
18.594	131.01
18.604	133.26
18.614	133.68
18.624	138.56
18.634	142.84
18.644	144.91
18.654	146.86
18.664	148.66
18.674	147.91
18.684	149.19
18.694	154.34
18.704	156.75
18.714	167.59
18.724	174.39
18.734	173.72
18.744	170.48
18.754	166.28
18.764	160.91
18.864	150.97
18.874	149.14
18.884	146.69
18.894	144.32
18.904	143.33
18.914	142.82
18.924	134.97
18.934	135.68
18.944	143.24
18.954	143.19
18.964	143.38
18.974	144.24
19.014	123.29
19.024	115.21
19.034	111.35
19.044	106.56
19.054	105.25
19.064	103.65
19.074	101.62
19.084	103.65
19.094	104.13
19.104	105
19.114	104.54
19.124	103.35
19.514	145.75
19.524	144.46
19.534	143.68
19.544	143.03
19.554	142.26
19.564	141.01
19.574	139.94
19.584	139.48
19.594	138.97
19.604	138.64
19.614	138.62
19.624	139.39
19.634	141.59
19.644	145.26
19.654	150.29
19.664	152.6
19.674	154.52
19.684	159.74
19.694	163.57
19.704	165.12
19.714	166.91
19.724	168.95
19.734	170.84
19.744	171.61
19.754	170.42
19.764	168.1
19.774	165.56
19.784	162.13
19.794	155.24
19.804	147.57
19.814	134.98
19.844	105.69
19.854	103.07
19.864	98.21
19.874	95.31
19.884	93.7
19.894	92.25
19.904	91.63
19.914	91.35
19.924	90.96
19.934	90.95
19.944	91.17
19.954	91.35
19.964	91.72
19.974	91.89
19.984	91.4
19.994	90.29
20.004	89.37
20.014	89.3
20.024	89.89
20.034	90.49
20.044	91.32
20.054	91.95
20.064	92.01
20.074	91.66
20.084	91.52
20.094	91.84
20.104	91.61
20.114	91.77
20.124	92.02
20.134	91.87
20.144	91.81
20.154	92.37
20.164	92.82
20.174	92.24
20.184	91.56
20.194	91.54
20.204	91.42
20.214	91.76
20.224	91.85
20.234	91.81
20.244	92.34
20.254	92.49
20.264	92.29
20.274	92.33
20.284	91.53
20.294	88.98
20.304	88.83
20.314	78.4
20.324	77.65
20.344	186.17
20.354	182.19
20.364	180.77
20.374	181.02
20.384	180.53
20.414	85.85
20.424	97.61
20.434	111.9
20.444	110.55
20.454	107.9
20.594	122.51
20.604	115.95
20.614	113.49
20.624	112.77
20.634	111.65
20.644	110.56
20.654	111.14
20.664	111.13
20.674	109.6
20.684	108.79
20.694	108.42
20.704	109.22
20.714	110.66
20.724	112.85
20.734	115.49
20.744	118.85
20.754	123.02
20.764	134.13
20.774	140.58
20.784	140.32
20.794	143.06
20.804	148.05
20.814	157.38
20.824	160.26
20.834	165.64
20.844	170.5
20.854	178.56
20.864	184.48
20.874	187.22
20.884	187.9
20.894	185.15
20.904	180.62
20.914	176.41
20.924	173.09
20.934	170.71
20.944	167.78
20.954	162.61
20.964	158.01
20.974	149.88
20.984	139.13
20.994	133.41
21.004	127.82
21.014	121.11
21.024	116.16
21.034	110.43
21.044	106.73
21.054	102.77
21.064	99.76
21.074	96.38
21.084	94.08
21.094	93.95
21.104	94.13
21.114	93.14
21.124	88.75
21.134	89.23
21.144	87.74
21.154	87.3
21.164	87.09
21.174	87.34
21.184	86.94
21.194	86.31
21.204	86.1
21.214	77.92
21.224	83.62
21.254	105.28
21.264	104.81
21.274	104.94
21.284	105.51
21.294	105.91
21.304	105.11
21.314	103.77
21.324	104.13
21.334	108.78
21.344	111.34
21.354	111.7
21.364	111.05
21.374	110.53
21.384	109.79
21.394	215.05
21.404	207.87
21.414	205.82
21.424	213.63
21.454	98.88
21.464	99.19
21.474	99.28
21.484	99.32
21.494	98.63
21.504	97.08
21.514	96.27
21.524	95.82
21.534	95.58
21.544	94.59
21.554	94.18
21.564	93.56
21.574	93.14
21.584	92.52
21.594	91.9
21.604	91.8
21.614	91.79
21.624	91.77
21.634	91.82
21.644	91
21.654	90.44
21.664	90.28
21.674	90.16
21.684	89.91
21.694	90.08
21.734	89.69
21.744	90.11
21.754	103.05
21.764	106.56
21.774	106.43
21.784	105.39
21.794	104.08
21.804	100.21
21.814	100.92
21.824	100.47
21.834	99.37
21.864	121.19
21.874	115.84
21.884	114.89
21.894	110.51
21.904	108.04
21.914	107.39
21.924	104.17
21.934	102.51
22.074	101.83
22.084	101.64
22.094	100.42
22.104	98.49
22.114	97.28
22.124	95.83
22.134	97.52
22.144	99.33
22.154	100.06
22.164	103.1
22.174	105.78
22.184	108.94
22.194	112.37
22.204	114.96
22.214	121.79
22.224	125.55
22.234	129.6
22.244	132.52
22.254	136.23
22.264	137.69
22.274	136.76
22.284	137.8
22.294	137.01
22.304	136.87
22.314	137.67
22.324	138.12
22.334	137.38
22.344	136.16
22.354	134.55
22.364	128.96
22.374	124.17
22.384	121.79
22.394	119.14
22.404	112.36
22.414	105.95
22.424	102.9
22.434	100.12
22.444	98.78
22.454	96.36
22.464	96.02
22.474	97.74
22.484	97.51
22.494	96.64
22.504	94.21
22.514	93.51
22.524	124.43
22.534	123.64
22.644	79.88
22.654	79.22
22.664	76.92
22.674	76.14
22.684	76.16
22.694	76.74
22.934	112.46
22.944	112.4
22.954	108.69
22.964	106.35
22.974	105.26
22.984	102.42
22.994	101.83
23.004	100.31
23.014	99.52
23.024	98.93
23.034	97.45
23.044	96.76
23.054	96.14
23.064	96.21
23.074	96.27
23.084	96.29
23.094	95.96
23.104	95.46
23.114	94.77
23.124	94.14
23.134	94.27
23.144	93.99
23.154	93.78
23.164	93.96
23.174	94.25
23.184	94.41
23.194	94.47
23.204	94.17
23.214	93.92
23.224	93.98
23.234	94.31
23.244	94.14
23.254	93.92
23.264	93.89
23.274	93.49
23.284	92.61
23.294	92.14
23.304	92.04
23.314	91.85
23.324	91.82
23.334	91.45
23.344	90.98
23.354	90.55
23.364	90.34
23.374	89.42
23.384	88.93
23.394	88.7
23.404	88.24
23.414	87.42
23.424	86.26
23.434	84.54
23.444	83.71
23.454	83.13
23.464	83.14
23.474	83.43
23.484	83.57
23.494	83.43
23.504	82.84
23.514	82.32
23.524	81.92
23.534	81.53
23.544	81.22
23.554	80.6
23.564	79.96
23.574	79.06
23.584	77.69
23.594	77.26
23.654	82.89
23.664	82.3
23.674	81.89
23.684	81.66
23.694	81.55
23.704	81.42
23.714	81.42
23.724	81.48
23.734	81.54
23.744	81.65
23.754	81.79
23.764	81.9
23.774	82.07
23.784	82.16
23.794	81.37
23.804	80.05
23.814	78.53
23.824	76.72
23.834	76.13
23.844	75.83
23.854	75.18
23.864	75.18
23.874	74.93
24.034	74.28
24.044	72.71
24.054	72.24
24.064	104
24.074	105.58
24.084	105.41
24.094	104.82
24.104	103.98
24.114	103.19
24.124	102.27
24.134	100.73
24.144	100.3
24.154	100.17
24.164	99.48
24.174	99.16
24.184	98.63
24.194	98.34
24.204	99.39
24.214	100.34
24.224	99.65
24.234	93.96
24.244	92.23
24.284	173.31
24.294	174.17
24.304	138.6
24.314	136.41
24.324	120.28
24.334	121.74
24.344	101.36
24.354	101.32
24.364	99.72
24.424	108.81
24.434	103.5
24.444	103.03
24.454	100.64
24.464	99.47
24.474	98.11
24.484	96.1
24.534	104.09
24.544	104.99
24.554	105.21
24.564	104.56
24.574	103.28
24.584	103.23
24.594	102.46
24.604	102.52
24.644	123.8
24.654	123.72
24.664	121.74
24.674	121.08
24.684	120
24.694	118.58
24.704	117.08
24.714	116.65
24.724	116.83
24.734	114.92
24.744	114.24
24.754	111.12
24.764	107.28
24.774	105.99
24.924	116.64
24.934	116.5
24.944	117.73
24.954	119.56
24.964	120.59
24.974	120.23
24.984	117.55
24.994	116.56
25.004	117.71
25.084	123.26
25.094	122.76
25.104	120.1
25.114	113.01
25.124	110.95
25.134	113.25
25.144	114.09
25.154	118.24
25.164	120.16
25.174	116.54
25.184	112.92
25.194	110.55
25.204	108.03
25.214	105.68
25.224	102.78
25.234	101.35
25.244	99.76
25.254	97.85
25.264	96.69
25.274	95.26
25.284	93.1
25.294	91.31
25.304	92.26
25.314	97.46
25.324	95.67
25.334	92.07
25.344	90.63
25.354	89.73
25.364	89.32
25.374	90.16
25.384	91.61
25.394	94.45
25.404	98.24
25.414	99.99
25.424	102.04
25.434	104.58
25.444	109.83
25.454	113.57
25.464	117.45
25.474	118.83
25.484	118.94
25.494	120.62
25.504	120.61
25.514	111.19
25.524	114.81
25.534	119.32
25.544	134.2
25.554	134.19
25.564	132.54
25.574	126.99
25.584	125.4
25.594	123.3
25.604	108.88
25.614	108.52
25.624	104.56
25.634	104.21
25.644	97.43
25.714	113.67
25.724	114.47
25.734	114.23
25.744	113.33
25.754	111.98
25.764	113.04
25.774	112.41
25.784	109.54
25.794	108.32
25.804	108.98
25.814	110.36
25.824	111.94
25.834	113.05
25.844	113.16
25.854	111.56
25.864	111.82
25.874	115.4
25.884	114.94
25.894	113.78
25.904	110.98
25.914	107.97
25.944	81.65
25.954	80.04
25.964	80.9
25.974	81.19
25.984	84.7
25.994	84.98
26.134	88.64
26.144	90.14
26.154	90.32
26.164	87.66
26.174	87.37
26.184	87.31
26.194	87.19
26.204	86.87
26.214	85.29
26.224	86.72
26.234	87.32
26.244	87.18
26.254	87.5
26.264	87.68
26.274	87.34
26.284	86.55
26.294	85.71
26.304	85.27
26.314	84.68
26.324	84.46
26.334	84.81
26.344	85.4
26.354	86.01
26.364	86.11
26.374	85.69
26.384	85.16
26.394	84.72
26.404	83.6
26.414	82.61
26.424	82.54
26.434	82.96
26.444	82.83
26.454	82.92
26.464	83
26.474	83.19
26.484	83.59
26.494	84.26
26.504	84.2
26.514	83.74
26.524	83.72
26.534	83.68
26.544	83.13
26.554	81.89
26.564	79.57
26.574	76.94
26.584	74.96
26.594	72.58
26.604	69.97
26.614	92.05
26.624	89.75
26.634	90.96
26.644	68.74
26.654	69.04
26.664	68.54
26.674	68.8
26.744	91.8
26.754	94.79
26.764	94.88
26.774	92.6
26.784	92.71
26.794	94.92
26.804	92.81
26.814	92.8
26.824	94.13
26.834	94.77
26.844	97.48
26.854	100.07
26.864	94.15
26.874	90.81
26.884	88.26
26.934	96.07
26.944	94.92
26.954	96.01
26.964	97.14
26.974	98.03
26.984	98.84
26.994	99.4
27.004	99.85
27.014	100.33
27.024	100.79
27.034	101.37
27.044	102.26
27.054	103.44
27.064	105.13
27.074	106.08
27.084	107.26
27.094	108.47
27.104	110.34
27.114	113
27.124	116
27.134	117.88
27.144	119.53
27.154	120.58
27.164	121.25
27.174	122.26
27.184	123.55
27.194	124.58
27.204	125.45
27.214	125.71
27.224	125.76
27.234	125.97
27.244	126.29
27.254	126.59
27.264	126.94
27.274	127.56
27.284	128.27
27.294	128.95
27.304	128.74
27.314	127.86
27.324	127.22
27.334	126.63
27.344	125.52
27.354	124.36
27.364	122.59
27.374	119.78
27.384	117.76
27.394	116.09
27.404	114
27.414	111.51
27.424	108.28
27.434	105.39
27.444	102.5
27.454	100.1
27.464	97.79
27.474	95.49
27.484	94.94
27.494	93.12
27.504	90.04
27.514	87.06
27.524	86.32
27.534	85.42
27.544	83.54
27.554	83.16
27.564	83.26
27.574	83.32
27.584	83.15
27.594	83.02
27.604	82.99
27.614	82.64
27.624	82.23
27.634	81.39
27.644	80.82
27.654	80.55
27.664	80.25
27.674	79.83
27.684	79.61
27.694	79.4
27.704	79.5
27.714	79.58
27.724	80.5
27.734	80.83
27.744	79.56
27.754	78.81
27.764	77.58
27.774	77.36
27.784	77.66
27.794	78.53
27.804	79.43
27.814	80.6
27.824	80.72
27.834	79.84
27.844	79.29
27.854	77.73
27.864	75.66
27.874	75.4
27.884	72.52
27.894	72.35
27.914	185.8
27.924	186.06
27.934	179.16
27.994	102.73
28.004	102.96
28.014	105.71
28.024	105.67
28.034	105.45
28.044	105.04
28.054	106.24
28.064	112.88
28.074	118.95
28.084	121.76
28.094	122.58
28.104	124.13
28.114	122.87
28.244	100.78
28.254	100.13
28.264	96.67
28.274	96.37
28.284	94.44
28.294	91.91
28.304	90.96
28.314	90.3
28.324	86.08
28.334	85.25
28.344	84.13
28.354	82.27
28.364	80.71
28.374	79.74
28.424	150.38
28.434	152.64
28.524	95.52
28.534	92.02
28.544	91.15
28.554	90.06
28.564	89.06
28.574	90.22
28.584	90.38
28.594	89.68
28.604	88.48
28.614	86.3
28.714	98.94
28.724	98.15
28.734	98.46
28.744	99.28
28.754	100.03
28.764	103.39
28.774	104.09
28.784	108.72
28.794	109.8
28.804	109.21
28.814	106.97
28.824	103.86
28.834	79.11
28.844	80.71
28.854	81.6
28.954	100.61
28.964	98.51
28.974	94.21
28.984	89.53
28.994	87.33
29.004	86.08
29.014	85.21
29.024	82.36
29.034	79.36
29.044	81.11
29.054	70.95
29.064	71.55
29.074	71.08
29.084	76.47
29.184	88.68
29.194	89.35
29.204	90.11
29.214	90.53
29.224	90.93
29.234	91.53
29.244	93.17
29.254	95.83
29.264	96.19
29.274	96.49
29.284	96.24
29.294	95.77
29.464	99.57
29.474	98.71
29.484	98.78
29.494	99.81
29.504	101.03
29.514	102.04
29.524	102.87
29.534	103.85
29.544	104.82
29.554	105.18
29.564	105.24
29.574	104.87
29.584	104.19
29.594	103.85
29.604	126.24
29.614	126.91
29.624	97.07
29.634	97.35
29.644	98.28
29.654	99.08
29.664	98.22
29.674	98.76
29.684	98.73
29.694	98.25
29.704	98.11
29.714	97.97
29.724	98.27
29.734	98.22
29.744	98.27
29.754	97.61
29.764	95.48
29.774	92.37
29.784	90.51
29.794	88.5
29.804	86.49
29.814	79.01
29.824	81.63
29.834	81.83
29.844	81.59
29.854	81.55
29.864	80.05
29.874	78.02
29.884	77.84
29.894	85.47
29.904	84.85
29.914	81.99
29.924	80.05
29.954	82.46
29.964	83.04
29.974	83.44
29.984	85.13
29.994	88.46
30.004	89.68
30.014	87.58
30.024	83.8
30.034	83.16
30.044	83.34
30.054	83.68
30.064	84.07
30.074	84.21
30.084	83.11
30.094	83.23
30.104	88.19
30.114	90.61
30.124	92.15
30.134	95.38
30.144	99.61
30.154	101.21
30.164	100.1
30.174	100.48
30.184	102.02
30.194	102.68
30.204	101.41
30.214	98.97
30.224	96.7
30.234	99.58
30.244	100.12
30.254	101.26
30.334	102.79
30.344	102.17
30.354	101.83
30.364	99.35
30.374	96.04
30.384	91.15
30.394	88.55
30.404	87.63
30.414	86.43
30.424	83.62
30.434	79.44
30.494	99.7
30.504	97.16
30.514	95.31
30.524	93.7
30.534	91.05
30.544	90.19
30.554	90.06
30.564	90.49
30.574	92.94
30.584	93.68
30.594	93.72
30.604	94.04
30.614	94.84
30.624	96.26
30.634	98.28
30.644	101.64
30.654	104.7
30.664	105.76
30.674	107.67
30.684	114.92
30.694	120.2
30.704	121.3
30.714	122.07
30.724	120.84
30.734	115.35
30.744	107.62
30.844	81.92
30.854	85.28
30.864	86.16
30.874	85.84
30.884	85.43
30.894	79.83
30.904	79.05
30.914	77.36
30.924	76.25
30.934	72.93
30.944	69.6
30.954	69.04
30.964	68.86
30.974	76.67
30.984	74.79
30.994	74.02
31.004	76
31.014	76.6
31.024	76.98
31.034	76.95
31.044	68.17
31.054	68.77
31.064	75.41
31.074	74.89
31.084	82.8
31.094	80.35
31.104	78.16
31.114	74.69
31.304	107.68
31.314	107.01
31.324	105.22
31.334	102.04
31.344	101.11
31.354	100.91
31.364	101.09
31.374	102.63
31.384	104.77
31.394	106.15
31.404	106.71
31.414	105.94
31.424	106.43
31.434	104.55
31.444	104.25
31.454	104.22
31.464	101.74
31.494	80.58
31.504	82.08
31.514	102.51
31.524	103.74
31.534	85.84
31.544	91.7
31.554	87.85
31.564	87.73
31.574	86.83
31.584	84.57
31.594	82.45
31.604	89.88
31.614	91.26
31.694	103.05
31.704	105.15
31.714	105.87
31.724	106.46
31.734	106.9
31.964	80.67
31.974	79.89
31.984	79.67
31.994	80.85
32.004	82.6
32.014	83.22
32.024	84.06
32.034	84.19
32.044	84.37
32.054	84.03
32.064	83.63
32.074	83.64
32.084	84.03
32.094	83.52
32.104	82.76
32.114	82.22
32.124	82.38
32.134	84.32
32.144	85.95
32.154	86.54
32.164	82.47
32.174	81.33
32.184	81.16
32.204	77.73
32.214	76.63
32.224	77.02
32.234	84.42
32.244	91.85
32.254	91.79
32.264	89.3
32.274	87.08
32.284	85.17
32.294	83.64
32.304	82.78
32.314	81.86
32.324	79.73
32.334	77.57
32.344	77.28
32.354	77.25
32.364	75.87
32.374	77.59
32.384	80.29
32.394	80.79
32.404	100.23
32.414	97.4
32.424	95.36
32.434	96.08
32.444	98.46
32.454	101.86
32.464	101.38
32.474	99.39
32.484	100.12
32.494	101
32.504	102.81
32.514	104.71
32.524	106.96
32.534	108.76
32.544	111.8
32.554	113.69
32.564	115.23
32.574	114.84
32.584	113.43
32.594	111.88
32.614	198.17
32.624	191.58
32.634	194.28
32.644	195.43
32.654	200.4
32.664	212.52
33.534	124.54
33.544	122.09
33.554	120.42
33.564	118.19
33.574	115.73
33.584	113.99
33.594	112.24
33.604	110.25
33.614	109.15
33.624	109.25
33.634	110.52
33.644	112.16
33.654	112.96
33.664	113.7
33.674	118.55
33.684	121.25
33.694	115.22
33.704	114.33
33.714	113.53
33.724	112.27
33.734	111.63
33.744	111.34
33.754	111.06
33.764	110.9
33.774	110.06
33.784	107.88
33.794	107.58
33.804	108.44
33.814	108.82
33.824	108.72
33.834	107.71
33.844	106.61
33.854	105.51
33.864	104.69
33.874	104.82
33.884	105.92
33.894	107.04
33.904	107.52
33.914	106
33.924	105.53
33.934	104.94
33.944	104.18
33.954	103.62
33.964	103.5
33.974	103.1
33.984	102.31
33.994	102.02
34.004	101.93
34.014	101.56
34.024	101.25
34.034	101.01
34.044	100.48
34.054	99.76
34.064	99.91
34.074	100.28
34.084	100.36
34.094	100.44
34.104	100.52
34.114	99.81
34.124	99.23
34.134	99.15
34.144	99.14
34.154	99.21
34.164	99.5
34.174	99.35
34.184	99.08
34.194	99.11
34.204	99.16
34.214	99.21
34.224	99.08
34.234	98.8
34.244	98.39
34.254	98.2
34.264	98.26
34.274	98.4
34.284	98.19
34.294	97.49
34.304	96.46
34.314	95.68
34.324	95.21
34.334	95.33
34.344	95.38
34.354	95.52
34.364	95.31
34.374	95.55
34.384	96.01
34.394	96.32
34.404	96.85
34.414	96.94
34.424	96.85
34.434	96.93
34.444	96.72
34.454	96.2
34.464	95.71
34.474	95.36
34.484	95.73
34.494	96.01
34.504	96.31
34.514	96.14
34.524	95.81
34.534	95.43
34.544	95.17
34.554	94.84
34.564	94.61
34.574	94.21
34.584	93.97
34.594	93.89
34.604	93.69
34.614	93.35
34.624	92.84
34.634	92.67
34.644	92.93
34.654	93.58
34.664	93.69
34.674	93.7
34.684	93.44
34.694	93.29
34.704	93.2
34.714	93.49
34.724	93.98
34.734	93.89
34.744	93.91
34.754	93.71
34.764	93.53
34.774	93.54
34.784	93.97
34.794	94.93
34.804	95.69
34.814	95.27
34.824	92.91
34.834	89.75
34.844	89.02
34.854	90.25
34.864	91.73
34.874	91.83
34.884	91.08
34.894	89.76
34.904	88.88
34.914	88.86
34.924	90.64
34.934	90.58
34.944	120.46
34.954	179.42
34.964	175.08
34.974	175.2
34.984	185.68
34.994	184.29
35.004	187.05
35.014	188.14
35.024	185.59
35.044	81.92
35.054	80.58
35.444	135.91
35.454	130.06
35.464	127.26
35.474	119.68
35.484	103.67
35.544	142.55
35.554	137.92
35.564	132.26
35.574	128.99
35.584	129.05
35.594	129.56
35.604	130.22
35.614	131.47
35.624	132.84
35.634	133.32
35.644	133.24
35.654	133.6
35.664	132.36
35.674	132.77
35.684	132.96
35.694	131.86
35.704	124.4
35.714	117.96
35.724	110.28
35.734	106.56
35.784	118.97
35.794	121.16
35.804	120.98
35.814	119.28
35.824	111.79
35.834	107.87
35.844	95.87
35.854	94.96
35.864	94.22
35.874	96.85
35.884	123.17
35.894	123.21
35.904	123.14
35.914	117.9
35.924	118.04
35.934	119.15
35.944	122.83
35.954	123.77
35.964	127.29
35.974	134.47
35.984	140.53
35.994	139.57
36.004	134.93
36.124	197.46
36.134	190.34
36.224	124.68
36.234	123.44
36.244	122.1
36.254	122.51
36.264	124.47
36.274	128.21
36.284	130.99
36.294	134.33
36.304	139.52
36.314	143.07
36.324	146.59
36.334	149.81
36.344	152.26
36.354	155.39
36.364	156.98
36.374	157.21
36.384	156.07
36.394	154.28
36.404	147.67
36.414	135.23
36.424	126.42
36.434	118.98
36.444	112.06
36.454	105.91
36.464	101.67
36.474	95.69
36.484	92.44
36.494	90.72
36.504	90.06
36.514	89.39
36.524	88.5
36.534	87.67
36.544	87.34
36.554	86.96
36.564	86.39
36.574	85.97
36.584	85.88
36.594	85.4
36.604	85.12
36.614	84.81
36.624	85.05
36.634	85.28
36.644	85.25
36.654	85.3
36.664	85.42
36.674	85.18
36.684	84.43
36.694	83.51
36.704	82.79
36.714	82.2
36.724	81.76
36.784	84
36.794	83.52
36.804	75.6
36.814	75.91
36.824	75.62
36.834	78.24
36.844	88.66
36.854	88.05
36.864	90.11
36.874	90.97
36.884	90.46
36.894	89.15
36.904	87.5
36.914	84.76
37.094	133.56
37.104	133.48
37.114	132.22
37.124	131.37
37.134	130.74
37.144	129.55
37.154	128.21
37.164	126.75
37.174	125.36
37.184	124.56
37.194	124
37.204	123.81
37.214	123.94
37.224	123.74
37.234	123.49
37.244	122.9
37.254	121.87
37.264	120.71
37.274	120.15
37.284	119.77
37.294	119.32
37.304	118.39
37.314	117.55
37.324	116.89
37.334	116.1
37.344	115.59
37.354	115.46
37.364	115.61
37.374	115.24
37.384	113.94
37.394	112.16
37.404	109.62
37.414	107.69
37.424	105.21
37.434	103.05
37.444	101.11
37.454	98.04
37.464	97.54
37.474	96.58
37.484	95.87
37.494	94.69
37.504	93.29
37.514	92.43
37.524	92.01
37.534	91.54
37.544	90.68
37.554	89.86
37.564	88.91
37.574	88.33
37.584	88.15
37.594	87.75
37.604	86.97
37.614	86.26
37.624	86.21
37.634	86.47
37.644	86.8
37.654	86.93
37.664	86.89
37.674	86.43
37.684	85.98
37.694	85.56
37.704	84.99
37.714	84.48
37.724	83.33
37.734	82.16
37.744	81.82
37.754	81.57
37.764	72.87
37.774	83.2
37.784	83.89
37.794	84.14
37.804	83.8
37.814	83.71
37.824	84
37.834	84.17
37.844	84.61
37.854	83.87
37.864	82.8
37.874	82.3
37.884	82.01
37.894	81.43
37.904	81.39
37.914	81.43
37.924	81.24
37.934	81.66
37.944	82.25
38.984	122.54
38.994	120.27
39.004	118.58
39.014	118.47
39.024	118.3
39.034	117.7
39.044	117.13
39.054	117.07
39.064	116.79
39.074	116.58
39.084	116.42
39.094	115.84
39.104	114.98
39.114	114.49
39.124	114.12
39.134	113.44
39.144	113.25
39.154	114
39.164	114.55
39.174	113.82
39.184	112.45
39.194	111.29
39.204	104.59
39.214	87.57
39.224	88.55
39.234	88.12
39.244	87.02
39.254	89.35
39.264	107.56
39.274	121.27
39.284	122.29
39.294	122.67
39.304	122.72
39.314	122.83
39.324	123.23
39.334	123.98
39.344	125.53
39.354	156.08
39.364	156.92
39.374	159.95
39.384	160.76
39.394	160.41
39.404	159.08
39.414	157
39.424	156.54
39.434	154.34
39.444	153.96
39.454	154.37
39.464	153.94
39.474	154.53
39.484	130.53
39.494	127.11
39.504	126.9
39.514	125.6
39.524	121.1
39.534	107.55
39.544	105.45
39.554	102.18
39.564	100.84
39.574	99.14
39.584	96.53
39.594	94.74
39.604	188.71
39.614	185.3
39.624	182.95
39.634	192.49
39.644	192.88
39.654	197.46
39.764	201.05
39.774	194.2
39.794	93.95
39.804	94.45
39.814	95.04
39.824	95.45
39.834	95.54
39.844	92.62
39.854	90.56
39.864	92.45
39.874	96.08
39.884	110.64
39.894	115.68
39.904	113.46
39.914	113.99
39.924	121.73
39.934	123.58
39.944	119.58
39.954	121.55
39.964	123.24
39.974	126.03
39.984	127.99
39.994	129.48
40.004	130.68
40.014	131.12
40.024	128.86
40.034	125.17
40.044	121.35
40.054	115.36
40.064	106.29
40.074	104.62
40.084	100.82
40.094	99.38
40.104	100.4
40.114	102.75
40.124	109.42
40.134	112.99
40.144	112.67
40.154	108.18
40.164	105.74
40.174	100.96
40.184	102.17
40.194	108.26
40.204	107.52
40.214	107.18
40.224	109.63
40.234	110.59
40.244	110.76
40.254	110.58
40.264	110.69
40.274	111.06
40.284	111.65
40.294	113.02
40.304	115.45
40.314	118.35
40.324	121.07
40.334	123.11
40.344	124.71
40.354	125.4
40.364	125.16
40.374	124.36
40.384	123.64
40.394	123.05
40.404	122.77
40.414	122.77
40.424	122.75
40.434	122.66
40.444	122.16
40.454	121.68
40.464	121.85
40.474	122.67
40.484	120.05
40.494	117.38
40.504	114.03
40.514	109.04
40.524	102.03
40.534	99.52
40.544	98.32
40.554	89.26
40.564	87.58
40.574	86.17
40.584	85.39
40.594	84.54
40.604	84.42
40.614	83.06
40.624	80.94
40.634	135.29
40.644	139.15
40.654	142.69
40.664	141.23
40.674	139.31
40.684	93.77
40.694	91.58
40.704	87.75
40.714	87.47
40.724	87.81
40.734	88.13
40.744	88.09
40.754	87.31
40.764	85.38
40.774	81.73
40.784	82.3
40.794	81.1
40.804	79
40.814	78.8
40.824	84.54
40.834	91.75
40.844	94.96
40.854	96.84
40.864	98.24
40.874	100.21
40.884	102.4
40.894	103.3
40.904	104.41
40.914	106.15
40.924	107.21
40.934	108.2
40.944	110.14
40.954	112.61
40.964	115.77
40.974	118.69
40.984	121.82
40.994	125.04
41.004	128.18
41.014	130.68
41.024	132.98
41.034	137.01
41.044	138.66
41.054	139.12
41.064	139
41.074	138.22
41.084	138.39
41.094	138.91
41.104	139.08
41.114	139.05
41.124	139.1
41.134	138.74
41.144	137.54
41.154	135.45
41.164	132.08
41.174	193.4
41.184	200.99
41.194	205.86
41.204	201.99
41.224	78.04
41.234	79.36
41.244	81.46
41.254	85.46
41.264	89.16
41.274	89.23
41.284	89.07
41.294	88.57
41.304	86.63
41.314	85.22
41.554	119.79
41.564	117.74
41.574	115.91
41.584	113.39
41.594	111.11
41.604	111.16
41.614	111.12
41.624	109.47
41.634	108.25
41.644	107.17
41.654	106.12
41.664	104.18
41.674	100.31
41.684	101.66
41.694	106.9
41.704	106.46
41.714	105.76
41.724	104.23
41.734	101.15
41.744	100.12
41.754	99.89
41.764	99.93
41.774	100.9
41.784	102.53
41.794	107.02
41.804	109.01
41.814	111.38
41.824	113.5
41.834	116.16
41.844	118.45
41.854	120.52
41.864	123.5
41.874	127.85
41.884	133.74
41.894	137.69
41.904	142.38
41.914	143.08
41.924	142.06
41.934	140.69
41.944	140.27
41.954	137.88
41.964	132.01
41.974	125.2
41.984	126.99
41.994	135.5
42.004	133.06
42.014	83.42
42.024	84.93
42.034	86.92
42.044	88.95
42.054	91.23
42.064	92.01
42.074	91.55
42.084	88.24
42.094	87.94
42.104	87.48
42.114	87.23
42.124	85.08
42.134	83.06
42.144	81.55
42.154	81.2
42.164	81.17
42.174	82.35
42.184	83.21
42.194	83.65
42.204	84.37
42.214	84.69
42.224	85.27
42.234	86.02
42.244	86
42.254	85.63
42.264	85.73
42.274	84.62
42.284	83.51
42.294	82.98
42.304	81.36
42.314	79.96
42.324	79.93
42.334	80.27
42.344	80.71
42.354	80.83
42.364	78.34
42.374	79.03
42.384	79.35
42.394	78.98
42.404	76.73
42.414	70.23
42.424	79.74
42.434	79.11
42.544	68.74
42.554	68.36
42.564	77.05
42.574	85.08
42.584	85.88
42.594	86
42.604	85.74
42.614	83.22
42.624	83.86
42.634	85.36
42.644	86.05
42.654	86.65
42.664	87.27
42.674	88
42.684	88.98
42.694	88.69
42.704	88.8
42.714	90.62
42.724	93.63
42.734	94.55
42.744	95.5
42.754	96.21
42.764	97.82
42.774	100.65
42.784	105.64
42.794	110.97
42.804	115.51
42.814	122.25
42.824	127.53
42.834	131.46
42.844	136.2
42.854	142.27
42.864	147.3
42.874	149.91
42.884	143.68
42.894	140.44
42.904	136.19
42.914	132.86
42.924	137.68
42.974	123.77
42.984	120.69
42.994	114.54
43.004	108.42
43.014	105.51
43.024	101.34
43.034	98.89
43.044	97.41
43.054	95.9
43.064	93.43
43.074	90.89
43.084	90.45
43.094	88.97
43.104	86.91
43.114	86.27
43.124	85.26
43.134	84.96
43.144	84.71
43.154	84.57
43.164	84.83
43.174	84.74
43.184	84.16
43.194	84.14
43.204	84.38
43.214	84.56
43.224	84.45
43.234	84.08
43.244	84.05
43.254	86.79
43.264	90.8
43.274	88.32
43.284	86.23
43.294	84.95
43.304	83.21
43.314	82.36
43.324	82.23
43.334	82.85
43.344	83.64
43.354	82.95
43.364	82.91
43.374	80.73
43.384	79.71
43.394	78.68
43.404	77.25
43.414	71.4
43.424	69.97
43.434	68.92
43.444	77.33
43.454	76.95
43.464	78.11
43.474	78.86
43.484	78.6
43.494	68.44
43.504	68.89
43.514	68.95
43.524	73.25
43.534	79.5
43.544	86.53
43.554	84.73
43.564	84.45
43.574	85.62
43.584	85.47
43.804	115.93
43.814	112.32
43.824	109.49
43.834	106.21
43.844	102.51
43.854	101.29
43.864	100.4
43.874	98.46
43.884	95.95
43.894	91.65
43.904	94.2
43.914	100.12
43.924	99.35
43.934	96.03
43.944	92.6
43.954	88.92
43.964	83.97
43.974	72.32
43.984	76.98
43.994	78.72
44.004	79.78
44.064	97.19
44.074	97.83
44.224	93.64
44.234	90.28
44.374	126.27
44.384	122.91
44.394	119.71
44.404	116.53
44.414	114.5
44.424	113.35
44.434	111.66
44.444	106.84
44.454	102.51
44.464	103.97
44.474	101.28
44.484	100.64
44.494	103.72
44.504	102.31
44.514	101.74
44.524	103.52
44.534	104.5
44.544	105.31
44.554	105.89
44.564	106.56
44.574	107.57
44.584	108.22
44.594	108.14
44.604	107.37
44.614	105.89
44.624	103.86
44.634	100.66
44.644	96.3
44.654	95.12
44.664	94.93
44.674	88.88
44.684	87.19
44.694	86.26
44.704	84.92
44.714	83.47
44.724	83.95
44.734	85.66
44.744	83.34
44.754	81.77
44.764	80.02
44.774	79.64
44.784	78.24
44.794	79.87
44.804	81.32
44.814	82.07
44.824	80.7
44.834	80.13
44.844	79.52
44.854	77.18
44.864	77.38
44.874	79.25
44.884	80.22
44.894	82.69
44.914	199.39
44.924	214.53
44.964	76.74
44.974	76.01
44.984	81.97
44.994	90.27
45.004	90.26
45.014	89.85
45.024	86.43
45.034	83.58
45.234	111
45.244	110.68
45.254	109.22
45.264	107.86
45.274	108.03
45.284	109.78
45.294	112.4
45.304	117.61
45.314	120.1
45.324	119.52
45.334	118.32
45.344	116.41
45.354	112.19
45.364	108.09
45.554	87.49
45.564	85.98
45.574	85.95
45.584	85.91
45.594	85.81
45.604	85.63
45.614	85.2
45.624	84.56
45.634	84.2
45.644	84.78
45.654	86.04
45.664	86.38
45.674	86.04
45.684	85.43
45.694	84.28
45.704	81.31
45.714	79.69
45.724	78.42
45.734	77.47
45.744	77.86
45.754	76.51
45.764	76.57
45.774	76.59
45.784	76.28
45.794	76.34
45.804	77.18
46.714	96.78
46.724	95.06
46.734	92.02
46.744	93.3
46.754	93.72
46.764	94.81
46.774	95.12
46.784	97.22
46.794	98.46
46.804	99.47
46.814	101.67
46.824	103.41
46.834	103.56
46.844	102.64
46.854	102.79
46.864	100.53
46.874	98.54
46.884	80.35
46.894	80.58
46.904	101.47
46.914	100.7
46.924	99.19
46.954	101.72
46.964	95.13
46.974	92.77
46.984	91.7
46.994	90.06
47.004	90.25
47.014	94.29
47.024	93.85
47.034	94.25
47.044	94.67
47.054	95.09
47.064	96.13
47.074	97.44
47.084	97.65
47.094	94.34
47.104	93.67
47.114	95.4
47.124	97.44
47.134	95.17
47.144	93.66
47.154	92.89
47.164	93.02
47.174	93.72
47.184	93.13
47.194	92.16
47.204	95.03
47.214	95.71
47.224	95.91
47.234	95.66
47.334	110.93
47.344	111.25
47.354	89.13
47.364	81.4
47.374	79.76
47.384	77.96
47.394	78.06
47.404	78.34
47.414	78.58
47.424	78.32
47.434	78.55
47.444	79.62
47.454	81.22
47.464	81.41
47.474	80.82
47.484	80.71
47.494	81.25
47.504	81.78
47.514	82.27
47.524	82.97
47.534	83.14
47.544	83.3
47.554	83.46
47.564	83.4
47.574	83.5
47.584	83.91
47.594	84.54
47.604	85.2
47.614	86.1
47.624	86.65
47.634	86.39
47.644	86.01
47.654	77.71
47.684	81.77
47.694	76.46
47.704	76.36
47.714	75.96
47.724	74.89
47.734	75.06
47.744	75.81
47.754	76.83
