time	f0
0.29	136.57
0.3	132.74
0.31	127.43
0.32	126.36
0.33	127.53
0.34	112.56
0.35	119.77
0.36	117.45
0.37	116.92
0.38	114.37
0.39	112.3
0.4	112.18
0.41	111.44
0.42	111.41
0.55	113.2
0.56	115.06
0.62	112.53
0.63	115.23
0.64	116.09
0.88	193.39
0.89	187.53
0.9	182.09
0.91	179.85
0.92	177.62
0.93	174.35
0.94	174.96
0.95	176.66
0.96	176.79
0.97	174.12
0.98	169.75
0.99	171.42
1	173.34
1.01	173.77
1.02	176.48
1.03	176.93
1.04	178.64
1.05	174.61
1.06	169.63
1.07	162.91
1.08	155.76
1.09	149.11
1.1	144.08
1.11	142.81
1.12	140.02
1.13	139.78
1.14	139.4
1.15	139.14
1.16	138.66
1.17	139.3
1.18	139.52
1.19	141.57
1.2	142.81
1.27	137.7
1.28	139.78
1.29	142.05
1.3	146.37
1.31	148.06
1.32	146.92
1.33	147.96
1.34	148.35
1.35	148.44
1.36	148.01
1.37	148.35
1.38	148.2
1.39	148.62
1.4	148.76
1.41	149.33
1.42	148.9
1.43	147.92
1.44	146.63
1.45	146.29
1.46	147.75
1.47	145.81
1.48	144.64
1.49	145.58
1.5	143.9
1.51	142.77
1.52	141.5
1.53	140.07
1.54	139
1.55	138.8
1.56	136.73
1.57	136.56
1.58	136.59
1.59	136.05
1.6	134.85
1.61	139.26
1.62	142.28
1.63	143.7
1.64	154.07
1.65	139.8
1.66	142.02
1.67	141.39
1.68	141.35
1.69	138.08
1.7	134.69
1.71	140.66
1.72	140.42
1.73	140.43
1.74	139.39
1.75	136.82
1.76	141.6
1.77	139.03
1.78	137.53
1.79	136.67
1.8	134.41
1.81	132.17
1.82	128.59
1.83	126.3
1.84	125.56
1.85	122.74
1.86	123.25
1.87	121.07
1.88	124.76
1.92	119.62
1.93	115.5
1.94	118.64
1.95	115.94
1.96	112.4
1.97	114.56
1.98	122.59
1.99	124.65
2	112.92
2.01	112.85
2.02	111.61
2.03	109.7
2.04	107.93
2.05	106.21
2.06	104.98
2.07	105.26
2.08	102.6
2.09	107.28
2.1	105.58
2.11	105.03
2.19	120.27
2.2	122.69
2.21	124.13
2.22	126.23
2.23	126.17
2.24	126.5
2.25	126.85
2.26	127.29
2.27	127.59
2.28	127.27
2.29	126.44
2.3	124.28
2.31	122.06
2.32	121.83
2.33	122.02
2.34	123.47
2.35	123.03
2.36	123.88
2.37	125.4
2.38	125.08
2.39	122.03
2.5	148.61
2.51	148.08
2.52	148.26
2.53	148.43
2.54	148.81
2.55	149.05
2.56	148.21
2.57	147.07
2.58	146.64
2.59	146.15
2.6	142.11
2.61	142.63
2.62	141.38
2.63	140.33
2.64	138.08
2.65	127.49
2.66	122.25
2.67	117.74
2.68	113.17
2.69	111.09
2.7	109.98
2.71	109.59
2.72	110.6
2.73	112.19
2.74	114.5
2.75	114.67
2.96	111.33
2.97	111.67
2.98	109.3
2.99	108.29
3	106
3.01	105.73
3.02	106.17
3.03	105.76
3.04	106.22
3.05	105.98
3.06	105.65
3.07	107.46
3.08	109.39
3.09	109.33
3.1	108.64
3.11	107.93
3.12	110.44
3.13	112.78
3.14	108.76
3.15	109.9
3.16	109.45
3.17	110.33
3.18	111.76
3.19	109.79
3.2	106.53
3.21	100.64
3.22	106.35
3.23	107.85
3.24	107.22
3.25	108.14
3.26	108.06
3.27	108.87
3.28	108.36
3.29	106.27
3.3	105.14
3.35	129.08
3.36	116.49
3.37	116.27
3.38	115.56
3.39	115.58
3.4	116.29
3.41	116.51
3.42	116.01
3.43	115.42
3.44	114.78
3.45	114.52
3.46	114.91
3.47	114.88
3.48	115.22
3.49	115.6
3.5	115.89
3.51	116.35
3.52	116.25
3.53	115.48
3.54	115.97
3.55	116.2
3.56	115.92
3.57	116.62
3.58	115.81
3.59	115.35
3.6	115.37
3.61	115.09
3.65	143.44
3.66	141.01
3.67	139.02
3.68	136.78
3.69	135.66
3.7	135.09
3.71	134.94
3.72	136.31
3.73	134.43
3.74	131.1
3.75	129.86
3.76	129.83
3.77	132.48
3.78	132.18
3.79	138.15
3.8	130.87
3.81	131
3.82	130.86
3.83	130.45
3.84	129.57
3.85	128.99
3.86	129.07
3.87	129.93
3.88	128.84
3.89	128.45
3.9	128.91
3.91	129.57
3.92	128.23
3.93	126.75
3.94	126.17
3.95	126.82
3.96	127.32
3.97	127.92
3.98	126.85
3.99	126.32
4	125.48
4.01	125.39
4.02	124.87
4.03	126.59
4.04	128.34
4.05	122.22
4.06	134.64
4.07	137.28
4.09	118.98
4.1	117.62
4.11	131.32
4.12	129.37
4.58	142.95
4.59	144.7
4.6	143.09
4.61	140.12
4.62	139.29
4.63	141.77
4.64	141.2
4.65	141.2
4.66	141.41
4.73	157.03
4.74	146.4
4.75	143.64
4.76	141.85
4.77	140.64
4.78	139.59
4.79	139.73
4.8	138.79
4.81	136.99
4.82	137.83
4.83	136.68
4.84	137.15
4.85	137.67
4.86	136.88
4.87	136.21
4.88	136.64
4.89	136.97
4.9	136.04
4.91	136.83
4.92	138.97
4.93	140.58
4.94	137.4
4.95	136.88
4.96	136.36
4.97	135.36
4.98	135.07
4.99	134.87
5	134.87
5.01	134.62
5.02	134.54
5.03	134.4
5.04	134.56
5.05	134.63
5.06	133.88
5.07	132.91
5.08	131.16
5.09	130.65
5.1	127.93
5.11	121.64
5.12	124.26
5.13	122.98
5.14	117.15
5.15	115.35
5.16	113.67
5.17	112.97
5.18	111.94
5.19	112.25
5.2	111.94
5.21	112.22
5.22	112.41
5.23	112.33
5.24	111.56
5.25	110.56
5.26	109.83
5.27	108.2
5.28	107.81
5.29	108.38
5.3	108.41
5.31	107.94
5.32	106.76
5.33	105.82
5.34	105.04
5.35	105.31
5.36	109.74
5.37	106.36
5.38	99.75
5.39	104.41
5.4	102.19
5.41	106.55
5.42	106.6
5.43	109.83
5.44	109.58
5.51	109.57
5.52	106.86
5.53	104.29
5.54	102.8
5.55	98.42
5.56	94.52
5.57	93.52
5.58	90.66
5.59	92.63
5.6	95.9
5.61	98.81
5.62	102.3
5.63	105.29
5.64	104.31
5.65	104.86
5.66	109.69
5.67	113.47
5.68	113.53
5.69	115.41
5.7	114.43
5.71	117.39
5.72	120.13
5.73	114.97
5.74	120.19
5.75	120.18
5.76	118.51
5.77	119.09
5.78	120.2
5.79	120.07
5.8	118.69
5.81	117.66
5.82	116.23
5.83	114.62
5.84	113.62
5.85	114.39
5.86	113.73
5.87	108.4
5.88	107.14
5.89	106.43
5.9	106.64
5.91	106.6
5.92	106.24
5.95	89
5.96	89.08
5.97	89.06
6.08	112.74
6.09	123.28
6.1	122.88
6.11	122.6
6.12	121.14
6.13	119.23
6.14	118.8
6.15	119.43
6.16	116.66
6.17	112.02
6.18	109.62
6.19	109.36
6.2	108.72
6.21	107.3
6.22	106.52
6.23	106.18
6.24	105.46
6.25	104.68
6.26	104.98
6.27	107.39
6.28	107.48
6.29	106.5
6.3	108.64
6.31	107.48
6.32	108.12
6.33	107.27
6.34	108.53
6.35	108.48
6.36	111.78
6.37	116.54
6.38	115.83
6.39	116.97
6.4	117.73
6.41	119.62
6.42	119.77
6.43	122.43
6.44	126.13
6.45	124.49
6.46	121.95
6.47	123.43
6.48	123.63
6.49	123.73
6.5	124.07
6.51	124.87
6.52	124.67
6.53	123.48
6.54	122.95
6.55	119.69
6.56	115.07
6.57	113
6.58	105.23
6.59	102.3
6.6	95.11
6.87	128.37
6.88	126.53
6.89	125.95
6.9	125.2
6.91	125.17
6.92	125.22
6.93	126
6.94	126.4
6.95	127.13
6.96	127.14
6.97	131.17
6.98	130.18
6.99	127.94
7.12	123.81
7.13	121.5
7.14	116.82
7.15	115.68
7.16	114.64
7.17	113.04
7.18	113.59
7.19	113.14
7.2	112.11
7.21	111.71
7.22	111.08
7.23	110.94
7.24	112.53
7.25	109.17
7.26	115.62
7.27	113.6
7.28	113.48
7.29	114.27
7.3	112.32
7.31	113.45
7.32	113.48
7.33	112.36
7.34	122.66
7.35	120.91
7.36	120.17
7.37	118.97
7.38	119.51
7.39	119.42
7.4	118.48
7.41	118.83
7.42	117.63
7.43	118.57
7.44	119.51
7.45	118.68
7.46	119.15
7.47	119.52
7.48	119.44
7.49	119.3
7.5	118.51
7.51	118.52
7.52	118.33
7.53	117.82
7.54	117.98
7.55	117.73
7.56	118.52
7.57	118.29
7.58	117.36
7.59	116.81
7.6	116.47
7.61	116.09
7.62	117.19
7.63	117.38
7.64	118.07
7.65	118.01
7.66	117.43
7.67	116.09
7.68	113.68
7.69	115.79
7.7	116.84
7.71	117.75
7.72	118.75
7.73	117.63
7.74	117.56
7.75	118.77
8.15	89.44
8.16	94.56
8.17	92.27
8.18	104.15
8.19	94.78
8.2	91.24
8.21	92.71
8.22	82.59
8.7	157.61
8.71	159.07
8.72	160.84
8.73	161.8
8.74	161.57
8.75	160.52
8.76	158.64
8.77	155.58
8.78	153.61
8.79	152.77
8.8	151.44
8.81	147.7
8.82	145.28
8.83	142.49
8.84	138.27
8.85	135.78
8.86	132.8
8.87	131.36
8.88	129.1
8.89	126.52
8.9	124.07
8.91	122.01
8.92	119.42
8.93	119.22
8.94	116.76
8.95	115.81
8.96	114.86
8.97	116.63
8.98	117.09
8.99	116.58
9	118.47
9.01	118.69
9.02	117.26
9.03	118.46
9.04	116.42
9.05	113.34
9.06	117.29
9.21	141.22
9.22	131.88
9.23	132.65
9.24	132.44
9.25	130.9
9.26	129.89
9.27	130.49
9.28	132.19
9.29	131.9
9.3	132.69
9.31	131.79
9.32	130.6
9.33	133.28
9.34	131.89
9.35	131.23
9.36	128.75
9.37	127.22
9.38	126.97
9.39	128.76
9.4	129.82
9.41	129.75
9.42	129.12
9.43	128.74
9.44	128.75
9.45	127.9
9.46	126.48
9.47	127.8
9.48	126.96
9.49	127.46
9.5	126.72
9.51	128.01
9.52	127.64
9.53	127.74
9.54	127.37
9.55	128.32
9.56	130.65
9.57	130.95
9.58	129.56
9.59	127.27
9.6	125.15
9.63	108.87
9.64	109.75
9.65	112.24
9.66	113.4
9.67	114.78
9.68	115.93
9.69	116.22
9.7	116.19
9.71	117.22
9.72	116.89
9.73	118.41
9.74	118.72
9.75	119.23
9.76	119.6
9.77	119.01
9.78	117.43
9.79	117.99
9.8	118.57
9.81	118.77
9.82	118.06
9.83	117.07
9.84	115.03
9.85	117.08
9.86	116.86
9.87	117.29
9.88	118.2
9.89	120.05
9.9	121.81
9.91	122.54
9.92	124.67
9.93	124.6
9.94	123.36
9.95	123.42
9.96	124.36
9.97	122.91
9.98	122.25
9.99	124.47
10	123.06
10.01	124.47
10.02	123.59
10.03	124.14
10.04	121.89
10.05	117.74
10.06	116.94
10.07	115.56
10.08	113.12
10.09	116.62
10.1	115.91
10.11	114.82
10.12	114.57
10.13	113.87
10.14	114.89
10.15	112.9
10.16	117.24
10.17	115.22
10.18	115.97
10.27	109.22
10.28	109.39
10.29	108.21
10.3	104.36
10.43	114.72
10.44	114.91
10.45	115.27
10.46	116.41
10.47	111
10.48	118.59
10.49	117.34
10.5	117.91
10.51	118.97
10.52	120.07
10.53	120.46
10.54	122.26
10.55	122.41
10.56	122.91
10.57	123.66
10.58	121.19
10.59	121.87
10.6	119.39
10.71	135.98
10.72	134.88
10.73	134.76
10.74	133.61
10.75	132.19
10.76	131.36
10.77	130.57
10.78	130.17
10.79	131.01
10.8	131.92
10.81	132.63
10.82	133.15
10.83	133.28
10.84	132.56
10.85	132.32
10.86	131.82
10.87	131.86
10.88	132.01
10.89	132.27
10.9	132.84
10.91	133.91
10.92	133.19
10.93	132.72
10.94	132.05
10.95	131.7
10.96	131.98
10.97	132.66
10.98	132.97
10.99	131.79
11	132.65
11.01	132.02
11.02	131.76
11.03	131.54
11.41	122.02
11.42	120.64
11.43	118.84
11.44	118.73
11.45	118.5
11.46	119.89
11.47	123.48
11.48	128.2
11.49	129.66
11.5	128.61
11.51	123.21
11.52	137.27
11.53	138.55
11.54	140.31
11.55	141.21
11.56	141.75
11.57	141.83
11.58	141.91
11.59	141.6
11.6	142.67
11.61	141.44
11.62	141.69
11.63	141.33
11.64	142.16
11.65	141.55
11.66	141.5
11.67	140.68
11.68	141.06
11.69	140.97
11.7	134.75
11.71	128.35
11.72	123.44
11.73	121.2
11.74	119.61
11.75	118.18
11.76	117.15
11.77	116.57
11.78	116.78
11.79	118.46
11.8	118.06
11.81	118.46
11.82	119.68
11.83	120.85
11.84	118.12
11.85	121.22
11.86	122.45
11.87	125.53
11.88	125.8
11.89	128.17
11.9	132.19
11.91	133.61
11.92	136.55
11.93	135.71
11.94	134.48
11.95	134.76
11.96	134
11.97	133.13
11.98	133.16
11.99	130.96
12	127.97
12.01	127.24
12.02	126.92
12.03	126.4
12.04	124.83
12.05	121.5
12.06	119.73
12.07	118.11
12.08	116.36
12.09	115.45
12.1	115.68
12.11	117.8
12.12	117.41
12.13	117.54
12.14	118.06
12.15	118.03
12.23	142.51
12.24	141.71
12.25	140.85
12.26	140.91
12.27	142.69
12.28	144.56
12.29	146.99
12.3	143.22
12.31	144.98
12.32	144.87
12.33	145.61
12.34	146.69
12.35	143.53
12.46	117.45
12.47	117.91
12.48	118.24
12.49	117.48
12.5	117.88
12.51	116.75
12.52	119.75
12.53	121.97
12.54	122.62
12.55	125.77
12.56	124.59
12.57	124.8
12.58	124.6
12.59	123.55
12.6	123.86
12.61	123.81
12.62	123.67
12.63	123.21
12.64	122.82
12.65	122.63
12.66	121.59
12.67	119.93
12.68	119.45
12.69	118.88
12.7	118.63
12.71	119.32
12.72	120.3
12.73	120.85
12.74	121.48
12.75	120.88
12.76	119.33
12.77	118.76
12.86	137.66
12.87	135.96
12.88	134.51
12.89	133.63
12.9	134.16
12.91	134.34
12.92	131.55
12.93	131.73
12.94	133.51
12.95	135.9
12.96	134.62
12.97	131.26
12.98	129.7
12.99	127.94
13	123.01
13.01	121.11
13.02	119.11
13.03	117.65
13.04	115.16
13.05	115.59
13.06	112.86
13.07	112.66
13.08	112.98
13.09	114.38
13.1	112.85
13.11	114.2
13.12	114.86
13.13	111.6
13.26	115.95
13.27	109.93
13.28	108.36
13.29	109.11
13.3	109.76
13.31	108.73
13.32	106.38
13.33	108.4
13.34	109.75
13.35	109.25
13.36	109.58
13.37	109.84
13.38	110.1
13.39	112.01
13.4	113.51
13.41	114.15
13.42	115.06
13.43	114.76
13.44	112.02
13.45	110.02
13.46	110.2
13.47	111.71
13.48	112.69
13.49	113.46
13.5	109.45
13.55	130.26
13.56	127.39
13.57	123.78
13.58	121.66
13.59	120.55
13.6	119.62
13.61	117.83
13.62	116.82
13.63	116.53
13.64	116.13
13.65	116.49
13.66	116.32
13.67	116.4
13.68	116.85
13.69	117.1
13.7	117.09
13.71	116.65
13.72	116.92
13.73	116.31
13.74	116.66
13.75	116.3
13.76	117.02
13.77	117.34
13.78	116.75
13.79	117.33
13.8	117.47
13.81	117.47
13.82	116.39
13.83	117.55
13.84	116.92
13.85	117.36
14.18	108.98
14.19	109.52
14.2	107.78
14.21	106.2
14.22	106.38
14.23	106.86
14.24	106.14
14.25	105.54
14.26	104.92
14.27	103.75
14.28	103.21
14.29	98.64
14.3	102.46
14.31	105.13
14.32	102.42
14.33	104.76
14.34	99.55
14.35	103.92
14.36	98.27
14.37	98.88
14.38	102.61
14.39	108.46
14.4	95.6
14.41	98.42
14.42	95.44
14.43	95.1
14.44	94.4
14.45	99.77
14.46	95.05
14.47	94.14
14.48	89.9
14.54	93.77
14.55	98.79
14.56	98.59
14.57	96.3
14.58	105.71
14.59	103.08
14.6	103.04
14.61	101.88
14.62	102.4
14.63	107.54
14.82	128.54
14.83	127.47
14.84	124.66
14.85	120.91
14.86	119.75
14.87	118.65
14.88	118.33
14.89	118.14
14.9	117.69
14.91	117.26
14.92	118.34
14.93	119.02
14.94	118.74
14.95	118.73
14.96	118.82
14.97	118.81
14.98	118.38
14.99	118.82
15	118.48
15.01	118.98
15.02	120.1
15.06	133.65
15.07	131.03
15.08	128.8
15.09	127.68
15.1	126.22
15.11	125.84
15.12	127.86
15.13	128.74
15.14	127.69
15.15	126.74
15.16	126.41
15.17	128.14
15.18	131.93
15.19	129.25
15.2	127.34
15.21	127.53
15.22	128.65
15.23	139.05
15.24	139.02
15.25	136.97
15.26	135.64
15.27	134.8
15.28	133.9
15.29	132.5
15.3	131.34
15.31	129.07
15.32	126.19
15.33	122.54
15.34	120.06
15.35	117.76
15.36	121.86
15.37	113.65
15.38	121.12
15.39	116.96
15.4	113.37
15.41	116.7
15.42	115.81
15.43	118.43
15.44	115.87
15.45	116.16
15.46	113.01
15.47	117.66
15.48	119.23
15.49	109.25
15.5	119.56
15.51	124.4
15.52	128.04
15.53	127.69
15.54	126.94
15.55	123.29
15.56	119.38
15.57	117.85
15.58	116.83
15.59	117.39
15.6	116.47
15.61	116.5
15.62	116.44
15.63	116.32
15.64	115.97
15.65	115.92
15.66	115.96
15.67	116.62
15.68	116.88
15.69	117.17
15.7	117.07
15.71	116.62
15.72	116.69
15.73	116.52
15.74	116.72
15.75	116.94
15.76	115.92
15.77	118.35
15.78	115.84
15.79	116.01
15.8	116.14
15.81	116.98
15.82	117.53
15.83	115.94
15.84	116.13
15.85	116.21
15.86	116
15.87	116.96
15.88	116.45
15.89	116.36
15.9	116.16
16.15	110.53
16.16	113.41
16.17	113.32
16.18	112.95
16.19	113.61
16.2	112.71
16.21	113.94
16.22	114.04
16.23	113.79
16.24	113.35
16.25	112.95
16.26	112.74
16.27	112.39
16.28	112.45
16.29	112.69
16.3	112.96
16.31	112.22
16.32	111.28
16.33	110.65
16.34	110.69
16.35	111.13
16.36	111.76
16.37	107.96
16.38	109.42
16.39	104.86
16.53	95.06
16.54	97.92
16.55	97.09
16.57	209.09
16.58	210.16
16.59	209.7
16.6	217.04
16.61	219.3
16.62	210.75
16.85	135.49
16.86	137.54
16.87	137.88
16.88	137.98
16.89	138.32
16.9	135.91
16.91	137.39
17.06	109.53
17.07	106.9
17.08	107.05
17.09	106.78
17.1	105.47
17.11	107.02
17.12	105.7
17.13	104.71
17.14	104.72
17.15	100.96
17.16	100.72
17.17	105.6
17.18	105.5
17.19	104.68
17.2	104.24
17.21	106.52
17.22	109.72
17.23	109.84
17.24	110.26
17.25	105.84
17.26	105.07
17.27	104.9
17.28	105.5
17.29	107.07
17.3	108.36
17.31	109.29
17.32	110.46
17.33	111.59
17.41	128.89
17.42	130.18
17.43	130.47
17.44	127.63
17.45	125.07
17.46	122.99
17.47	121.39
17.48	119.56
17.49	117.8
17.5	117.1
17.51	117.41
17.52	117.42
17.53	117.46
17.54	116.93
17.55	117.65
17.56	115.2
17.57	112.76
17.58	131.33
17.59	138.89
17.6	139.21
17.61	139.57
17.62	138.03
17.63	136.12
17.64	134.01
17.65	133.06
17.66	134.37
17.67	135.42
17.68	135.53
17.69	134.71
17.7	133.95
17.71	134.82
17.72	138.62
17.73	132.71
17.74	132.62
17.75	131.48
17.76	132.01
17.77	130.74
17.78	129.84
17.79	128.9
17.8	127.71
17.81	129.6
17.82	130.28
17.83	128.81
17.84	128.49
17.85	127.6
17.86	127.63
17.87	127.36
17.88	126.66
17.89	125.93
17.9	124.59
17.91	122.78
17.92	122.28
17.93	122.46
17.94	121.04
17.95	121.63
17.96	121.51
17.97	117.83
17.98	115.62
17.99	114.17
18	112.43
18.01	109.45
18.02	108.36
18.03	105.14
18.04	104.02
18.05	97.64
18.06	94.43
18.07	91.52
18.08	91.15
18.15	190.24
18.16	186.34
18.56	111.2
18.57	109.7
18.58	107.87
18.59	106.63
18.6	105.56
18.61	104.68
18.62	104.42
18.63	104
18.64	105.39
18.65	105.07
18.66	105.79
18.67	106.45
18.68	108.4
18.83	148.59
18.84	147.49
18.85	143.93
18.86	140.1
18.87	134.5
18.88	130.69
18.89	126.45
18.9	122.52
18.91	120.91
18.92	118.54
18.93	115.3
18.94	116.24
18.95	112.45
18.96	112.09
18.97	109.39
18.98	109.69
18.99	108.56
19	108.59
19.01	108.57
19.02	107.02
19.03	105.12
19.04	106.61
19.05	106.22
19.06	106.43
19.07	106.34
19.08	110.13
19.09	110.85
19.1	110.5
19.11	110.5
19.12	115
19.13	114.67
19.14	114.55
19.15	114.58
19.16	115.67
19.17	115.37
19.18	113.62
19.19	113.7
19.2	113.81
19.21	115.78
19.22	114.88
19.23	113.14
19.24	113.54
19.25	112.42
19.26	111.6
19.27	110.71
19.28	110.33
19.29	110.3
19.3	110.9
19.31	109.91
19.32	107.87
19.33	103.33
19.34	110.77
19.35	110.86
19.36	111.07
19.37	112.43
19.48	113.65
19.49	104.98
19.5	100.79
19.51	111.72
19.52	104.58
19.53	146.41
19.54	132.15
19.74	119.09
19.75	117.95
19.76	117.74
19.77	118.07
19.78	118.06
19.79	118.02
19.8	117.04
19.81	115.89
19.82	115.3
19.83	115.59
19.84	115.31
19.85	115.52
19.86	115.03
19.87	114.09
19.88	114.34
19.89	114.14
19.9	113.79
19.91	113.39
19.92	114.25
19.93	113.81
19.94	116.25
20.21	128.05
20.22	125.87
20.23	124.73
20.24	124.03
20.25	123.75
20.26	123.33
20.27	122.49
20.28	122
20.29	121.89
20.3	121.8
20.31	122.62
20.32	123.55
20.33	120.56
20.34	119.64
20.35	118.55
20.36	117.2
20.37	116.63
20.38	115.69
20.39	114.28
20.4	113.77
20.41	113.66
20.42	113.11
20.43	112.22
20.44	111.75
20.45	114.37
20.46	113.93
20.47	115.08
20.48	115.35
20.56	108.83
20.57	109.23
20.58	108.99
20.59	107.41
20.6	108.04
20.61	106.48
20.62	105.59
20.63	105.86
20.64	105.47
20.65	107.55
20.66	106.53
20.67	107.17
20.68	105.78
20.69	106.9
20.7	106.35
20.71	108.7
20.72	111.05
20.79	118.06
20.8	119.73
20.81	116.14
20.82	115.48
20.83	116.24
20.84	108.63
20.85	112.9
20.86	107.46
20.87	107.18
20.88	107.09
20.89	106.32
20.9	106.79
20.91	105.42
20.92	103.91
20.93	99.64
20.94	103.49
20.95	106.98
20.96	108.46
21.37	105.52
21.38	103.4
21.39	104.26
21.4	102.93
21.41	103.04
21.42	99.12
21.43	101.07
21.78	130.04
21.79	130.71
21.8	130.57
21.81	130.87
21.82	132.7
21.83	130.63
21.84	130.55
21.85	130.79
21.86	131.23
21.87	132.38
21.88	131.99
21.89	131.71
21.9	131.4
21.91	132.17
21.92	135.46
21.93	133.34
21.94	128.47
21.95	134.18
21.96	131.83
21.97	126.31
21.98	123.08
21.99	121.45
22	118.48
22.01	115.85
22.02	115.24
22.03	114.68
22.04	111.88
22.05	111.09
22.06	106.99
22.07	105.18
22.08	101.42
22.09	99.54
22.1	101.12
22.11	101.14
22.12	101.56
22.18	91.01
22.19	91.73
22.2	90.15
22.46	132.56
22.47	133.56
22.48	134.86
22.49	135.71
22.5	136.2
22.51	132.12
22.52	134.72
22.53	138.41
22.54	137.3
22.55	139.91
22.56	143.7
22.57	138.39
22.58	136.69
22.59	135.29
22.6	133.26
22.61	131.32
22.62	127.04
22.63	118.61
22.64	118.5
22.65	120.32
22.66	122.08
22.67	130.19
22.68	132.3
22.69	133.7
22.7	136.43
22.71	137.31
22.72	133.35
22.73	138.1
22.74	138.97
22.75	134.42
22.76	125.32
22.77	132.5
22.78	124.06
22.79	124.24
22.8	125.31
22.81	125.58
22.82	124.83
22.83	124.71
22.84	124.89
22.85	126.77
22.86	127.03
22.87	125.59
22.88	127.97
22.89	128.57
22.9	125.48
22.91	124.51
22.92	125.45
22.93	122.68
22.94	120.37
22.95	117.92
22.96	114.61
22.97	112.35
22.98	107.68
22.99	106.5
23	104.74
23.01	102.91
23.02	102.18
23.03	101.03
23.04	100.47
23.05	101.23
23.06	100.13
23.07	99.99
23.08	100.8
23.09	100.09
23.1	101.18
23.11	101.37
23.12	102.59
23.13	106.66
23.14	108.46
23.15	110.22
23.16	110.97
23.17	111.69
23.18	112.29
23.19	112.9
23.2	111.84
23.21	111.7
23.22	109.87
23.23	111.49
23.24	112.61
23.25	112.52
23.26	112.62
23.27	111.92
23.28	112.35
23.29	111.46
23.3	111.59
23.31	111.06
23.32	110.31
23.33	108.47
23.34	105.69
23.35	104.37
23.36	104.51
23.37	103.85
23.38	101.89
23.39	97.94
23.4	97.16
23.41	98.47
23.48	109.15
23.49	105.81
24.02	121.97
24.03	117.16
24.04	117.73
24.05	111.8
24.06	108.73
24.07	112.48
24.2	141.29
24.73	141.34
24.74	138.82
24.75	139.07
24.76	138.71
24.77	138.34
24.78	138.33
24.79	138.96
24.8	139.65
24.81	140.24
24.82	141.82
24.83	143.38
24.84	146.47
24.85	148.14
24.86	148.29
24.87	147.59
24.88	144.36
24.89	144.53
24.9	146.11
24.91	139.56
24.92	139.45
24.93	142.03
24.94	139.42
24.95	139.89
24.96	139.76
24.97	144.8
24.98	145.48
24.99	145.49
25	144.73
25.01	149.54
25.02	143.03
25.03	135.9
25.04	134.1
25.05	133.37
25.06	131.64
25.07	130.48
25.08	130.11
25.09	130.26
25.1	130.52
25.11	130.86
25.12	130.39
25.13	130.38
25.14	131.2
25.15	131.44
25.16	131.95
25.17	131.91
25.18	131.33
25.19	130.95
25.2	131.63
25.21	131.02
25.22	130.76
25.23	131.35
25.24	131.09
25.25	131.41
25.26	131.24
25.27	131.17
25.28	131.09
25.29	131.43
25.3	131.65
25.54	102.7
25.55	100.91
25.56	100.69
25.57	101.82
25.58	103.07
25.59	102.73
25.6	103.62
25.68	122.33
25.69	123.29
25.7	123.23
25.71	118.75
25.72	115.96
25.73	118.88
25.74	119.08
25.78	105.52
25.79	104.95
25.8	102.96
25.81	101.93
25.82	101.09
25.83	99.54
25.84	97.29
25.85	97.38
25.86	99.93
25.87	100.12
25.88	100.43
25.89	99.41
25.9	103.85
25.91	103.35
25.92	98.57
26.29	132.35
26.3	131.01
26.31	130.69
26.32	130.66
26.33	131.66
26.34	132.79
26.35	132.68
26.36	132.43
26.37	133.16
26.38	133.39
26.39	134.23
26.4	133.69
26.41	134.2
26.42	134.78
26.43	132.52
26.44	131.95
26.45	131.52
26.46	130.51
26.47	128.9
26.48	128.17
26.49	125.89
26.5	122.29
26.51	121.02
26.52	121.01
26.53	118.87
26.54	116.92
26.55	117.64
26.56	113.77
26.57	114.26
26.58	112.2
26.59	112.86
26.6	114.79
26.61	116.75
26.62	116.25
26.63	117.86
26.64	120.5
26.65	121.23
26.66	124.68
26.67	126.51
26.68	121.51
26.69	119.72
26.7	122.16
26.71	122.89
26.72	126.13
26.73	127.05
26.74	124.95
26.75	122.47
26.76	115.99
26.77	112.18
26.78	110.35
26.79	110.52
26.8	109.17
26.81	108.28
26.82	109.08
26.83	108.78
26.84	107.89
26.85	106.17
26.86	107.32
26.87	107.3
26.88	105.83
26.89	107.35
26.9	111.81
26.91	110.97
26.92	108.71
27	103.36
27.01	102.75
27.02	91.81
27.04	152.04
27.05	154.58
27.06	84.39
27.07	86.28
27.08	90.54
27.09	97.01
27.1	104.6
27.11	110.76
27.12	115.97
27.13	116.8
27.14	118.85
27.15	118.88
27.16	117.02
27.17	116.38
27.18	116.09
27.19	115.43
27.2	116.11
27.21	114.89
27.22	117.14
27.23	114.77
27.24	118.35
27.25	114.46
27.26	114.34
27.27	115.13
27.28	115.54
27.29	118.08
27.3	120.92
27.31	121.24
27.32	119.88
27.33	117.85
27.34	114.22
27.35	114.74
27.36	118.78
27.37	118.2
27.4	110.87
27.41	112.43
27.42	101.65
27.43	89.37
27.44	84.82
27.47	98.74
27.48	98.52
27.49	91.12
27.5	101.99
27.51	94.9
27.52	96.05
27.53	98.32
27.54	97.4
27.66	115.77
27.67	114.09
27.68	112
27.69	110.09
27.7	108.84
27.8	93.08
27.81	105.9
27.82	98.64
27.83	94.38
27.84	99.02
27.85	95.89
27.86	98.42
27.87	96.94
27.88	94.44
27.89	96.02
27.9	96.42
27.91	95.65
27.92	96.67
27.93	98.75
27.98	110.89
27.99	110.67
28	109.14
28.01	108.32
28.02	106.33
28.03	105.23
28.04	104.95
28.05	105.74
28.06	109.78
28.07	111.44
28.08	112.82
28.09	103.18
28.1	110.75
28.11	116.05
28.12	108.51
28.13	106.59
28.14	106.74
28.48	123.2
28.49	125.35
28.5	124.79
28.51	125.83
28.52	126.5
28.53	127.34
28.54	127.2
28.55	127.3
28.56	126.61
28.57	126.34
28.58	125.26
28.59	125.37
28.6	128.9
28.64	125.26
28.65	125.86
28.66	131.04
28.67	128.03
28.68	124.97
28.69	120.42
28.7	117.4
28.71	115.03
28.72	113.97
28.73	110.29
28.74	110.39
28.75	109.63
28.76	109.27
28.77	106.85
28.78	104.52
28.79	107.96
28.8	101.44
28.81	101.97
28.82	102.07
28.83	108.62
28.84	109.5
28.85	109.21
28.86	109.25
28.87	110.85
28.88	114.28
28.89	114.55
28.9	112.9
28.91	110.83
28.92	110.23
28.93	111.57
28.94	113.96
28.95	113.6
28.96	112.62
28.97	112.54
28.98	113.16
28.99	111.95
29	113.06
29.01	112.87
29.02	109.52
29.03	107.77
29.04	103.46
29.05	103.86
29.06	96.52
29.07	99.89
29.08	99.53
29.09	100.24
29.1	101.81
29.48	116.31
29.49	114.93
29.5	111.94
29.51	112.36
29.52	112.93
29.53	115.11
29.54	113.86
29.55	113.83
29.56	114.42
29.57	116.14
29.58	114.61
29.59	116.53
29.6	113.41
29.61	115.79
29.62	114.91
29.7	126.66
29.71	124.07
29.72	121.05
29.73	120.67
29.74	119.73
29.75	119.41
29.76	118.37
29.77	117.94
29.78	117.3
29.79	116.62
29.8	117.46
29.81	117.8
29.82	118.11
29.83	118.01
29.84	118.74
29.85	119.23
29.86	119.13
29.87	119.17
29.88	119.23
29.89	119.73
30.23	109.56
30.24	114.78
30.25	114.1
30.26	116.89
30.27	117.6
30.28	119.31
30.29	122.74
30.3	121.47
30.31	121.13
30.32	121.13
30.33	120.62
30.34	121
30.35	122.1
30.36	122.2
30.37	121.86
30.38	122.89
30.39	123.05
30.4	124.83
30.41	126.88
30.42	126.6
30.43	133.95
30.44	133.07
30.45	129.22
30.46	135.04
30.47	135.62
30.48	135.27
30.49	134
30.5	133.03
30.51	130.71
30.52	129.55
30.53	128.66
30.54	128.25
30.55	127.29
30.56	125.81
30.57	123.33
30.58	121.19
30.59	119.31
30.6	117.2
30.61	116.58
30.62	116.2
30.63	114.34
30.64	112.74
30.65	111.92
30.66	111.78
30.67	113.87
30.68	113.61
30.69	114.61
30.7	113.43
30.71	114.24
30.8	130.06
30.81	131.07
30.82	130.59
30.83	130.39
30.84	130.23
30.85	130.59
30.86	130.98
30.87	130.88
30.88	130.03
30.89	128.91
30.9	127.16
30.91	126.14
30.92	124.21
30.93	122.92
30.94	122.68
30.95	122.36
30.96	117.56
30.97	116.6
30.98	118.21
30.99	114.62
31	115.2
31.01	114.42
31.02	114.89
31.03	113.93
31.04	117.69
31.05	114.5
31.06	111.3
31.07	111.18
31.13	113.77
31.14	114.28
31.15	112.08
31.16	109.12
31.17	111.95
31.18	114.17
31.19	113.71
31.2	113.05
31.21	114.99
31.22	113.79
31.23	114.91
31.24	115.14
31.25	117.74
31.26	120.48
31.27	123.36
31.28	123.78
31.29	123.15
31.3	123.2
31.31	122.7
31.32	122.06
31.33	121.93
31.34	122.25
31.35	123.36
31.36	123.62
31.37	123.56
31.38	123.85
31.39	122.46
31.4	122.57
31.41	123.61
31.42	139.82
31.43	136
31.44	135.2
31.45	132.52
31.46	130.96
31.47	127.36
31.48	123.93
31.49	121.57
31.5	119.9
31.51	120.76
31.52	120.45
31.53	112.54
31.54	119.18
31.55	121.46
31.56	123.29
31.57	122.8
31.58	121.85
31.59	124.83
31.6	125.97
31.61	128.42
31.62	129.33
31.63	130.98
31.64	131.13
31.65	131.35
31.66	130.5
31.67	129.46
31.68	128.47
31.69	128.37
31.7	125.67
31.71	124.86
31.72	123.75
31.73	118.66
31.74	117.38
31.75	114.95
31.76	111.15
31.77	111.08
31.78	110.86
31.79	110.59
31.8	110.84
31.81	112.48
31.82	112.98
31.83	113.66
31.84	113.48
31.85	112.5
31.86	110.78
31.87	107.61
31.88	106.51
31.89	105.07
31.9	109.75
31.91	109.94
31.92	112.96
31.93	113.38
31.97	120.33
31.98	118.26
31.99	116.96
32	118.2
32.01	120.35
32.02	117.34
32.03	111.24
32.04	114.85
32.05	118.54
32.2	219.64
32.21	222.66
32.22	219.83
32.52	120.84
32.53	129.83
32.54	125.39
32.55	128.66
32.56	128.57
32.57	127.49
32.58	129.54
32.59	131.32
32.6	131.6
32.61	132.84
32.62	137.58
32.63	134.25
32.64	133.11
32.65	131.77
32.66	131.47
32.67	132.62
32.68	131.74
32.69	129.65
32.7	130
32.71	128.42
32.72	125.86
32.73	121.28
32.74	124.62
32.75	124.22
32.76	122.7
32.77	121.88
32.78	118.42
32.79	116.05
32.8	116.53
32.81	113.6
32.82	112.27
32.83	109.99
32.84	108.43
32.85	106.22
32.86	102.85
32.87	101.67
32.88	101.04
32.89	99.3
32.9	99.09
32.91	99.1
32.92	99.25
32.93	97.76
33.21	88.79
33.22	89.81
33.23	84.35
33.24	85.8
33.25	85.97
33.26	98.01
33.27	98.62
33.28	100.92
33.29	86.49
33.3	97.77
33.31	97.6
33.46	127.27
33.47	125.63
33.48	124.94
33.49	124.09
33.5	123.3
33.51	123.27
33.52	122.22
33.53	119.64
33.54	118.91
33.55	118.42
33.56	111.94
33.57	112.23
33.58	114.62
33.59	114.84
33.6	114.27
33.61	111.82
33.62	112.14
33.63	113.99
33.64	111.93
33.65	111.33
33.66	108
33.67	107.32
33.68	105.05
33.69	110.21
33.7	113
33.74	116.27
33.75	111.75
33.76	109.14
33.77	109.25
33.78	111.87
33.79	116.6
33.86	133.47
33.87	137.48
33.88	138.81
33.89	140.37
33.9	140.42
33.91	139.39
33.92	137.99
33.93	136.99
33.94	134.57
33.95	129.74
33.96	122.78
33.97	123.58
33.98	122.21
33.99	120.31
34	120.05
34.01	117.38
34.02	116.66
34.03	115.92
34.04	114.78
34.05	122.65
34.06	123.23
34.07	114.65
34.08	119.58
34.09	114.9
34.1	118.98
34.11	114.19
34.12	118.21
34.13	117.47
34.14	114.56
34.15	113.88
34.16	112.22
34.17	113.19
34.18	113.21
34.19	112.75
34.2	113.03
34.21	112.55
34.22	113.31
34.23	111.53
34.24	89.34
34.32	117.35
34.33	113.97
34.34	109.6
34.35	106.07
34.36	106.09
34.74	119.38
34.75	119.72
34.76	121.74
34.77	122.68
34.78	123.42
34.79	123.82
34.8	124.03
34.81	124.62
34.82	124.72
34.83	125.19
34.84	127.37
34.85	124.78
34.86	124.89
34.87	124.85
34.88	124.35
34.89	126.74
34.9	124.23
34.91	145.03
34.92	147.07
34.93	149.48
34.94	148.46
34.95	145.47
34.96	141.86
34.97	139.1
34.98	142.35
34.99	142.84
35	140.58
35.01	139.87
35.02	140.68
35.03	142.09
35.04	142.95
35.05	138.84
35.06	140.73
35.07	138.96
35.08	137.28
35.09	130.77
35.1	129.15
35.12	117.79
35.13	124.16
35.14	127.69
35.16	136.37
35.17	134.77
35.18	143.13
35.19	140.52
35.2	138.9
35.21	140.99
35.22	136.2
35.23	137.64
35.24	137.18
35.25	135.69
35.26	134.56
35.27	133.81
35.28	133
35.29	133.56
35.3	133.95
35.31	132.78
35.32	132.58
35.33	131.91
35.34	130.4
35.35	128.7
35.36	126.63
35.37	125.14
35.38	122.88
35.39	121.89
35.4	123.66
35.41	124.1
35.42	121.75
35.43	127.61
35.44	127.57
35.45	123.3
35.46	126.52
35.47	126.7
35.53	141.15
35.54	140.57
35.55	136.56
35.56	133.96
35.57	133.8
35.58	132.43
35.59	131.04
35.6	128.43
35.61	125.04
35.62	125.78
35.63	122.23
35.64	118.77
35.65	117.06
35.66	112.24
35.67	110.01
35.73	100.13
35.74	95.14
35.75	99.78
35.76	102.73
35.77	105.07
36.01	133.89
36.02	133.3
36.03	130.55
36.04	129.01
36.05	126.92
36.06	126.43
36.07	128.06
36.08	129.59
36.09	130.48
36.1	130
36.11	127.68
36.12	129.46
36.13	129.98
36.14	130.1
36.15	129.59
36.16	133.14
36.17	131.27
36.18	130.56
36.19	130.22
36.2	129.44
36.21	127.56
36.22	125.88
36.23	125.36
36.24	125.04
36.25	122.78
36.26	121.56
36.27	117.23
36.28	117.87
36.29	120.02
36.3	111.85
36.31	114.53
36.32	110.58
36.33	110.79
36.34	112.9
36.35	110.63
36.36	107.28
36.37	102.39
36.38	94.12
36.39	92.29
36.6	205.83
36.61	219.45
36.62	219.21
36.63	204.52
36.98	124.34
36.99	123.87
37	121.17
37.01	120.89
37.02	124.47
37.03	120.3
37.04	122.01
37.05	121.52
37.06	120.6
37.07	120.35
37.08	119.44
37.09	118.6
37.1	116.78
37.11	115.44
37.12	115.51
37.13	114.4
37.14	114.6
37.15	110.21
37.16	110.7
37.17	109.39
37.18	105.61
37.19	104.66
37.2	107.06
37.21	109.78
37.22	109.81
37.41	153.25
37.42	163.87
37.43	157.83
37.44	152.81
37.88	107.94
37.89	109.18
37.9	112.2
37.91	112.96
37.92	110.31
37.93	109.24
37.96	119.57
37.97	119.54
37.98	123.1
37.99	122.83
38	122.21
38.01	121.55
38.02	120.31
38.03	118.68
38.04	117.36
38.05	116.05
38.06	114.97
38.07	113.11
38.08	110.62
38.09	110.02
38.1	108.47
38.11	107.61
38.12	107.51
38.13	106.94
38.14	105.16
38.15	103.86
38.16	103.6
38.17	105.4
38.18	106.21
38.19	105.36
38.2	104.84
38.21	105.49
38.22	104.71
38.23	107.48
38.24	107.61
38.25	106.49
38.26	106.63
38.27	106.65
38.28	105.67
38.29	105.7
38.3	106.38
38.57	120.76
38.58	107.55
38.59	109.9
38.6	106.78
38.61	107.8
38.62	107.36
38.63	106.95
38.64	105.56
38.65	104.34
38.66	104.9
38.67	104.72
38.68	104.28
38.69	103.64
38.7	103.23
38.71	98.97
38.72	102.09
38.73	99.31
38.74	99.5
38.75	99.64
38.76	98.93
38.77	99.46
38.78	100.05
38.79	99.26
38.8	99.94
38.81	101.37
38.82	101.27
38.83	103.01
38.94	128.79
38.95	123.51
38.96	125.55
38.97	126.57
38.98	125.55
38.99	125.76
39	125.87
39.01	126.4
39.02	127.75
39.03	126.45
39.04	129.2
39.05	128.85
39.06	129.73
39.07	129.88
39.08	130.64
39.09	131.23
39.1	132.02
39.11	130.09
39.12	128.77
39.13	127.43
39.14	126.43
39.15	125.05
39.16	123.21
39.17	121.12
39.18	119.19
39.19	117.34
39.2	115.91
39.21	114.5
39.22	113.19
39.23	112.92
39.24	112.19
39.25	112.06
39.26	110.92
39.27	109.43
39.28	107.98
39.29	108.63
39.3	109.84
39.31	108.27
39.32	108.5
39.33	108.85
39.34	108.41
39.35	102.09
39.36	101.91
39.37	83.17
39.38	109.38
39.39	111.18
39.4	108.57
39.41	106.92
39.42	109.88
39.55	114.02
39.56	112.26
39.57	113.23
39.58	113.88
39.59	114.4
39.6	111.95
39.61	109.11
39.62	106.75
39.63	106.16
39.64	109.15
39.65	113.28
39.66	112.58
39.67	114.76
39.68	114.14
39.69	113.27
39.7	118.5
39.71	111.89
39.72	110.07
39.73	110.88
39.74	111.73
39.75	111.41
39.76	111.93
39.77	111.93
39.78	112.12
39.79	111.99
39.8	111.74
39.81	112.49
39.82	111.1
39.83	110.48
39.84	109.62
39.85	108.36
39.86	107.39
39.87	108.94
39.88	107.98
40.1	135.14
40.11	134
40.12	134.29
40.13	134.77
40.14	134.77
40.15	134.76
40.16	135.2
40.17	135.29
40.18	134.71
40.19	127.1
40.2	129.64
40.21	132.55
40.22	133.87
40.23	129.6
40.24	128.09
40.25	124.97
40.26	122.35
40.27	121.3
40.28	120.42
40.29	115.89
40.3	110.65
40.31	109.64
40.32	112.6
40.33	123.91
40.34	123.16
40.35	115.4
40.36	120.54
40.37	117.8
40.38	116.26
40.39	115.42
40.4	115.83
40.41	115.84
40.42	116.36
40.43	117.07
40.44	116.95
40.45	119.3
40.46	121.64
40.47	121.77
40.48	122.28
40.49	121.55
40.5	118.99
40.51	114.93
40.52	111.66
40.59	109.33
40.6	108.01
40.61	108.04
40.62	107.54
40.63	107.61
40.64	108.43
40.65	109.86
40.66	110.02
40.67	109.5
40.68	108.57
40.69	108.67
40.7	109.26
40.71	109.54
40.72	109.59
40.73	109.08
40.74	108.46
40.75	109
40.76	109.41
40.77	109.6
40.84	123.23
40.85	122.52
40.86	119.85
40.87	118.6
40.88	116.92
40.89	117.53
40.9	119.04
40.91	122.77
40.92	120.83
40.93	120.51
40.94	119.13
40.95	120.32
40.96	121.51
40.97	123.67
40.98	128.26
40.99	126.33
41	123.83
41.01	123.1
41.02	122.69
41.03	122.09
41.04	120.54
41.05	118.27
41.06	116.02
41.07	111.6
41.08	110.52
41.09	110.05
41.1	108.65
41.11	106.04
41.12	105.6
41.13	104.06
41.14	108.27
41.17	102.22
41.18	103.4
41.44	132.14
41.45	132.15
41.46	131.63
41.47	131.1
41.48	130.94
41.49	130.96
41.5	130.1
41.51	128.21
41.52	130.13
41.53	130.31
41.54	130.16
41.55	130.55
41.56	130.29
41.57	129.58
41.58	129.1
41.74	83.37
41.75	84.1
41.76	83.64
41.85	106.24
41.86	106.96
41.87	107.21
41.88	107.49
41.89	109.26
41.9	110.97
41.97	129.33
41.98	127.65
41.99	125.99
42	125.43
42.01	125.75
42.02	125.5
42.03	125.6
42.04	125.13
42.05	123.91
42.06	121.92
42.07	120.09
42.08	120.29
42.09	120.88
42.1	117.6
42.11	115.58
42.12	114.47
42.13	114.4
42.14	114.73
42.15	114.97
42.16	114.04
42.17	112.96
42.18	113.33
42.19	113.41
42.2	115.43
42.21	115.43
42.22	115.17
42.23	114.83
42.24	116.64
42.25	123.54
42.26	122.51
42.27	122.73
42.28	122.7
42.31	109.68
42.32	103.25
42.33	105.29
42.34	104.17
42.35	101.83
42.36	97.3
42.37	104.64
42.38	105.59
42.39	103.7
42.5	119.9
42.51	117.07
42.52	119.44
42.53	122.92
42.54	120.32
42.55	120.35
42.56	118.79
42.57	119.33
42.58	122.32
42.59	122.01
42.6	122.97
42.61	121.78
42.69	115.26
42.7	118.24
42.71	111.92
42.88	89.85
42.89	100.74
42.9	106.39
42.91	107.73
42.92	108.36
42.93	108.1
42.94	109.96
42.95	110.02
42.96	107.1
42.97	107.25
42.98	107.92
42.99	109.63
43	116.01
43.01	118.05
43.02	120.92
43.03	122.18
43.04	121.07
43.05	119.32
43.06	118.26
43.1	111.09
43.11	110.82
43.12	115.11
43.13	110.96
43.14	112.24
43.15	110.89
43.16	109.29
43.17	110.08
43.18	110.31
43.19	115
43.2	117.41
43.21	117.1
43.22	118.18
43.23	119.61
43.24	119.3
43.25	119.73
43.26	120.23
43.27	119.67
43.28	119.15
43.29	118.77
43.3	116.08
43.31	116.53
43.32	115.69
43.33	116.54
43.34	118.02
43.35	117.32
43.36	116
43.37	115.5
43.38	113.78
43.39	109.66
43.4	110.12
43.41	107.57
43.42	104.95
43.43	105.65
43.44	105.99
43.78	149.85
43.79	148.74
43.8	146.55
43.81	143.52
43.82	141.86
43.83	140.33
43.84	136.23
43.85	133.07
43.88	120.41
43.89	120.1
43.9	119.15
43.91	118.21
43.92	118.71
43.93	115.33
43.94	117.04
43.95	121.01
43.96	120.9
43.97	122.6
43.98	123.69
43.99	125.18
44	125.43
44.01	125.42
44.02	124.54
44.03	123.75
44.04	123.39
44.05	122.72
44.06	122.08
44.07	121.01
44.08	119.79
44.09	119.15
44.1	117.97
44.11	115.78
44.12	115.31
44.13	114.81
44.14	113.87
44.15	114.89
44.16	114.65
44.17	114.98
44.18	116.11
44.19	115.59
44.2	116.52
44.21	114.58
44.22	115.9
44.23	114.72
44.24	114.87
44.25	114.74
44.26	119.59
44.32	87
44.33	88.81
44.34	84.81
44.35	86.64
44.36	87.32
44.37	91.82
44.38	92.98
44.39	93.01
44.4	90.99
44.41	102.75
44.42	106.08
44.43	104.22
44.44	104.17
44.45	105.18
44.46	106.61
44.47	107.93
44.48	110.34
44.49	112.38
44.5	113.38
44.51	112.37
44.52	110.89
44.53	111.36
44.54	110.21
44.55	109.26
44.56	108.69
44.57	109.83
44.58	109.25
44.59	106.84
44.6	107.9
44.61	108.14
44.62	105.49
44.63	106.31
44.67	109.13
44.68	107.21
44.73	118.5
44.74	123.35
44.75	121.34
44.76	113.64
44.77	116.52
44.78	116.94
44.79	117.69
44.8	117.56
44.81	116.27
44.82	115.21
44.83	114.8
44.84	115.1
44.85	114.14
44.86	115
44.87	114.1
44.88	116.27
44.89	113.22
44.9	116.55
44.91	116.41
44.92	116.43
45.01	116.44
45.02	116.54
45.03	116.11
45.04	115.09
45.05	110.65
45.06	109.62
45.07	111.43
45.08	111.29
45.09	110.22
45.1	110.26
45.11	106.39
45.12	106.33
45.13	105.95
45.14	100.56
45.15	100.76
45.16	101.33
45.17	101.7
45.18	101.97
45.19	101.82
45.2	101.88
45.21	102.41
45.22	102.54
45.23	103.99
45.24	104.05
45.25	101.52
45.31	116.05
45.32	116.02
45.33	115.35
45.34	115.82
45.35	116.61
45.36	110.61
45.37	109.05
45.38	107.55
45.39	105.86
45.4	102.42
45.41	100.63
45.42	101.89
45.43	102.89
45.44	105.24
45.45	104.69
45.46	102.62
45.47	101.16
45.48	104.54
45.49	107.9
45.5	107.55
45.51	108.79
45.52	105.54
45.53	102.35
45.54	102.32
45.55	101.8
45.56	103.54
45.57	100.76
45.58	105.55
45.59	103.87
45.6	102.03
45.61	101.08
45.78	121.14
45.79	123.77
45.8	122.18
45.81	121.65
45.82	120.6
45.83	120.13
45.84	119.25
45.97	126.32
45.98	122.74
45.99	121.63
46	119.77
46.01	113.21
46.02	109.5
46.03	99.17
46.04	94.91
46.05	89.98
46.47	97.51
46.48	108.45
46.49	109.22
46.52	126.06
46.53	115.59
46.54	115.88
46.55	114.38
46.56	113.9
46.57	112.65
46.58	110.7
46.59	110.99
46.6	111.07
46.61	107.09
46.62	105.56
46.63	101.73
46.64	109.57
46.65	110.52
46.75	124.09
46.76	121.98
46.77	121.61
46.78	123.28
46.79	124.93
46.8	124.92
46.81	123.38
46.82	122.03
46.83	121.95
46.84	122.03
46.85	124.16
46.86	125.03
46.87	125.81
46.88	124.95
46.89	121.53
46.9	119.79
46.91	115.17
46.92	115.2
46.93	110.28
47	111.82
47.01	112.11
47.02	111.73
47.03	112.29
47.04	113.55
47.05	113.45
47.06	113.47
47.07	114.33
47.08	114.33
47.09	115.68
47.1	114.34
47.11	112.09
47.12	111.58
47.13	112.86
47.14	113.94
47.15	113.59
47.16	110.08
47.17	109.46
47.18	108.54
47.19	107.52
47.2	107.92
47.21	103.97
47.22	102.16
47.23	106.86
47.24	102.88
47.25	102.71
47.26	105.75
47.33	107.28
47.34	107.97
47.35	110.14
47.36	107.35
47.37	109.95
47.38	107.54
47.39	108.18
47.4	105.98
47.41	104.07
47.5	129.27
47.51	128.42
47.52	126.74
47.53	127.41
47.54	128.8
47.55	129.55
47.56	132.29
47.57	133.55
47.58	132.57
47.59	133.78
47.6	134.77
47.61	128.97
47.62	128.5
47.7	129.03
47.71	124.55
47.72	124.04
47.73	124.33
47.74	121.53
47.75	123.6
47.76	122.24
47.77	121.51
47.78	121.22
47.79	124.93
47.8	124.65
47.81	124.44
47.82	123.6
47.83	119.7
47.84	119.54
47.85	120.01
47.86	116.32
47.87	116.19
47.88	113.33
47.89	114.28
47.9	111.35
47.91	112.4
47.92	104.2
47.93	105.07
47.94	103.53
47.95	103.44
47.96	100.84
47.97	100.59
47.98	101.8
47.99	106.99
48	100.5
48.01	94.1
48.02	100.26
48.03	100.71
48.04	103.64
48.05	105.75
48.06	106.34
48.07	105.52
48.08	106.47
48.09	108.64
48.1	105.37
48.11	109.3
48.12	108.1
48.13	104.63
48.14	104.08
48.15	105.81
48.28	115.02
48.29	110.33
48.3	109.11
48.31	109.32
48.32	108.84
48.33	108.69
48.34	107.47
48.35	105.59
48.36	106.53
48.37	104.85
48.38	103.13
48.39	105.46
48.4	108.34
48.41	107.9
48.42	107.82
48.43	106.67
48.44	104.56
48.45	105.44
48.46	107.25
48.47	103.71
48.48	99.98
48.49	99.64
48.5	99.36
48.51	102.49
48.52	102.58
48.53	102.97
48.54	102.03
48.55	103.71
48.56	101.83
48.57	102.62
48.58	103.8
48.59	105.14
48.6	105.89
48.61	108.72
48.62	110.08
48.63	108.37
48.64	107.48
48.65	107.82
48.66	108.24
48.67	107.55
48.79	115.49
48.8	112.29
48.81	109.35
48.82	108.97
48.83	108.65
48.84	108.87
48.85	110.05
48.86	110.11
48.87	108.22
48.88	107.1
48.89	106.63
48.9	109.59
48.91	112.5
48.92	114.47
48.93	114.24
48.94	114.01
48.95	120.98
48.96	117.98
48.97	120.61
48.98	123.19
48.99	124
49	122.56
49.01	121.88
49.02	121.27
49.03	119.51
49.04	116.84
49.05	118.64
49.06	113.05
49.07	117.06
49.08	117.82
49.09	118.39
49.1	115.45
49.11	117.26
49.12	117.52
49.13	112.03
49.14	114.79
49.15	110.87
49.16	116.24
49.17	111.28
49.18	107.03
49.19	104.68
49.2	108.74
49.21	110.21
49.6	112.6
49.61	109.54
49.62	110.07
49.63	111.52
49.64	112.18
49.65	112.06
49.66	112.79
49.67	113.19
49.68	113.14
49.69	113.22
49.7	114.14
49.71	112.78
49.72	111.29
49.73	112.05
49.74	111.13
49.75	109.78
49.76	110.55
49.77	112.38
49.78	112.04
49.82	125.43
49.83	126.92
49.84	127.38
49.85	126.22
49.86	125.17
49.87	123.85
49.88	122.76
49.89	121.82
49.9	119.89
49.91	119.04
49.92	117.54
49.93	113.94
49.94	117.98
49.95	119.15
49.96	120.82
49.97	122.05
49.98	122.82
49.99	122.85
50	122.51
50.01	121.7
50.02	120.31
50.03	118.7
50.04	117.34
50.05	117.03
50.06	117.27
50.07	117.28
50.08	118.08
50.09	118.72
50.1	117.84
50.11	116.83
50.12	117.24
50.13	116.87
50.14	114.64
50.15	115.1
50.16	101.94
50.17	101.95
50.18	106.3
50.19	118.61
50.2	118.6
50.21	118.66
50.7	136.75
50.71	133.05
50.72	131.66
50.73	130.31
50.74	125.74
50.75	125.16
50.76	123.87
50.77	122.91
50.78	121.73
50.79	119.26
50.8	117.31
50.81	115.75
50.82	114.81
50.83	112.97
50.84	111.13
50.85	111.3
50.86	112.31
50.87	111.05
50.88	109.39
50.89	108.46
50.9	106.89
50.91	106.24
50.92	105.51
50.93	107.31
50.94	109.2
50.95	109.13
50.96	109.02
50.97	106.6
50.98	105.48
50.99	108.99
51.08	111.4
51.25	117.49
51.26	116.36
51.27	113.32
51.28	111.93
51.29	111.77
51.3	113.22
51.31	113.49
51.32	112.75
51.33	113.46
51.34	114.66
51.35	115.37
51.36	119.06
51.37	125.56
51.38	129.01
51.39	131.18
51.4	129.84
51.41	132.15
51.42	140.46
51.43	136.61
51.44	137.02
51.45	136.06
51.46	136.17
51.47	134.85
51.48	134.33
51.49	133.7
51.5	132.15
51.51	130.23
51.52	130.05
51.53	129.24
51.54	128.39
51.55	126.8
51.56	124.4
51.57	123.24
51.58	124.31
51.59	129.76
51.6	126.17
51.61	129.48
51.62	132.79
51.8	121.27
51.81	119.34
51.82	116.99
51.83	116.05
51.84	113.62
51.85	112.05
51.86	111.84
51.87	114.41
51.88	114.4
51.89	114.99
51.9	114.48
51.91	112.78
51.92	110.55
51.93	116.08
51.96	120.52
51.97	121.16
51.98	120.72
51.99	119.23
52	117.05
52.01	115.56
52.02	115.78
52.03	116.3
52.04	116.75
52.05	116.39
52.06	116.99
52.07	117.89
52.08	117.29
52.09	118.64
52.1	118.62
52.11	120.32
52.12	119.88
52.13	118.6
52.14	107.37
52.15	118.37
52.16	121.47
52.17	124.49
52.18	125.49
52.19	124.93
52.2	123.49
52.29	125.78
52.3	126.11
52.31	124.94
52.32	113.36
52.33	106.87
52.34	114.62
52.35	104.04
52.36	104.46
52.41	104.33
52.42	105.73
52.43	107.06
52.44	103.66
52.45	103.86
52.55	107.76
52.56	106.81
52.59	106.29
52.6	108.78
52.61	103.06
52.62	105.88
52.63	105.24
52.64	104.98
52.65	107.47
52.66	105.21
52.79	115.71
52.8	115.98
52.81	116.27
52.82	117.52
52.83	116.48
52.84	115.05
52.85	117.4
52.86	117.35
52.87	111.14
52.88	113.48
52.89	108.81
52.9	113.54
52.96	109.81
52.97	107.88
52.98	110.57
52.99	108.66
53	110.24
53.01	113.8
53.16	114.47
53.17	111.56
53.18	112.67
53.19	108.2
53.2	113.29
53.21	105.54
53.22	106.64
53.23	106.19
53.24	106.83
53.25	107.04
53.65	122.81
53.66	120.12
53.67	118.41
53.68	116.56
53.69	114.3
53.7	114.31
53.71	112.73
53.72	112.96
53.73	111.29
53.74	109.36
53.75	108.61
53.76	107.06
53.77	105.09
53.78	103.21
53.79	101.41
53.8	100.2
53.81	97.82
53.82	96.35
53.83	95.62
53.84	100.08
53.85	98.48
53.9	91.77
53.91	92.24
53.92	93.72
54.28	112.72
54.29	108.87
54.3	102.49
54.31	100.96
54.5	118.23
54.51	118.02
54.52	117.44
54.53	116.84
54.54	115.74
54.55	114.11
54.56	113.96
54.57	114.02
54.58	114
54.59	113.6
54.6	113.02
54.61	110.96
54.62	111.22
54.63	112.41
54.81	114.25
54.82	114.79
54.83	112.27
54.84	112.06
54.85	111.71
54.86	111.49
54.87	111.48
54.88	109.59
54.89	110.34
54.9	110.15
54.91	107.61
54.92	109.19
54.93	108.78
54.94	110.31
54.95	108.76
54.96	111.18
54.97	110
54.98	110.13
54.99	106.24
55.2	112.11
55.21	111.78
55.22	105.56
55.23	103.02
55.24	104.43
55.25	109.46
55.26	105.43
55.27	105.74
55.28	107.56
55.29	108.01
55.3	109.54
55.31	107.25
55.49	116.77
55.5	113.26
55.51	113.02
55.52	114.76
55.53	115.06
55.54	113.25
55.55	110.54
55.56	112.67
55.57	114.88
55.58	111.34
55.64	109.07
55.65	108.63
55.66	109.34
55.67	109.13
55.68	111.1
55.84	106.08
55.85	106.54
55.86	107.07
55.87	101.85
55.88	104.1
55.89	101.45
55.9	101.89
55.91	103.09
55.92	104.58
55.93	103.24
55.94	105.53
55.95	107.34
56.02	103.98
56.03	102.99
56.04	100.01
56.05	103.77
56.06	103.82
56.07	105.77
56.08	104.19
56.09	102.43
56.1	101.65
56.11	101.9
56.12	102.89
56.13	101.69
56.14	101.74
56.15	102.21
56.16	102.04
56.28	211.39
56.29	210.79
56.3	209.92
56.57	117.51
56.58	114.88
56.59	109.78
56.6	109.8
56.61	108.51
56.62	107.29
56.63	107.29
56.64	105.74
56.65	106.73
56.66	106
56.67	101.95
56.68	102.03
56.69	101.72
56.7	102.87
56.71	106.36
56.72	107.29
56.73	100.86
56.74	100.63
56.77	107.52
56.78	107.5
56.79	100.1
56.8	100.81
56.81	100.5
56.82	100.4
56.83	99.64
