time	f0
0.015	208.77
0.025	210.48
0.035	211.53
0.045	207.69
0.055	206.49
0.265	166.9
0.275	161.79
0.285	162.94
0.295	165.58
0.575	186.51
0.585	192.6
0.595	189.04
0.605	186.05
0.615	184.08
0.625	185.94
0.635	183.23
0.645	181.71
0.655	180.02
0.665	177.94
0.675	179.28
0.685	177.59
0.695	174.14
0.705	173.92
0.715	171.02
0.725	168.81
0.735	168.8
0.745	169.95
0.755	166.62
0.765	165.5
0.775	167.29
0.785	165.52
0.795	165.39
0.805	163.78
0.815	164.05
0.825	164.94
0.835	164.71
0.845	163.77
0.855	163.07
0.865	160.59
0.875	159.83
0.885	159.58
0.895	160.77
0.905	158.74
0.915	160.5
1.785	196.45
1.795	199.42
1.805	193.39
1.815	191.41
1.825	195.77
1.835	198.87
1.845	194.42
1.855	191.95
2.015	227.26
2.025	224.2
2.035	221.93
2.045	226.06
2.055	227.78
2.065	230.34
2.075	231.64
2.085	231.47
2.095	232.41
2.105	234.32
2.115	226.89
2.125	224.31
2.135	226.89
2.145	223.29
2.325	233.99
2.335	221.05
2.345	217.71
2.355	216.81
2.365	217.32
2.375	219.78
2.385	212.28
2.395	222.28
2.405	216.65
2.495	281.25
2.505	270.07
2.515	281.33
2.535	181.22
2.545	181.28
2.555	180.99
2.565	180.91
2.575	182.02
2.585	182.6
2.595	180.15
2.605	181.32
2.615	179.85
2.625	179.24
2.635	179.72
2.645	179.34
2.655	178.67
2.665	177.93
2.675	177.19
2.685	177.44
2.695	176.27
2.705	176.57
2.715	176.87
2.725	176.07
2.735	176.69
2.745	176.88
2.755	176.97
2.935	210
2.945	215.94
2.955	215.95
2.965	219.48
2.975	218.77
2.985	213.18
3.075	210.02
3.085	203.78
3.095	197.87
3.105	193.79
3.115	189.95
3.125	192.29
3.135	189.66
3.145	187.21
3.155	184.02
3.165	192.2
3.175	189.52
3.185	189.62
3.195	194.7
3.205	197.9
3.555	188.8
3.565	187.02
3.575	181.79
3.585	180.13
3.595	176.19
3.605	177.36
3.615	173.58
3.625	170.31
3.635	171.38
3.645	168.67
3.655	165.54
3.665	165.29
3.675	163.62
3.685	160.84
3.695	159.55
3.705	160.5
3.745	182.17
3.755	182.35
3.765	179.29
3.775	186.91
3.785	188.9
3.795	192.24
3.805	193.69
3.815	193.91
3.825	192.59
3.835	196.41
3.845	201.71
3.855	199.23
3.865	201.83
3.875	202.07
3.885	203.73
3.895	205.85
3.905	203.95
3.915	202.67
3.925	205.53
3.935	203.88
3.945	204.18
3.955	201.25
3.965	201.13
3.975	201.58
3.985	203.87
3.995	200.94
4.005	201.12
4.015	198.48
4.025	193.35
4.035	190.68
4.045	187.15
4.055	187.27
4.065	184.34
4.075	185.37
4.085	178.61
5.975	279.39
5.985	275.85
5.995	290.36
6.005	298.81
6.015	303.13
6.025	306.81
6.035	309
6.045	308.77
6.055	305.89
6.065	297.9
6.075	304.4
6.085	306.01
6.095	306.63
6.105	308.64
6.115	292.03
6.125	306.25
6.135	303.22
6.145	303.97
6.155	314.28
6.165	283.11
6.175	275.02
6.185	262.58
6.195	252.98
6.205	247.84
6.215	244.92
6.225	242.58
6.235	244.12
6.245	243.09
6.255	242.66
6.265	239.13
6.275	244.16
6.315	251.92
6.325	256
6.335	259.81
6.755	140.91
6.765	147.33
6.775	201.66
6.785	211.11
6.795	211.98
6.805	215.27
6.815	213.09
6.825	215.15
6.835	214.7
6.845	213.38
6.855	212.81
6.865	211.74
6.875	211.46
6.885	210.75
6.895	210.12
6.905	208.44
6.915	207.73
6.925	206.16
6.935	204.56
6.945	204.23
6.955	203.56
6.965	202.93
6.975	203.4
6.985	203.45
6.995	203.69
7.005	204.31
7.015	202.98
7.025	203.93
7.035	203.97
7.045	204.47
7.055	204.56
7.065	204.06
7.075	204.2
7.085	204.75
7.095	203.65
7.105	204.64
7.115	203.18
7.125	203.22
7.135	206.65
7.145	204.08
7.155	206.52
7.275	263.19
7.285	254.93
7.295	251.32
7.305	248.99
7.315	247.89
7.325	245.97
7.335	243.95
7.345	242.87
7.355	241.52
7.365	249.17
7.375	247.56
7.385	245.71
7.395	245.86
7.485	246.4
7.495	243.6
7.505	240.19
7.515	234.16
7.525	228.29
7.535	232.82
7.545	232.73
7.555	230.6
7.565	221.73
7.575	231.67
7.585	237.64
7.595	223.86
7.605	202.78
7.615	229.63
7.625	222.52
7.635	212.36
7.715	226.61
7.725	217.31
7.735	216.1
7.745	229.6
7.765	217.95
7.775	239.84
7.785	222.62
7.795	226.69
7.805	227.86
7.815	228.91
7.825	229.6
7.835	233.06
7.845	231.94
7.855	229.19
7.865	227.52
7.875	239.5
7.885	233.26
7.895	227.61
7.905	231.27
7.915	238.6
7.925	243.08
7.935	248.25
7.945	250.2
7.955	249.26
7.965	249.39
7.975	244.25
7.985	242.21
7.995	258.85
8.005	244.02
8.015	242.4
8.025	239.01
8.035	239.32
8.385	223.35
8.395	215.66
8.405	214.58
8.415	213.34
8.425	215.89
8.435	215.18
8.445	214.87
8.545	220.12
8.555	218.06
8.565	215.53
8.575	213.8
8.585	209.36
8.595	207.06
8.605	208.63
8.615	204.82
8.625	197.6
8.635	188.73
8.645	178.76
8.655	183.4
8.665	199.49
8.845	187.75
8.855	187.14
8.865	181.81
8.875	181.95
8.885	185.51
8.895	187.24
8.905	187.21
8.915	187.74
8.925	185.97
8.935	184.92
8.945	187.54
8.955	186.76
8.965	188.05
8.975	186.09
8.985	189.6
8.995	190.28
9.005	195.66
9.015	200.49
9.025	198.91
9.035	195.64
9.045	196.4
9.055	189.86
9.065	189.1
9.075	189.83
9.085	191.34
9.275	214.72
9.285	210.71
9.295	213.58
9.305	213.67
9.315	218.25
9.325	220.81
9.335	224.41
9.345	225.49
9.355	224.89
9.365	227.08
9.375	226.17
9.385	223.48
9.395	220.2
9.405	216.5
9.415	213.71
9.425	208.69
9.435	203.59
9.445	206.28
9.455	193.64
9.465	190.49
9.475	186.88
9.485	182.41
9.495	183.17
9.505	171.82
9.545	192.58
9.555	172.85
9.565	177.83
9.575	189.65
9.585	187.07
9.595	201.82
9.785	194.09
9.795	189.57
9.805	191.96
9.815	187.68
9.825	188.87
9.925	216.04
9.935	214.07
9.945	210.71
9.955	204.48
9.965	205.09
10.085	220.3
10.095	217.57
10.105	218.96
10.115	219.91
10.125	221.05
10.135	221.53
10.145	221.48
10.155	235.16
10.165	240.71
10.175	240.13
10.185	251.48
10.195	245.11
10.205	248.74
10.215	255.72
10.225	247.59
10.235	245.74
10.245	244.36
10.255	244.66
10.405	184.52
10.415	173.79
10.425	169.28
10.435	172.65
10.445	173.4
10.455	173.75
10.465	179.96
11.215	160.75
11.225	187.57
11.235	187.72
11.245	191.52
11.255	193.8
11.265	191.56
11.365	236.05
11.375	220.71
11.385	219.78
11.395	218.07
11.405	217.57
11.415	219.01
11.425	219.36
11.435	219.52
11.445	220.26
11.455	219.99
11.465	218.07
11.475	215.49
11.485	217.28
11.495	215.57
11.505	217.06
11.515	215.09
11.525	207.04
11.535	203.01
11.545	203.91
11.555	203.58
11.565	200.82
11.575	195.89
11.585	204.2
11.595	217.44
11.605	223.38
11.695	190.17
11.705	189.78
11.775	206.65
11.785	204.8
11.795	210.42
11.975	208.86
11.985	210.66
11.995	210.09
12.005	209.25
12.015	209.71
12.025	211.76
12.035	212.54
12.045	213.46
12.055	215.87
12.065	217.85
12.075	218.65
12.085	217.05
12.095	215.2
12.105	218.47
12.115	217.66
12.125	218.41
12.215	206.59
12.225	203.16
12.235	202.52
12.245	201.49
12.255	197.87
12.265	203.12
12.355	205.96
12.365	202.64
12.375	196.11
12.385	192.05
12.455	210.24
12.555	207.1
12.565	208.63
12.575	206.77
12.585	202.93
12.595	203.33
12.605	197.68
12.615	201.52
12.625	205.28
12.635	204.33
12.645	206.26
12.685	212.83
12.695	224.73
12.705	219.26
12.835	257.65
12.845	257.89
12.855	259.25
12.865	255.09
12.875	255.1
12.885	255.24
12.895	239.05
12.905	252.69
12.915	242.76
12.925	236.24
12.935	246.24
13.105	234.22
13.125	218.16
13.245	149.82
13.255	145.43
13.265	144.37
13.275	140.01
13.285	142.74
13.295	143.03
13.305	141.55
13.435	202.23
13.545	196.63
13.555	192.28
13.565	194.52
13.635	191.24
13.645	191.02
13.655	190.34
13.665	192.09
13.675	190.81
13.685	192.16
13.695	190.5
13.705	189.92
13.755	193.83
13.765	189.93
13.775	188.06
13.785	183.88
13.795	181.51
13.805	186.45
13.815	208.52
13.825	211.76
14.055	184.16
14.065	166.99
14.075	181.53
14.085	189.06
14.095	182.05
14.105	177.75
14.115	183.84
14.125	182.74
14.135	182.11
14.145	186.75
14.155	188.78
14.305	187.63
14.355	246.68
14.515	241.37
14.525	237.37
14.535	209.7
14.545	201.21
14.645	184.08
14.655	177.92
14.665	180.5
14.675	178.09
14.685	177.28
14.695	181.7
14.705	181.5
14.715	179.48
14.885	159.96
14.895	162.03
14.905	162.98
14.915	164.32
14.925	165.2
14.935	166.54
14.945	168.18
14.955	169.68
14.965	173.36
14.975	176.19
14.985	178.2
14.995	181.96
15.005	181.75
15.015	180.35
15.025	181.16
15.035	183.38
15.045	187.95
15.115	215.42
15.315	191.19
15.325	187.28
15.335	186.4
15.345	185.16
15.355	186.71
15.365	186.31
16.445	217.86
16.455	205.94
16.465	205.59
16.475	201.81
16.485	201.14
16.605	220.77
16.615	221.31
16.625	223.89
16.635	222.42
16.645	220.59
16.655	222.67
16.665	223.78
16.675	225.37
16.685	223.99
16.695	214.51
17.405	209.84
17.415	207.32
17.425	205.28
17.435	203.7
17.445	200.6
17.455	204.07
17.465	203.54
17.475	204.67
17.485	205.15
17.495	204.92
17.505	204.43
17.535	184.63
17.595	214.75
17.605	201.21
17.615	196.24
17.625	191.39
17.635	188.69
17.645	187.39
17.655	184.91
17.665	184.46
17.675	182.73
17.685	179.91
17.695	182.21
17.705	181.44
17.715	183.48
17.725	182.23
17.735	178.76
17.745	175.03
17.755	176.91
17.765	178.44
17.775	176.08
17.785	175.72
17.795	178.04
17.805	181.23
17.815	179.24
17.825	182.01
17.835	181.12
17.845	179.49
17.855	177.95
17.865	179.26
17.875	177.36
18.085	208.43
18.095	211.75
18.105	213.22
18.115	216.44
18.125	219.94
18.135	220.46
18.145	221.02
18.155	225.66
18.165	224.81
18.175	219.72
18.185	225.55
18.195	227.14
18.205	222.04
18.765	189.86
18.775	185.06
18.785	183.74
18.795	183.26
18.805	178.61
18.815	172.67
18.825	175.31
18.835	178.43
18.845	171.99
18.855	173.75
18.865	174.79
18.875	172.82
18.885	173.87
18.895	171.16
18.905	168.88
18.915	168.41
18.925	172.01
18.935	167.39
18.945	172.31
18.975	255.8
18.985	265.98
18.995	275.87
19.025	175.25
19.035	194.57
19.045	186.19
19.055	190.29
19.065	191.77
19.075	191.44
19.085	193.07
19.095	193.51
19.105	192.58
19.115	191.15
19.125	190.39
19.135	195.04
19.145	200.92
19.155	194.65
19.165	197.52
19.175	199.49
19.185	203.26
19.195	197.71
19.205	210.34
19.215	207.59
19.225	213.33
19.235	204.8
19.245	204.14
19.255	205.04
19.265	203.93
19.275	203.95
19.285	202.82
19.295	198.51
19.305	201.33
19.315	200.82
19.325	198.95
19.335	200.61
19.345	201.15
19.515	190.17
19.525	189.21
19.535	189.03
19.545	188.55
19.555	190.33
19.565	191.23
19.575	182.73
19.585	188.79
19.595	187.53
19.705	197.83
19.715	196.49
19.725	188.3
19.735	182.18
19.745	179.71
19.755	182.64
19.765	182.46
19.775	181.28
19.785	182.46
19.795	173.14
19.805	177.63
20.165	196.76
20.215	178.42
20.225	179.88
20.235	166.56
20.245	163.77
20.425	135.13
20.435	136.21
20.445	145
20.455	150.41
20.465	174.89
20.495	197.34
20.505	195.54
20.515	195.98
20.525	191.41
20.535	190.36
20.545	188.62
20.555	188.69
20.565	187.29
20.575	187.72
20.585	187.05
20.595	187.19
20.605	186.23
21.105	294.92
21.115	263.18
21.125	259.43
21.135	257.8
21.195	253.96
21.205	248.44
21.215	248.72
21.295	194.5
21.305	191.12
21.315	192.69
21.325	197.89
21.335	195.13
21.345	194.89
21.355	195.68
21.365	198.91
21.375	196.76
21.385	204.93
21.395	199.44
21.535	183
21.545	178.42
21.555	174.34
21.565	173.97
21.575	170.86
21.585	165.15
21.595	164.7
21.605	164.53
21.615	170.24
21.635	196.82
21.645	196.47
21.675	181.8
21.685	171.2
21.805	185.09
21.895	185.14
21.905	172.68
21.915	168.96
21.925	165.18
21.935	167
21.945	163.79
21.955	158.55
21.985	165.83
22.025	172.49
22.035	169.87
22.045	171.17
22.055	171.05
22.065	170.74
22.075	171.97
22.285	183.07
22.295	177.55
22.305	170.62
22.315	168.67
22.325	197.17
22.335	189.79
22.345	185.11
22.355	178.19
22.365	181.23
22.375	179.68
22.385	176.21
22.395	167.97
22.405	167.58
22.415	167.14
22.425	161.27
22.435	157.21
22.445	157
22.455	159.01
