time	f0
0.06	250.26
0.07	256.32
0.08	256.86
0.09	247.97
0.1	253.03
0.11	251.46
0.12	249.15
0.13	249.81
0.14	248.46
0.15	246.22
0.16	250.42
0.17	248.05
0.18	246.38
0.19	250.07
0.2	246.53
0.21	245.8
0.22	249
0.23	248.85
0.24	251.63
0.25	247.88
0.26	249.78
0.27	248.67
0.28	245.64
0.29	250.38
0.3	249.83
0.31	249.73
0.32	251.33
0.33	254.61
0.34	261.32
0.35	258.24
0.36	263.98
0.37	256.23
0.38	259.43
0.39	262.03
0.4	257.94
0.43	275.67
0.44	274.38
0.45	276.55
0.46	281.61
0.47	279.37
0.48	279.14
0.49	283.03
0.5	281.5
0.51	281.52
0.52	281.96
0.53	279.13
0.54	279.25
0.59	282.65
0.6	279.24
0.61	265.9
0.62	263.17
0.63	257.46
0.64	255.34
0.65	256.81
0.66	250.44
0.67	243.23
0.68	246.53
0.69	253.2
0.7	248.61
0.71	245.79
0.72	243.04
0.73	244.57
0.74	237.06
0.75	230.54
0.76	229.53
0.77	229.41
0.78	227.34
0.79	223.7
0.8	218.98
0.81	218.94
0.82	220.2
0.83	217.36
0.84	218.46
0.85	216.58
0.86	216.92
0.87	216.35
0.88	215.52
0.89	215.07
0.9	213.87
0.91	217.71
0.92	218.72
0.93	217.2
0.94	219.29
0.95	213.53
0.96	216.26
0.97	217.75
0.98	213.74
0.99	213.25
1	216.54
1.01	219.66
1.02	219.74
1.03	218.48
1.04	219.49
1.05	218.93
1.06	237.02
1.07	230.49
1.08	234.39
1.09	232.26
1.1	233.59
1.11	233.67
1.12	233.89
1.13	234.92
1.14	233.41
1.15	233.95
1.16	234.38
1.17	235.64
1.18	234.76
1.19	234.78
1.2	233.64
1.21	233.71
1.22	234.17
1.23	236.17
1.24	237.36
1.25	239.47
1.26	238.15
1.27	239.67
1.28	244.61
1.29	241.35
1.39	258.58
1.4	255.52
1.41	261.65
1.42	261.26
1.43	263.36
1.44	263.77
1.45	266.86
1.46	270.44
1.47	271.3
1.48	273.71
1.49	272.5
1.5	269.52
1.51	272.12
1.52	272.34
1.53	277.36
1.54	277.48
1.55	276.28
1.56	280.96
1.57	281.08
1.58	276.62
1.59	274.42
1.6	268.52
1.61	258.18
1.62	244.24
1.63	232.16
1.64	224.7
1.65	220.35
1.66	213.55
1.67	215.61
1.68	214.83
1.69	213.15
1.7	234.61
1.71	223.16
1.72	234.3
1.73	217.37
1.74	221.06
1.89	219.36
1.9	219.31
1.91	220.11
1.92	220.59
1.93	223.61
1.94	220.68
1.95	221.87
1.96	221.83
1.97	225.59
1.98	224.21
1.99	221.96
2	220.72
2.01	220.73
2.02	221.81
2.03	221.46
2.04	220.63
2.05	223.69
2.06	222.43
2.07	223.75
2.08	223.12
2.09	223.16
2.1	222.62
2.11	221.15
2.12	222.7
2.13	221.28
2.14	220.31
2.35	358.71
2.36	359.02
2.37	358.53
2.38	360.92
2.39	360.72
2.4	357.55
2.41	362.81
2.42	363.23
2.43	365.95
2.44	358.67
2.51	361.81
2.52	369.91
2.53	364.76
2.54	368.68
2.74	300.62
2.75	278.16
2.76	280.69
2.77	277.96
2.78	273.65
2.79	273.19
2.8	273.74
2.81	271.72
2.82	271.34
2.83	268.04
2.84	267.07
2.85	269.04
2.86	269.97
2.87	266.05
2.88	264.62
2.89	263.98
2.9	255.88
2.91	252.21
2.92	248.19
2.93	244.92
2.94	244.35
2.95	241.84
2.96	237.96
2.97	237.54
2.98	232.85
2.99	231.19
3	227.7
3.01	230.19
3.02	228.55
3.03	226.1
3.04	228.67
3.05	229.73
3.06	227.35
3.07	227.38
3.08	228.33
3.09	229.77
3.1	229.05
3.11	230.67
3.12	229.73
3.13	231.62
3.14	229.48
3.15	229.94
3.16	231.08
3.17	232.44
3.18	233
3.19	232.06
3.2	231.95
3.21	229.9
3.22	231.13
3.23	230.42
3.24	231.42
3.25	231.26
3.26	232.8
3.27	233.11
3.28	234.73
3.29	237.3
3.3	240.99
3.31	239.95
3.32	241.85
3.33	243.38
3.34	243.51
3.35	243.34
3.36	237.14
3.56	342.67
3.57	296.03
3.58	293.59
3.59	286.75
3.6	288.69
3.61	276.57
3.62	270.59
3.63	261.83
3.64	263.04
3.65	261.37
3.66	261.62
3.67	262.99
3.68	277.67
3.69	264.23
3.7	256.41
3.71	262.86
3.72	271.65
3.73	259.69
3.74	258.24
3.75	254.4
3.76	250.5
3.77	249.35
3.78	248.52
3.79	248.37
3.8	248.23
3.81	246.51
3.82	245.73
3.83	245.1
3.84	244.45
3.85	244.88
3.86	246.2
3.87	245.51
3.88	248.58
3.89	247.72
3.9	247.76
3.91	247.14
3.92	247.26
3.93	246.74
3.94	247.47
3.95	247.4
3.96	249.94
3.97	247.53
3.98	250.31
3.99	251.45
4	252.93
4.01	252.56
4.02	233.42
4.03	232.61
4.04	230.81
4.05	230.38
4.06	229.67
4.07	231.46
4.08	216.04
4.09	230.93
4.1	227.92
4.11	230.08
4.12	227.19
4.21	273.14
4.22	274.71
4.23	274.29
4.24	270.85
4.25	268.44
4.26	269.67
4.27	267.07
4.28	266.21
4.29	263.79
4.3	261.79
4.31	261.41
4.32	258.81
4.33	253.69
4.34	247.75
4.35	249.08
4.36	244.14
4.37	244.99
4.38	244.54
4.39	239.36
4.4	243.78
4.41	232.46
4.42	229.22
4.43	230.95
4.44	227.79
4.49	245.9
4.5	234.78
4.51	235.94
4.52	232.46
4.53	228.92
4.54	225.46
4.55	220.79
4.56	220.13
4.57	215.92
4.58	215.71
4.59	213.5
4.6	209.19
4.61	211.65
4.62	212.91
4.63	210.71
4.64	211.31
4.65	212.51
4.66	212.96
4.67	211.62
4.68	211.77
4.69	214.37
4.7	212.61
4.71	211.64
4.72	217.88
4.73	198.13
4.8	237.22
4.81	234.77
4.82	235.87
4.83	242.66
4.84	244.16
4.85	246.33
4.86	247.3
4.87	249.63
4.88	247.72
4.89	243.63
4.9	241.84
4.91	239.14
4.92	236.88
4.93	235.12
4.94	231.69
4.95	235.24
4.96	229.41
4.97	231.9
4.98	238.05
4.99	239.49
5	243.14
5.01	241.99
5.02	244.77
5.03	243.8
5.04	239.85
5.05	239.34
5.06	237.18
5.07	233.29
5.08	234.46
5.09	231.29
5.1	232.96
5.11	231.78
5.12	228.33
5.13	232.38
5.14	232.88
5.15	229.76
5.16	230.5
5.17	232.94
5.18	229.33
5.19	232.77
5.2	231.66
5.21	232.17
5.22	232.34
5.23	233.44
5.24	234.41
5.25	234.17
5.26	231.83
5.27	230.98
5.28	229.6
5.29	229.45
5.3	227.68
5.31	227.07
5.32	226.25
5.33	220.51
5.34	220.67
5.35	226.68
5.36	225.71
5.37	218.59
5.38	216.2
5.39	230.9
5.4	228.13
5.41	229.11
5.42	225.96
5.43	222.78
5.44	223.31
5.45	220.64
5.46	218.23
5.47	218.19
5.48	216.36
5.49	214.89
5.5	211.39
5.51	210.6
5.52	210.32
5.53	211.3
5.54	210.3
5.55	210.25
5.56	210.18
5.57	210.84
5.58	210.87
5.59	210.37
5.6	210.96
5.61	212.16
5.62	216.07
5.63	216.33
5.64	210.51
5.65	210.9
5.66	211.14
5.67	211.09
5.68	209.27
5.69	206.93
5.86	230.74
5.87	218.08
5.88	222.93
5.89	221.8
5.9	221.97
5.91	212.15
5.92	225.98
5.93	217.09
5.94	224.72
5.95	209.57
5.96	218.72
5.97	218.95
5.98	215.94
5.99	223.07
6	229.06
6.07	226.81
6.08	225.25
6.09	219.48
6.1	219.68
6.11	218.59
6.12	218.48
6.13	221.26
6.14	221.7
6.15	223.64
6.16	225.52
6.17	226.78
6.18	231.54
6.19	236.97
6.2	236.3
6.21	231.65
6.22	233.34
6.23	235.33
6.24	238.65
6.25	237.46
6.26	238.4
6.27	234.69
6.28	235.55
6.29	235.16
6.3	235.04
6.31	230.64
6.32	228.77
6.33	224.47
6.34	224.61
6.35	225.29
6.36	222.8
6.37	215.36
6.38	219.19
6.39	220.61
6.4	216.93
6.41	221.07
6.42	220.86
6.43	220.46
6.44	218.54
6.45	223.06
6.46	222.59
6.47	223.6
6.48	228.33
6.49	233
6.5	232.65
6.51	233.3
6.52	233.74
6.53	231.66
6.54	232.03
6.55	231.7
6.56	230.65
6.57	230.32
6.58	229.01
6.59	228.37
6.6	224.95
6.61	224.37
6.62	222.45
6.63	222.85
6.64	221.34
6.65	220.68
6.66	220.58
6.67	219.87
6.68	219.86
6.69	219.56
6.7	221.7
6.71	221.47
6.72	223.74
6.73	221.45
6.74	237.61
6.75	226.84
6.76	216.32
6.77	220.09
7.5	257.13
7.51	245.9
7.52	259.41
7.65	244.57
7.66	246.63
7.67	248.48
7.68	245.91
7.69	244.85
7.7	242.11
7.71	239.24
7.72	239
7.73	240.5
7.74	239.72
7.75	240.25
7.76	238.2
7.77	237.11
7.78	234.53
7.79	231.03
7.8	234.26
7.92	215.92
7.93	215.67
8.01	274.95
8.02	269.05
8.03	257.09
8.04	253.58
8.05	251.45
8.06	249.12
8.07	245.17
8.08	242.54
8.09	241.71
8.1	234.69
8.11	235.12
8.12	233.66
8.13	236.09
8.14	232.65
8.15	234.03
8.16	232.46
8.17	234.1
8.18	233.16
8.19	233.11
8.2	233.68
8.21	231.51
8.22	231.45
8.23	231.37
8.24	232.13
8.25	231.58
8.26	231.36
8.27	231.61
8.28	230.09
8.29	228.7
8.3	226.52
8.31	218.1
8.32	217.05
8.33	217.66
8.34	214.46
8.35	231.92
8.37	231.59
8.38	219
8.39	216.15
8.4	254.35
8.41	245.1
8.42	246.9
8.43	252.09
8.44	248.53
8.45	246.95
8.46	243.51
8.47	242.2
8.48	239.48
8.49	239.71
8.5	240.79
8.51	239.42
8.52	236.87
8.53	237.46
8.54	233.78
8.55	232.69
8.56	232.75
8.57	230.8
8.58	225.43
8.59	221.82
8.6	223.45
8.61	220.73
8.62	216.79
8.63	217.69
8.64	224.11
8.65	224.04
8.66	222.48
8.67	224.36
8.68	224.92
8.69	225.08
8.7	228.91
8.71	230.6
8.72	230.6
8.73	232.38
8.74	230.77
8.75	231.43
8.76	231.24
8.77	230.87
8.78	230.54
8.79	231.54
8.8	232.43
8.81	231.55
8.82	230.32
8.83	228.67
8.84	227.36
8.85	226.41
8.86	222.78
8.87	222.73
8.88	221.83
8.89	221.03
8.9	220.05
8.91	221.28
8.92	220.58
8.93	219.87
8.94	221.04
8.95	219.66
8.96	219.42
8.97	220.11
8.98	220.55
8.99	221.15
9	221.85
9.01	223.47
9.02	222.94
9.03	224.16
9.04	226.44
9.05	237.61
9.06	209.91
9.07	228.36
9.08	229.05
9.61	238.95
9.62	237.92
9.63	230.74
9.64	226.45
9.65	223.66
9.66	244.52
9.67	238.01
9.68	227.65
9.69	221.35
9.7	216.52
9.71	220.73
9.72	218.82
9.73	216.66
9.74	218.57
9.75	218.29
9.76	217.27
9.77	221.8
9.78	217.07
9.79	215.72
9.8	214.98
9.81	216.52
9.82	219.47
9.83	220.01
9.84	219.94
9.85	220.5
9.86	221.96
9.87	220.25
9.88	221.07
9.89	209.87
9.9	215.57
9.91	208.32
9.92	209.38
9.97	242.77
9.98	246.56
9.99	231.75
10	223.75
10.01	229.08
10.02	223.04
10.03	221.12
10.04	219.68
10.05	216.81
10.06	215.39
10.07	216.22
10.08	216.44
10.09	215.48
10.1	216.69
10.11	214.59
10.12	217.4
10.13	217.87
10.14	218.75
10.15	221.04
10.16	223.09
10.17	224.39
10.18	225.04
10.19	230
10.2	234.23
10.21	234.6
10.22	234.94
10.23	235.74
10.24	238.58
10.25	239.28
10.26	244.86
10.27	245.52
10.28	247.01
10.29	248.03
10.3	244.93
10.31	242.85
10.32	243.96
10.33	242.95
10.34	244.48
10.35	240.95
10.36	242.1
10.37	242.62
10.38	232.3
10.39	237.12
10.4	233.77
10.41	231.62
10.42	228.6
10.43	227.23
10.44	224.44
10.45	222.14
10.46	223.2
10.47	225.03
10.48	221.3
10.49	219.72
10.5	221.6
10.51	221.95
10.52	222.5
10.53	223.74
10.54	224.51
10.55	224.84
10.56	218.81
10.57	220.55
10.58	222.59
10.59	222.91
10.77	222.54
10.78	229.27
10.79	227.48
10.8	219.68
10.81	239.84
10.82	226.83
10.83	223.53
10.84	218.22
10.85	235.83
10.86	228.15
10.87	241.09
11.11	242.47
11.12	243.74
11.13	247.51
