time	f0
0.3	134.3
0.31	133.53
0.32	131.05
0.33	129.11
0.34	125.65
0.35	127.23
0.36	126.04
0.37	123.78
0.38	123.23
0.39	123.52
0.4	123.55
0.41	121.11
0.42	119.22
0.43	118.34
0.64	142.36
0.65	134.01
0.66	131.87
0.77	135.05
0.78	129.08
0.79	127.16
0.8	124.68
0.81	124.15
0.82	123.37
0.83	122.19
0.84	122.55
0.85	120.92
1.28	135.29
1.29	139.55
1.3	143.57
1.31	141.83
1.32	141.55
1.33	141.03
1.34	139.25
1.35	139.47
1.36	141.45
1.37	142.03
1.38	140.06
1.39	137.67
1.4	137.17
1.41	135.23
1.42	131.81
1.43	129.77
1.44	127.43
1.45	124.83
1.46	124.83
1.47	123.28
1.48	122.97
1.49	123.59
1.5	124.04
1.51	123.51
1.52	123.83
1.53	124.26
1.54	124.27
1.55	124.3
1.56	125.29
1.57	123.9
1.58	124.06
1.59	126.98
1.6	126.99
1.61	132.35
1.62	135.62
1.63	138.75
1.64	140.28
1.65	142.29
1.66	142.68
1.67	142.59
1.68	142.52
1.69	142.65
1.7	142.1
1.71	140.98
1.72	141.38
1.73	142.57
1.74	139.7
1.75	138.37
1.76	141.24
1.95	143.78
1.96	143.49
1.97	143.38
1.98	142.19
1.99	138.62
2	142.94
2.01	143.31
2.02	143.29
2.03	142.01
2.04	135.79
2.05	135.39
2.06	130.99
2.07	128.8
2.08	127.21
2.09	123.16
2.19	131.55
2.2	128.1
2.21	123.02
2.22	120.94
2.31	123.79
2.32	123.41
2.33	122.96
2.34	122.33
2.35	122.09
2.36	121.82
2.37	121.98
2.38	121.98
2.39	122.09
2.4	121.79
2.41	122.23
2.42	121.92
2.6	125.11
2.61	124.96
2.62	123.57
2.63	121.88
2.64	120.83
2.65	119.3
2.66	118.82
2.67	118.07
2.68	118.07
2.69	118.13
2.7	118.85
2.71	118.83
2.72	118.34
2.77	118.56
2.78	118.5
2.79	118.1
2.8	117.46
2.81	116.77
2.82	117.42
2.83	117.17
2.84	116.82
2.85	116.1
2.86	115.96
2.87	115.92
2.88	115.73
2.89	115.39
2.9	115.14
3.13	158.55
3.14	160.55
3.15	163.65
3.16	161.91
3.17	159.06
3.18	155.44
3.19	154.81
3.2	154.18
3.21	153.18
3.22	168.68
3.27	150.83
3.28	150.23
3.35	181.66
3.36	179.63
3.37	170.77
3.38	121.41
3.39	120.23
3.4	119.7
3.41	119.94
3.42	117.43
3.43	116.02
3.44	117.06
3.51	136.24
3.52	136.41
3.53	141.61
3.54	146.92
3.55	149.16
3.56	148.29
3.57	150.2
3.58	159.96
3.59	158.4
3.6	156.18
3.61	162.3
3.62	172.25
3.63	170.91
3.64	171.96
3.65	170.7
3.98	119.51
3.99	118.99
4	119.02
4.01	116.04
4.02	112.53
4.03	109.87
4.04	106.74
4.18	118.8
4.19	119.25
4.2	118.26
4.21	117.7
4.22	117.14
4.23	115.82
4.36	126.19
4.37	124.65
4.38	124.21
4.39	122.05
4.4	122.18
4.41	120.27
4.42	120
4.43	118.32
4.44	117.98
4.45	118.68
4.46	119.45
4.47	119.4
4.48	118.44
4.49	118.23
4.5	117.38
4.62	124.25
4.63	123.45
4.64	122.75
4.65	121.17
4.66	119.66
4.67	118.92
4.68	119.13
4.69	118.57
4.7	117.5
4.71	115.68
4.72	113.76
4.73	111.35
4.74	111
4.75	110.92
4.76	110.02
4.77	109.7
4.78	109.23
4.79	108.46
4.8	108.28
4.81	106.43
4.82	102.89
4.83	102.96
5.03	106.43
5.04	105.62
5.05	103.63
5.06	101.96
5.07	102.85
5.08	102.92
5.09	101.94
5.1	100.89
5.11	101.09
5.8	111.65
5.81	110.87
5.82	110.62
5.83	108.42
5.89	113.63
5.9	114.38
5.91	114.7
5.92	113.02
5.93	110.51
5.94	108.87
5.97	115.28
5.98	111.11
5.99	110.12
6	106.61
6.01	106.43
6.16	153.74
6.17	152.71
6.18	155.67
6.19	156.1
6.2	156.56
6.21	156.4
6.22	153.49
6.23	153.52
6.24	155.21
6.25	154.99
6.26	155.67
6.27	155.93
6.28	156.05
6.29	156.45
6.3	156.9
6.31	157.77
6.32	158.85
6.35	128.46
6.36	122.13
6.37	118.11
6.38	114.63
6.39	110.85
6.4	112.79
6.41	111.53
6.42	116.04
6.43	111.23
6.44	115.26
6.68	117.87
6.69	115.3
6.7	115.13
6.71	110.07
6.72	112.73
6.73	111.91
6.74	112.85
6.79	131.69
6.8	125.54
6.81	125.29
6.82	124.74
6.91	133.12
6.92	132.64
6.93	124.05
6.94	122.43
6.95	120.69
6.96	119.07
6.99	122.96
7	121.95
7.01	120.34
7.02	119.21
7.03	120.3
7.06	117.11
7.07	119.36
7.27	140.31
7.28	141.73
7.29	142.94
7.3	144.82
7.31	146.72
7.32	149.02
7.33	146.72
7.34	143.68
7.35	142.24
7.36	145.05
7.61	123.23
7.62	116.98
7.7	133
7.71	129.18
7.72	127.91
7.73	128.79
7.74	129.48
7.75	129.49
7.76	128.4
7.84	116.71
7.85	113.53
7.86	112.09
7.87	111.23
7.88	110.81
7.89	109.55
7.9	110.23
7.91	111.03
7.92	111.72
7.93	111.94
7.94	105.87
7.95	106.29
7.96	107.64
7.97	109.72
7.98	111.88
7.99	117.35
8	124.94
8.01	116.33
8.02	118.19
8.03	120.61
8.04	120.85
8.05	122.57
8.06	122.91
8.07	123.46
8.08	140.52
8.09	123.71
8.1	121.45
8.28	177.64
8.29	178.7
8.3	177.42
8.31	175.64
8.32	173.76
8.33	171.04
8.34	167.1
8.35	166.45
8.36	167.82
8.37	162.88
8.38	147.71
8.39	136.17
8.4	136.91
8.41	138.26
8.55	123.03
8.56	123.66
8.57	127.82
8.58	129.4
8.59	130.86
8.6	130.32
8.61	130.39
8.62	129.47
8.63	128.9
8.64	131.37
8.65	130.92
8.95	112.29
8.96	112.07
9.16	117.97
9.17	113.5
9.18	111.7
9.19	110.51
9.2	110.25
9.21	110.91
9.22	112.05
9.48	166.32
9.49	168.75
9.5	165.68
9.51	168.74
9.52	174.67
9.53	180.67
9.54	185.2
9.55	189.75
9.56	187.32
9.57	192.86
9.58	191.92
9.59	184.54
9.6	179.14
9.88	120.23
9.89	122.31
9.9	115.52
9.91	119.28
9.92	113.82
9.93	112.68
9.94	112.29
9.95	111.23
9.96	109.74
9.97	109.67
9.98	114.33
9.99	114.74
10	114.31
10.88	113.38
10.89	114.92
10.9	114.85
10.91	113.66
10.92	114.3
10.93	114.77
10.94	114.65
10.95	114.59
10.96	115.51
10.97	116.6
10.98	117.62
10.99	117.58
11	117.68
11.01	118.05
11.02	117.73
11.03	118.14
11.04	119.56
11.05	126.51
11.06	131.29
11.07	134.07
11.08	138.44
11.09	140.14
11.1	144.03
11.11	146.55
11.12	150.18
11.13	156.12
11.14	163.81
11.15	174.88
11.16	174.51
11.17	177.16
11.18	177.63
11.19	174.51
11.2	172.05
11.21	168.82
11.22	163.34
11.23	159.89
11.24	151.68
11.25	152.62
11.45	117.71
11.46	114.54
11.47	114.36
11.6	113.23
11.61	112.8
11.62	112.58
11.67	112.94
11.7	145.72
11.71	142.81
11.72	145.82
11.73	147.86
11.74	150.82
11.75	152.61
11.76	152.71
11.77	155.68
11.78	154.2
11.79	153.21
11.8	153.51
11.81	151.56
11.82	148.38
11.83	145.76
11.84	147.74
11.85	150.89
11.86	154.5
11.87	155.37
11.88	163.36
11.89	168.39
11.9	128.77
11.91	130.45
11.92	130.71
11.93	128
11.94	125.94
11.95	125.26
11.96	124.9
11.97	123.91
11.98	123.06
11.99	124.89
12.32	109.04
12.33	109.2
12.38	119.91
12.39	124.64
12.4	126.65
12.41	129.1
12.42	132.71
12.43	135.54
12.44	135.61
12.45	135.86
12.46	133.09
12.47	134.76
12.48	136.71
12.49	136.57
12.5	136.56
12.51	134.65
12.58	119.38
12.59	116.53
12.6	116.04
12.61	116.43
12.62	117.95
12.63	117.45
12.64	116.83
12.65	116.46
12.66	115.91
12.67	116.28
12.68	115.77
12.69	115.45
12.7	116.33
12.71	118
12.72	116.71
12.91	128.7
12.92	129.12
12.93	129.79
12.94	128.2
13.13	113.48
13.14	117.02
13.15	118.01
13.3	114.04
13.31	113.92
13.32	113.93
13.98	132.53
13.99	116.5
14	121.36
14.01	122.57
14.02	130.7
14.03	136.01
14.04	138.76
14.05	140.75
14.06	140.93
14.07	142.2
14.08	146.59
14.09	146.84
14.1	144.86
14.11	147.34
14.12	152.47
14.13	151.71
14.14	151.5
14.15	149.76
14.16	143.56
14.17	139.69
14.18	138.38
14.19	136.38
14.23	119.6
14.24	119.13
14.25	122.34
14.26	116.08
14.27	114.12
14.28	113.32
14.29	109.34
14.3	108.13
14.33	113.72
14.34	114.26
14.35	113.3
14.5	161.68
14.51	156.58
14.52	155.96
14.53	154.28
14.54	153.08
14.55	155.7
14.56	156.79
14.57	153.41
14.58	149.55
14.59	151.56
14.6	152.93
14.61	156.12
14.62	155.33
14.63	152.92
14.64	153.66
14.65	157.55
14.66	154.65
14.89	109.23
14.9	111.73
14.91	110.46
14.92	114.51
14.93	110.34
14.94	109.13
14.95	110.05
14.96	110.14
14.97	111.04
14.98	113.64
14.99	115.3
15	118.87
15.01	120.03
15.02	118.75
15.03	125.97
15.04	122.63
15.05	123.31
15.06	122.91
15.07	122.81
15.08	122.11
15.09	121.25
15.1	119.73
15.11	117.55
15.12	116.63
15.13	116.67
15.14	118.72
15.17	108.23
15.18	107.83
15.19	109.42
15.2	111.69
15.21	116.04
15.22	114.39
