time	f0
0.415	267.08
0.425	234.02
0.435	230.72
0.445	235.59
0.455	233.58
0.465	238.85
0.475	237.06
0.485	238.62
0.495	238.99
0.505	239.52
0.515	237.37
0.525	235.08
0.535	230.66
0.545	225.42
0.555	222.56
0.565	217.34
0.575	213.91
0.585	211.23
0.595	210.53
0.605	209.34
0.615	208.48
0.625	209.86
0.635	214.42
0.645	212.34
0.655	210.21
0.665	211.41
0.675	208.35
0.685	214.45
0.695	219.37
0.705	225.21
0.715	224.19
0.725	221.99
0.735	223.67
0.745	229.73
0.755	238.57
0.765	233.83
0.775	223.55
0.785	227.7
0.795	222.28
0.805	228.4
0.815	223.62
0.825	230.21
0.835	224.55
0.845	286.76
0.855	293.32
0.865	296.95
0.875	297.72
0.885	297.78
0.895	296.9
0.905	303.83
0.915	305.11
0.925	305.17
0.935	304
0.945	300.78
0.955	296.46
0.965	290.13
0.975	278.34
0.985	270.03
0.995	264.29
1.005	261.01
1.015	259.21
1.025	266.49
1.035	264.42
1.045	267.18
1.055	263.2
1.065	275.55
1.075	277.86
1.085	276.51
1.095	275.1
1.105	273.49
1.115	290.69
1.125	254.27
1.135	250.1
1.145	247.44
1.155	243.91
1.165	238.51
1.175	237.01
1.185	233
1.195	233.06
1.205	239.36
1.215	244.35
1.225	248.95
1.235	255.89
1.245	255.93
1.255	250.88
1.265	247.7
1.275	246.39
1.285	245.52
1.295	254.79
1.305	255.53
1.315	272.9
1.325	276.85
1.335	275.48
1.345	274.44
1.355	276.44
1.365	279.37
1.375	286.27
1.385	293.13
1.395	300.89
1.405	284.2
1.415	288.36
1.425	278.76
1.435	277.04
1.445	277.51
1.455	275.03
1.465	277.77
1.475	276.85
1.485	274.28
1.495	275.89
1.505	288.34
1.515	284.15
1.525	282.75
1.535	279.48
1.545	283.37
1.555	271.85
1.565	261.36
1.575	256.46
1.585	249.3
1.595	253.08
1.605	243.39
1.615	244.32
1.625	242.93
1.635	248.76
1.645	245.07
1.655	238.61
1.665	240.13
1.675	249.1
1.685	249.18
1.695	247.45
1.705	245.43
1.715	242.71
1.725	241.67
1.735	241.71
1.745	242.01
1.755	235.44
1.765	195.87
1.775	241.59
1.785	242.73
1.795	249.71
1.805	257.25
1.815	244.21
1.825	248.06
1.835	238.92
1.845	257.57
1.945	190.89
1.955	191
1.965	176.59
1.975	176.68
1.985	181.76
1.995	179.41
2.005	180.86
2.015	180.38
2.025	183.12
2.035	184.05
2.045	185.71
2.055	187.1
2.065	189.79
2.075	192.24
2.085	200.2
2.095	204.57
2.105	188.88
2.115	190.05
2.235	322.84
2.245	317.39
2.255	312.73
2.265	305.32
2.275	299.22
2.285	294.44
2.295	284.72
2.305	275.42
2.315	263.74
2.325	253.02
2.335	239.65
2.345	225.02
2.375	273.44
2.385	291.21
2.395	276.71
2.645	188.47
2.655	199.99
2.665	196.73
2.675	191.2
2.685	189.09
2.695	193.73
2.705	190.46
2.715	190.16
2.725	188.78
2.735	188.13
2.745	185.11
2.755	183.05
2.765	181.44
2.775	180.24
2.785	178.02
2.795	179.12
2.805	178.02
2.815	179.78
2.825	180
2.835	179.64
2.845	181.46
2.855	179.82
2.865	180.18
2.875	179.08
2.885	181.61
2.895	181.48
2.905	178.91
2.915	186.13
2.925	183.79
3.335	203.86
3.345	198.1
3.355	194.74
3.365	193.39
3.375	190.85
3.385	189.4
3.395	188.08
3.405	186.32
3.415	184.86
3.425	185.44
3.435	185.29
3.445	185.26
3.455	187.18
3.465	186.06
3.475	186.5
3.485	185.63
3.495	185.78
3.505	186.51
3.515	184.07
3.525	183.08
3.535	184.54
3.545	185.26
3.555	184.9
3.565	184.05
3.575	186.6
3.585	185.29
3.595	186.52
3.605	185.45
3.615	187.16
3.625	185.12
3.635	188.17
3.645	188.05
3.655	190.62
3.665	191.04
3.675	190.66
3.685	195.01
3.695	193.12
3.705	192.84
3.715	191.3
3.725	190.63
3.735	188.49
3.745	188.05
3.755	188.05
3.765	187.6
3.775	189.22
3.785	190.28
3.795	190.52
3.805	191.15
3.815	192.62
3.825	195.09
3.835	195.26
3.845	196.34
3.855	198.31
3.865	200.96
3.875	202.08
3.885	203.11
3.895	205.89
3.905	207.48
3.915	209.46
3.925	211.09
3.935	211.75
3.945	212.68
3.955	213.69
3.965	214.01
3.975	212.92
3.985	215.3
3.995	216.26
4.005	217.18
4.015	218.03
4.025	219.44
4.035	220.36
4.045	218.4
4.055	218.16
4.065	217.14
4.075	215.26
4.085	213.87
4.095	212.83
4.105	208.27
4.115	197.91
4.125	195.51
4.135	195.86
4.145	229.77
4.155	214.96
4.165	212.19
4.175	216.58
4.185	197.69
4.195	214.1
4.205	210.74
4.215	216.47
4.225	212.47
4.235	206.04
4.275	248.56
4.285	165.89
4.295	187.48
4.305	194.43
4.315	194.83
4.325	197.37
4.335	191.91
4.345	194.51
4.355	193.63
4.365	193.72
4.375	191
4.385	195.05
4.395	195.78
4.405	191.31
4.415	192.29
4.425	191.47
4.435	194.31
4.445	187.91
4.455	189.74
4.465	186.12
4.475	197
4.485	189.67
4.495	190.58
4.505	191.06
4.515	187.74
4.525	187.49
4.535	189.19
4.545	190.39
4.555	189.22
4.565	191.33
4.575	189.38
4.585	189.89
4.595	193.91
4.605	192.8
4.615	190.48
4.625	193.88
4.635	193.96
4.645	193.9
4.655	194.19
4.665	193.95
4.675	194.73
4.685	195.19
4.695	197.91
4.705	197.86
4.715	200.73
4.725	200.83
4.735	206.17
4.745	207.67
4.755	207.66
4.765	202.13
4.775	200.99
4.785	200.39
4.795	198.58
4.805	194.29
4.815	197.42
4.825	196.63
4.835	197.39
4.915	310.62
4.925	307.07
4.935	300.91
4.945	298.69
4.955	295.2
4.965	291.2
4.975	288.64
4.985	287.79
4.995	279.13
5.005	276.53
5.015	274.83
5.025	267.09
5.035	255.38
5.045	247.46
5.055	254.72
5.065	248.56
5.075	245.97
5.085	246.69
5.095	256.11
5.105	258.74
5.115	250.98
5.125	228.78
5.135	234.8
5.145	232.32
5.155	228.29
5.165	224.09
5.175	222.04
5.185	216.43
5.195	213.12
5.205	211.37
5.215	212.67
5.225	211.73
5.235	211.44
5.245	206.76
5.255	206.54
5.265	206.4
5.275	209.18
5.285	207.97
5.295	210.79
5.305	212.42
5.315	209.44
5.325	204.49
5.335	215.1
5.345	207.35
5.355	192.37
5.365	217.14
5.375	207.51
5.385	158.05
5.395	158.45
5.405	157
5.415	209.06
5.425	219.12
5.435	187.49
5.445	199.15
5.455	208.6
5.465	212.63
5.475	206.7
5.485	205.53
5.495	206.2
5.505	205.06
5.515	205.07
5.525	205.75
5.535	206.68
5.545	206.62
5.555	207.11
5.565	208.01
5.575	206.68
5.585	202.47
5.595	202.22
5.605	204.55
5.615	203.79
5.625	197.47
5.635	196.81
5.645	197.86
5.655	199.76
5.665	199.18
5.675	187.6
5.685	199.33
5.695	200.59
5.705	200.99
5.715	204.99
5.725	204.68
5.735	274.18
5.745	249.47
5.755	252.82
5.765	244.9
5.775	247.7
5.785	250.42
5.795	259.68
5.805	258.44
5.815	266.37
5.825	273.33
5.835	269.61
5.845	270.16
5.855	267.41
5.865	267.43
5.875	272.9
5.885	277.5
5.895	281.35
5.905	281.88
5.915	280.33
5.925	276.73
5.935	274.55
5.945	274.31
5.955	274.87
5.965	274.99
5.975	274.42
5.985	277.31
5.995	277.13
6.005	276.39
6.015	281.73
6.025	282.37
6.035	276.2
6.045	270.02
6.055	277.91
6.065	279.75
6.075	274.12
6.085	257.5
6.095	270.57
6.105	279.92
6.115	285.1
6.125	273.82
6.135	272.51
6.145	256.72
6.155	201.21
6.165	201.7
6.175	200.71
6.185	195.76
6.195	189.12
6.205	190.39
6.215	166.25
6.225	156.4
6.245	317.87
6.255	319.82
6.275	156.68
6.285	154.72
6.295	171.79
6.305	185.81
6.315	182.2
6.425	193.44
6.435	191.3
6.445	182.51
6.455	194.11
6.465	194.73
6.475	201.98
6.485	201.28
6.495	205.73
6.505	206.54
6.515	214.95
6.525	212.89
6.535	213.64
6.545	214
6.555	214.84
6.565	216.04
6.575	216.72
6.585	216.86
6.595	215.63
6.605	215.25
6.615	213.25
6.625	209.72
6.635	209.18
6.645	212.08
6.655	213.53
6.665	212.43
6.675	212.05
6.685	227.65
6.695	180.09
6.705	178.17
6.715	174.65
6.725	177.4
6.735	175.21
6.745	164.35
6.755	215.23
6.765	203.34
6.855	194.09
6.865	199.32
6.875	204.28
6.885	198.26
6.895	200.01
6.905	197.91
6.915	197.54
6.925	196.44
6.935	196.95
6.945	195.39
6.955	196.85
6.965	195.45
6.975	195.49
6.985	193.65
6.995	194.33
7.005	194.14
7.015	196.02
7.025	196.52
7.035	196.85
7.045	197.34
7.055	198.18
7.065	195.2
7.075	196.99
7.085	193.96
7.095	195.62
7.105	196.43
7.115	197.73
7.125	197.92
7.135	194.01
7.145	194
7.475	198.33
7.485	192.27
7.495	190.37
7.505	186.93
7.515	184.66
7.525	182.92
7.535	181.67
7.545	179.52
7.555	178.97
7.565	179.2
7.575	179.12
7.585	177.63
7.595	177.79
7.605	176.68
7.615	174.8
7.625	176.58
7.635	174.39
7.645	175.78
7.655	174.81
7.665	174.37
7.675	174.73
7.685	173.86
7.695	173.9
7.705	171.99
7.715	170.04
7.725	174.17
7.735	174.43
7.745	171.5
7.755	171.15
7.765	173.95
7.775	170.79
7.785	173.85
7.795	176.55
7.805	181.24
7.815	176.91
7.825	177.45
8.055	199.38
8.065	196.37
8.075	182.04
8.085	177.93
8.095	177.07
8.105	172.42
8.115	165.29
8.125	163.73
8.135	165.05
8.145	169.02
8.155	172.07
8.165	175.66
8.175	176.75
8.185	179.74
8.195	178.8
8.205	179.44
8.215	179.18
8.225	192.66
8.235	200.21
8.245	203.78
8.255	218.41
8.265	220.09
8.275	226.44
8.285	229.58
8.295	227.1
8.305	231.66
8.315	244.56
8.335	212.28
8.345	196.33
8.355	176.22
8.365	186.4
8.395	209.68
8.495	251.86
8.505	236.81
8.515	232.36
8.525	224.3
8.535	219.31
8.545	215.31
8.555	212.11
8.565	210.07
8.575	208.23
8.585	206.11
8.595	205.55
8.605	202.8
8.615	199.28
8.625	197.24
8.635	196.81
8.645	196.98
8.655	198.72
8.665	199.1
8.675	199.03
8.685	202.37
8.695	202.09
8.705	199.53
8.715	194.55
8.725	199.01
8.735	199.83
8.745	198.78
8.755	204.92
8.765	201.27
8.775	199.27
8.785	197.89
8.795	199.26
8.805	198.71
8.815	199.18
8.825	247.82
8.835	234.38
8.845	240.49
8.855	239.5
8.865	237.73
8.875	236.49
8.885	239.63
8.895	242.14
8.905	238.75
8.975	212.36
8.985	220.03
8.995	214.66
9.005	204.15
9.015	200.85
9.025	200.82
9.035	193.8
9.045	198.69
9.055	199.9
9.065	204.66
9.075	203.83
9.085	200.89
9.095	200.77
9.105	201.65
9.115	201.87
9.125	202.32
9.135	203.69
9.145	204.27
9.155	206.3
9.165	206.8
9.175	205.8
9.185	206.44
9.195	206.04
9.205	204.83
9.215	204.99
9.225	203.77
9.235	204.4
9.245	203.45
9.265	205.62
9.275	204.65
9.285	206.62
9.295	204.95
9.305	205.24
9.315	206.61
9.325	204.65
9.335	202.68
9.345	196.97
9.355	198.98
9.365	203.25
9.375	201.24
9.385	198.25
9.395	184.78
9.405	182.85
9.415	175
9.425	169.2
9.435	171.07
9.445	172.44
9.455	175.62
9.465	176.57
9.475	178.54
9.485	179.99
9.495	182.01
9.505	185.5
9.515	189.39
9.525	200.7
9.535	210.98
9.545	238.71
9.555	186.4
9.565	184.98
9.575	184.02
9.585	196.07
9.595	219.91
9.615	181.38
9.625	182.21
9.635	188.14
9.645	224.65
9.655	215.77
9.665	207.81
9.675	205.87
9.685	204.47
9.695	202.46
9.705	206.14
9.715	203.45
9.725	202.27
9.735	206.96
9.745	212.23
9.755	213.08
9.765	214.24
9.775	214.37
9.785	215.35
9.795	220.14
9.805	226.14
9.815	221.98
9.825	238.33
9.835	239.64
9.845	222.32
9.855	258.7
9.865	248.51
9.875	274.97
9.885	282.12
9.895	283.72
9.905	292.97
9.915	296.94
9.925	295.86
9.935	293.18
9.945	289.38
9.955	276.41
9.965	277.71
9.975	276.06
9.985	271.25
9.995	263.22
10.005	246.09
10.015	251.23
10.025	255.46
10.035	245.3
10.045	236.85
10.055	256.45
10.065	252.6
10.075	261.63
10.085	264.14
10.095	237.36
10.105	254.36
10.115	240.92
10.125	225.38
10.135	222.36
10.145	216.04
10.155	203.94
10.165	196.7
10.175	195.6
10.215	196.64
10.225	205.97
10.235	194.64
10.245	207.12
10.255	202.99
10.265	207.97
10.275	220.29
10.285	227.59
10.295	228.66
10.305	228.37
10.315	223.32
10.325	217.96
10.335	219.91
10.345	229.64
10.355	236.85
10.365	240.36
10.375	236.3
10.465	271.93
10.475	288.35
10.485	303.5
10.495	329.36
10.505	319.87
10.515	327.09
10.525	329.18
10.535	342.26
10.545	338.69
10.555	330.57
10.565	303.08
10.575	323.73
10.585	320.92
10.595	338.56
10.605	338.01
10.615	304.47
10.625	287.49
10.635	265.92
10.645	251.86
10.655	238.61
10.665	225.07
10.675	218.06
10.685	209.31
10.695	201.79
10.705	209.6
10.715	213.56
10.725	217.46
10.735	213.97
10.745	217.12
10.755	218.74
10.765	223.29
10.775	229.93
10.785	230.65
10.795	223.63
10.805	225.38
10.815	227.29
10.825	240.47
10.835	247.58
10.845	247.85
10.855	245.17
10.865	240.43
10.875	235.33
10.885	231.8
10.895	226.17
10.905	225.61
10.915	228.31
10.925	225.09
10.935	225.54
10.945	229.17
10.955	223.84
10.965	227.44
10.975	228.06
10.985	227.17
10.995	237.7
11.005	237.67
11.015	238.98
11.025	239.99
11.035	248.53
11.045	236.73
11.055	234.92
11.065	239.86
11.075	241.55
11.135	219.53
11.145	229.24
11.155	232.1
11.375	233.94
11.385	217.36
11.395	213.3
11.405	210.28
11.415	208.15
11.425	209.25
11.435	208.95
11.445	210.19
11.455	210.04
11.465	207.55
11.475	206.22
11.485	205.52
11.495	206.58
11.505	206.75
11.515	208.36
11.525	214.37
11.535	215.81
11.545	215.67
11.555	210.39
11.565	206.57
11.575	207.6
11.585	211.31
11.595	212.43
11.605	220.79
11.625	269.76
11.635	286.5
11.645	281.53
11.655	275.95
11.665	270.95
11.675	266.18
11.685	261.96
11.695	259.59
11.705	255.65
11.715	255.24
11.725	263.76
11.735	245.5
11.745	259.35
11.755	256.23
11.765	262.66
11.775	264.5
11.785	260.19
11.795	251.57
11.805	251.35
11.815	236.48
11.825	236.36
11.835	234.8
11.845	229.31
11.855	224.4
11.865	226.49
11.875	229.42
11.885	239.06
11.895	246.89
11.905	239.6
11.915	245.49
11.925	255.4
11.935	212.23
11.945	213.79
12.105	233.09
12.115	235.37
12.125	233.8
12.135	223.3
12.145	213.11
12.155	402.47
12.165	376.72
12.175	357.56
12.185	348.24
12.195	336.21
12.205	327.97
12.215	314.5
12.275	221.28
12.285	231.71
12.405	224.02
12.415	224.42
12.425	220.99
12.435	220.48
12.445	210.63
12.455	199.23
12.465	209
12.475	217.86
12.485	194.18
12.495	201.66
12.505	209.88
12.515	204.22
12.745	211.83
12.755	197.32
12.765	199.26
12.775	199.39
12.785	200.1
12.795	200.25
12.805	202.9
12.815	198.21
12.825	200.15
12.835	199.4
12.865	201.95
12.875	201
12.885	206.77
12.895	205.75
12.905	203.15
12.915	201.16
12.925	198.77
12.935	197.63
12.945	195.14
12.955	196.17
12.995	198.64
13.005	200.7
13.015	201.66
13.025	198.36
13.035	199.67
13.045	199.74
13.115	203.2
13.125	201.9
13.265	204.03
13.275	191.94
13.285	189.68
13.295	187.34
13.305	188.12
13.315	191.17
13.325	187.81
13.335	193.07
13.345	187.52
13.375	189.5
13.385	185.52
13.395	189.2
13.405	184.99
13.415	178.84
13.425	191.88
13.435	195.81
13.445	195.87
13.455	194.22
13.465	191.92
13.475	191.25
13.615	258.98
13.625	268.88
13.635	265.06
13.645	265.64
13.655	260.22
13.665	263.57
13.675	258.97
13.815	327.07
13.825	323.69
13.835	316.96
13.845	317.43
13.855	310.02
13.865	311.84
13.875	316.6
13.885	292.45
13.895	282.59
13.905	264.58
13.915	282.97
13.925	267.97
13.935	245.79
13.945	247.15
13.955	241.4
13.965	220.31
13.975	210.71
13.985	199.63
13.995	212.72
14.005	168.94
14.015	189.18
14.025	182.76
14.035	196.08
14.045	185.46
14.055	179.94
14.065	183.17
14.075	177.78
14.085	176.03
14.095	186.93
14.105	180.03
14.405	244.07
14.415	244.93
14.425	245.96
14.435	247.12
14.445	248.63
14.455	251.46
14.465	249.88
14.475	248.61
14.485	250.52
14.495	249.66
14.505	247.52
14.515	246.49
14.525	243.99
14.535	241.94
14.545	243.98
14.555	237.48
14.565	233.88
14.575	236.28
14.585	224.84
14.595	204.06
14.605	198.86
14.615	185.36
14.625	198.21
14.635	192.35
14.645	191.58
14.655	199.35
14.665	204.95
14.675	211.16
14.685	213.81
14.695	218.2
14.705	217.64
14.715	209.79
14.725	218.98
14.735	229.85
14.745	247.96
14.755	254.53
14.765	261.76
14.775	265.43
14.785	265.39
14.795	261.51
14.805	258.37
14.815	249.06
14.825	247.21
14.835	246.2
14.845	246.79
14.855	238.42
14.865	251.37
14.875	261.64
14.885	257.85
14.895	260.77
14.905	266.62
14.915	264.2
14.925	266.06
14.935	246.46
14.945	240.68
14.955	235.46
14.965	230.23
14.975	228.74
14.985	231.51
14.995	235.2
15.005	234.01
15.015	235.17
15.025	232.04
15.035	236.88
15.045	235.21
15.055	228.98
15.065	237.18
15.075	232.24
15.085	237.41
15.095	252
15.105	248.98
15.115	245.23
15.125	241.92
15.135	236.73
15.145	233.89
15.155	228.81
15.165	238.65
15.175	229.37
15.185	222.53
15.195	220.95
15.205	222.52
15.215	226.01
15.225	229.93
15.235	234.53
15.245	223.05
15.255	220.54
15.265	226.21
15.275	222.63
15.285	220.82
15.295	217
15.305	215.11
15.315	214.48
15.325	212.63
15.335	213.05
15.345	217.25
15.355	215.58
15.365	215.54
15.375	216.9
15.385	216.77
15.395	217.8
15.405	217.4
15.415	218.88
15.425	217.83
15.435	221.41
15.445	224.87
15.455	221.94
15.465	225.1
15.475	234.51
15.485	242.7
15.495	243.27
15.505	239.7
15.515	239.74
15.525	241.19
15.535	241.96
15.545	240.43
15.555	239.88
15.565	239.26
15.575	236.8
15.585	237.65
15.595	236.34
15.605	234.57
15.615	234.85
15.625	231.15
15.635	227.32
15.645	223.63
15.655	224.8
15.665	223.27
15.675	225.4
15.685	228.74
15.695	226.32
15.705	232.58
15.715	234.13
15.725	237.54
15.735	244.92
15.745	254.18
15.755	256.84
15.765	252.57
15.775	248.37
15.795	264.37
15.805	257.87
15.815	251.4
15.825	250.12
15.835	250.99
15.845	246.28
15.855	245.52
15.865	242.78
15.875	244.15
15.885	238.59
15.895	236.75
15.905	232.23
15.915	228.67
15.925	232.77
15.935	235.24
15.945	234.88
15.955	230.52
15.995	211.59
16.005	200.4
16.015	203.88
16.025	205.34
16.035	206.52
16.045	203.8
16.055	202.83
16.065	201.36
16.075	214.98
16.085	209.54
16.105	231.22
16.115	226.91
16.125	221.51
16.135	213.81
16.145	206.68
16.155	201.02
16.165	202.15
16.245	183.67
16.255	182.68
16.265	179.04
16.275	182.15
16.285	185.84
16.295	188.68
16.305	193.71
16.315	195.42
16.325	196.32
16.435	197.38
16.445	195.6
16.455	194.96
16.465	196.41
16.475	194.49
16.485	194.64
16.495	195.53
16.535	195.1
16.545	193.51
16.555	195.92
16.625	195.71
16.635	199.16
16.645	198.93
16.655	200.4
16.735	196.67
16.745	200.16
