time	f0
0.01	236.32
0.02	238.2
0.03	241.31
0.04	252.26
0.05	266.23
0.06	254.65
0.07	246.6
0.08	255.2
0.09	255.08
0.1	255.95
0.11	254.11
0.12	245.9
0.13	241.9
0.14	248.38
0.15	254.16
0.16	253.7
0.17	255.56
0.18	244.74
0.19	243.09
0.2	244.08
0.21	250.8
0.22	248.05
0.23	249.13
0.24	244.26
0.25	242.91
0.26	242.52
0.27	241.7
0.28	240.12
0.29	243.14
0.3	241.34
0.31	240.55
0.32	243.13
0.33	239.15
0.34	241.05
0.35	243.7
0.36	241.65
0.37	243.91
0.38	247.53
0.39	239.78
0.4	238.69
0.41	239.46
0.85	236.01
0.86	229.11
0.87	226.15
0.88	227.26
0.89	228.82
0.9	224.68
0.91	224.87
0.92	223.9
0.93	225.28
0.94	227.1
0.95	225.62
0.96	224.93
0.97	222.52
0.98	227.54
0.99	226.1
1	225.19
1.01	270.04
1.02	263.39
1.03	257.29
1.04	259.92
1.05	262.92
1.06	264.71
1.07	266.58
1.08	268.88
1.09	253.88
1.1	261.41
1.11	265.37
1.12	257.92
1.13	259.22
1.14	258.08
1.15	259.35
1.16	257.42
1.17	250.14
1.18	241.63
1.19	237.66
1.2	235.24
1.21	230.03
1.22	235.22
1.23	233.06
1.24	236.67
1.25	221.89
1.36	232.6
1.37	234.06
1.38	235.84
1.39	222.55
1.4	219.49
1.41	220.13
1.42	229.77
1.43	230.25
1.44	227.74
1.45	227.44
1.46	231.71
1.47	238.19
1.48	232.46
1.49	227.77
1.5	226.33
1.51	226.76
1.52	207.49
1.53	204.56
1.54	204.89
1.55	205.4
1.56	207.79
1.57	215.36
1.58	229.37
1.59	220.55
1.6	214.21
1.61	212.7
1.62	205.54
1.63	186.2
1.68	205.46
1.69	203.48
1.7	203.43
1.71	204.17
1.72	204.37
1.74	192.67
1.75	240.1
1.76	238.22
1.77	245.83
1.78	238.47
1.79	247.83
1.8	248.47
1.81	248.24
1.82	247.49
1.83	246.3
1.84	244.32
1.95	259.34
1.96	251.93
1.97	234.62
1.98	230.82
1.99	219.63
2	219.39
2.01	234.09
2.02	240.52
2.03	231.02
2.04	229.85
2.05	230.78
2.06	233.44
2.07	223.05
2.08	231.21
2.09	214.1
2.1	209.13
2.11	226.96
2.12	226.17
2.13	217.7
2.14	217.36
2.15	218.4
2.16	216.42
2.17	215
2.18	223.98
2.19	220.62
2.2	218.85
2.21	215.91
2.22	218.02
2.23	210.59
2.24	219.3
2.25	225.03
2.26	225.16
2.27	223.6
2.28	236
2.29	232.62
2.3	243.7
2.31	232.39
2.32	225.15
2.33	226.77
2.34	225.11
2.35	221.22
2.36	223.7
2.37	226.37
2.38	231.06
2.39	232.54
2.4	250.23
2.41	233.03
2.42	233.94
2.43	230.98
2.44	231.13
2.45	231.42
2.46	230.39
2.47	228.72
2.48	234.15
2.49	232.28
2.5	232.74
2.51	230.17
2.52	235.64
2.53	231.46
2.54	245.19
2.55	241.39
2.56	237.37
2.57	235.04
2.58	232.6
2.59	234.54
2.6	231.71
2.61	230.92
2.62	228.72
2.63	229.17
2.64	236.91
2.65	235.78
2.66	236.63
2.67	232.65
2.68	226.13
2.69	230.88
2.7	229.18
2.71	227.33
2.72	223.67
2.73	220.78
2.74	219.5
2.75	218.18
2.76	222.77
2.77	218.77
2.78	220.15
2.79	217.58
2.8	222.02
2.81	211.59
2.82	221.84
2.83	218.82
2.84	209.97
2.85	204.99
2.86	211.49
2.87	208.83
2.88	217.09
2.89	198.72
2.9	216.24
2.91	218.51
2.92	224.93
2.93	215.16
2.94	225.2
2.95	221.96
2.96	220.76
2.97	221.76
2.98	221.06
2.99	219.44
3	219.61
3.01	218.83
3.02	221.07
3.03	219.63
3.04	223.88
3.05	224.05
3.06	223.78
3.07	220.96
3.08	210.98
3.09	222.66
3.1	218.88
3.11	224.39
3.12	226.88
3.13	277.05
3.14	231.07
3.15	227.41
3.16	220.95
3.17	225.82
3.18	221.94
3.19	226.57
3.2	226.12
3.21	222.7
3.22	222.39
3.23	214.2
3.24	208.44
3.25	214.51
3.26	216.56
3.27	218.78
3.28	225.3
3.29	219.79
3.3	221.28
3.31	217.09
3.32	220.16
3.33	223.35
3.35	245.18
3.36	222.1
3.37	223.89
3.38	217.18
3.39	224.28
3.4	224.11
3.41	215.43
3.42	209.75
3.43	217.04
3.44	219.74
3.45	225.35
3.46	225.61
3.47	220.77
3.48	220.52
3.49	217.17
3.5	221.79
3.51	211.24
3.52	203.29
3.53	209.46
3.54	209.76
3.55	236.65
3.56	229.57
3.57	229.78
3.58	225.24
3.59	227.14
3.6	217.87
3.61	229.97
3.62	238.31
3.63	221.17
3.64	222.57
3.65	227.72
3.66	227.72
3.67	222.77
4.1	236.83
4.11	229.79
4.12	228.82
4.13	229.7
4.14	229.97
4.15	235.12
4.16	235.97
4.17	237.4
4.18	236.61
4.19	235.11
4.2	234.71
4.21	234.96
4.22	235.4
4.23	232.32
4.24	234.89
4.25	233.3
4.26	228.9
4.27	225.52
4.28	234.74
4.29	238.41
4.3	228.78
4.31	238.99
4.32	233.2
4.41	240.04
4.42	254.23
4.43	250.29
4.44	250.14
4.45	246.85
4.46	247.85
4.47	246.86
4.48	245.4
4.49	243.13
4.5	239.37
4.51	242.63
4.52	249.22
4.53	249.94
4.54	248.44
4.55	251.2
4.56	249.31
4.57	248.53
4.58	246.81
4.59	243.48
4.6	239.59
4.61	238.76
4.62	232.66
4.63	231.61
4.64	223.24
4.65	225.22
4.66	248.83
4.67	243.48
4.68	232.84
4.69	204.81
4.7	239.51
4.71	238.82
4.72	235.43
4.73	241.07
5.12	274.66
5.13	254.5
5.14	251.67
5.15	245.63
5.16	244.69
5.17	246.92
5.18	243.64
5.19	246.97
5.2	246.32
5.21	246.14
5.22	248.45
5.23	249.03
5.24	249.48
5.25	247.61
5.26	246.89
5.27	249.56
5.28	253.09
5.29	252.08
5.3	249.75
5.31	252.28
5.32	251.88
5.33	249.27
5.34	249.53
5.35	248.76
5.36	246.5
5.37	245.87
5.38	246.14
5.39	244.06
5.4	246.06
5.41	243.01
5.42	239.16
5.43	237.33
5.44	235.07
5.45	236.16
5.46	232.32
5.47	229.83
5.48	229.54
5.49	226.76
5.5	225.56
5.51	227.01
5.52	223.84
5.53	222.96
5.54	224.24
5.55	220.49
5.56	223.67
5.57	217.13
5.58	220.27
5.59	219.82
5.6	215.17
5.61	218.75
5.62	219.33
5.63	220.41
5.64	213.72
5.65	220.05
5.66	212.14
5.67	209.37
5.68	213.98
5.69	213.57
5.7	206.7
5.71	205.79
5.72	226.09
5.73	214.22
5.74	214.06
5.75	220.86
5.76	213.68
5.77	206.31
5.78	207.09
5.86	246.14
5.87	248.93
5.88	239.96
5.89	242.29
5.9	241.48
5.91	239.42
5.92	240.03
5.93	236.16
5.94	238.67
5.95	238.65
5.96	237.32
5.97	235.31
5.98	238.5
5.99	236.54
6	235.82
6.01	234.52
6.02	236.54
6.03	232.92
6.04	228.53
6.05	231.18
6.06	230.55
6.07	230.61
6.08	228.15
6.09	225.05
6.1	227.87
6.11	224.46
6.12	225.09
6.13	226.12
6.14	223.04
6.15	208.95
6.16	207.34
6.17	218.16
6.18	216.95
6.19	222.57
6.2	222.24
6.27	234.64
6.28	234.19
6.29	233.21
6.3	230.52
6.31	227.5
6.32	229.94
6.33	232.71
6.34	229.3
6.35	235.07
6.36	228.99
6.37	233.49
6.38	230.79
6.39	232.99
6.4	214.81
6.41	220.94
6.42	231.68
6.43	232.74
6.44	231.65
6.45	234.43
6.46	232.63
6.47	232.53
6.48	225.99
6.49	230.12
6.5	231.29
6.51	233.42
6.52	232.74
6.53	232.01
6.54	228.72
6.55	234.26
6.56	235.17
6.57	239.3
6.58	233.49
6.59	231.82
6.6	232.3
6.61	231.52
6.62	233.65
6.63	233.87
6.64	231.5
6.65	232.01
6.66	232.6
6.67	231.36
6.68	225.77
6.69	228.13
6.7	229.85
6.71	220.49
6.72	227.71
6.73	221.96
6.74	220.94
6.79	232.98
6.8	218.36
6.81	231.35
6.82	227.46
6.83	231.81
6.84	225.73
6.85	239.61
6.86	223.27
6.87	241.28
7.64	225.25
7.65	218.96
7.66	207.19
7.67	206.32
7.68	208.15
7.69	211.87
7.7	208.65
7.71	204.72
7.72	192.13
7.73	206.11
7.74	204.14
7.75	200.38
7.76	196.58
7.77	197.64
7.78	199.85
7.79	201.67
7.8	204.86
7.81	207.7
7.82	211.5
7.83	209.43
7.84	211.79
7.85	195.27
7.86	207.4
7.92	246.13
7.93	244.87
7.94	237.16
7.95	231.9
7.96	246.67
7.97	238.3
7.98	246.62
7.99	245.29
8	254.82
8.01	250.86
8.02	248.33
8.03	252.04
8.04	250.67
8.05	263.07
8.06	263.18
8.07	259.19
8.08	261.3
8.09	261.09
8.1	257.37
8.11	243.69
8.12	247.74
8.13	245.79
8.14	247.7
8.15	241.29
8.16	241.51
8.17	245.94
8.18	240.96
8.19	241.84
8.2	238.47
8.21	234.16
8.22	230.1
8.23	237.34
8.24	233.22
8.25	226.26
8.26	211.8
8.27	218.46
8.28	237.32
8.29	236.58
8.3	230.16
8.31	237.03
8.32	238.48
8.33	252.61
8.34	244.5
8.35	229.23
8.39	239.47
8.46	245.05
8.47	233.9
8.48	237.07
8.49	234.12
8.5	236.34
8.51	226.73
8.52	232.67
8.53	223.95
8.54	230.18
8.55	231.3
8.56	234.94
8.57	236.41
8.58	232.3
8.59	240.8
8.6	241.16
8.61	245.05
8.62	244.09
8.63	239.27
8.64	239.27
8.65	230.11
8.66	225.59
8.67	234.69
8.68	240.7
8.69	230.75
8.7	236.25
8.71	225.4
8.72	229.7
8.73	235.22
8.74	222.14
8.75	238.05
10	253.05
10.01	251.86
10.02	247.02
10.03	240.71
10.04	235.52
10.05	235.09
10.06	249.65
10.07	239.48
10.08	261.19
10.09	254.35
10.1	227.64
10.11	231.43
10.12	244.18
10.52	250.22
10.53	250.18
10.54	246.4
10.55	244.79
10.56	243.06
10.57	241.1
10.58	237.98
10.59	233.48
10.6	221.5
10.61	215.78
10.62	220.72
10.63	229.17
10.64	215.85
10.65	220.06
10.66	219.01
10.67	229.56
10.68	222.44
10.69	221.37
10.74	222.78
10.75	211.67
10.76	212.5
10.79	227.36
10.8	222.33
10.81	228.23
10.82	249.97
10.83	250.69
10.84	251.93
10.85	257.35
10.86	247.26
10.87	246.27
10.88	245.46
10.89	244.84
10.9	244.52
10.91	242.3
10.92	239.56
10.93	232.09
10.94	209.62
10.95	229.62
10.96	237.44
10.97	255.51
10.98	222.48
10.99	235.08
11	221.96
11.01	251.9
11.02	231.55
11.03	225
11.04	218.88
11.05	220.87
11.06	215.63
11.07	214.45
11.08	211.4
11.09	220.29
11.1	219.28
11.11	212.26
11.12	214.6
11.13	221.52
11.14	209.79
11.15	212.94
11.16	209.75
11.17	211.06
11.18	215.15
11.19	208.92
11.2	212.42
11.21	210.63
11.22	212.21
11.23	215.15
11.24	212.23
11.25	211.18
11.26	211.31
11.27	210.57
11.28	209.53
11.29	207.13
11.3	209.31
11.31	209.3
11.32	208.76
11.33	207.07
11.34	205.55
11.35	209.98
11.36	207.65
11.37	211.39
11.38	208.72
11.39	208.07
11.4	207.89
12.6	257.21
12.61	248.1
12.62	246.27
12.63	247.87
12.64	240.35
12.65	246.07
12.66	247.48
12.67	247.02
12.68	249.46
12.69	250.18
12.7	248.09
12.71	247.86
12.72	246.75
12.73	244.86
12.74	243.96
12.75	240.97
12.76	240.67
12.77	242.17
12.78	234.49
12.79	243.78
12.8	244.67
12.81	240.26
12.82	233.41
12.83	210.15
12.84	225.38
12.85	250.38
12.86	244.5
12.87	240.35
12.88	239.02
12.89	237.12
12.9	235.95
12.91	231.46
12.92	235.13
12.93	232.65
12.94	239.8
12.95	232.68
12.96	233.22
12.97	234.95
12.98	243.35
12.99	251.7
13	249.14
13.01	248.07
13.02	247.38
13.03	250.52
13.04	247.63
13.05	244.2
13.06	247.31
13.07	247.39
13.08	248.72
13.09	244.7
13.1	239.89
13.11	234.15
13.12	233.99
13.13	232.27
13.14	230.18
13.15	232.7
13.16	232.59
13.17	241.9
13.3	209.44
13.31	214.39
13.32	214.27
13.33	211.04
13.34	216.31
13.35	218.53
13.36	221.8
13.37	210.01
13.38	212.91
13.39	211.83
13.47	243.18
13.48	237.65
13.49	242.99
13.5	249.35
13.51	248.01
13.52	244.4
13.53	248.48
13.54	247.16
13.55	241.43
13.56	241.77
13.57	250.45
13.58	236.6
13.59	243.5
13.6	241.77
13.61	234.37
13.62	231.66
13.63	225.44
13.64	231
13.65	226.58
13.66	212.41
13.67	220.48
13.68	221.74
13.69	220.58
13.7	218.28
13.71	215.53
13.72	213.61
13.73	216.56
13.74	216.32
13.75	219.7
13.76	223.14
13.77	196.81
13.78	223.71
13.79	229.1
13.8	231.34
13.81	237.49
13.82	223.04
13.83	218.9
13.84	233.51
13.85	213.06
13.86	201.17
13.87	224.89
13.88	223.91
13.89	214.4
13.9	216.95
13.91	218.83
13.92	215.72
13.93	198.93
13.94	217.4
13.95	216.29
13.96	201.82
14.09	246.83
14.1	231.79
14.11	232.56
14.12	227.21
14.13	221.98
14.19	236.85
14.2	223.41
14.21	229.24
14.22	247.59
14.23	260.35
14.24	250.55
14.25	235.35
14.26	238.84
14.27	233.97
14.28	231.24
14.29	227.92
14.3	224.54
14.31	225.13
14.32	226.61
14.33	222.77
14.34	222.7
14.35	220.98
14.36	223.77
14.37	215.3
14.38	217.84
14.39	221.39
14.4	220.95
14.41	220.26
14.42	226.7
14.43	223.64
14.44	223.46
14.45	222
14.46	222.2
14.86	211.71
14.87	226.16
14.88	226.93
14.89	220.5
14.9	224.36
14.91	218.08
14.92	221.08
14.93	220.91
14.94	220.79
14.95	223.26
14.96	215.88
14.97	214.45
14.98	214.47
14.99	221.14
15	218.87
15.01	219.93
15.02	229.94
15.03	227.75
15.04	203.53
15.05	244.5
15.06	241.22
15.07	242.37
15.08	238.46
15.09	236.94
15.1	234.75
15.11	232.45
15.12	234.42
15.13	236.84
15.14	235.79
15.15	237.83
15.16	235.02
15.17	227.82
15.18	226.69
15.19	224.54
15.2	228.5
15.21	239.73
15.22	248.25
15.23	234.47
15.24	237.51
15.25	237.82
15.26	235.7
15.27	233.91
15.28	230.86
15.29	230.78
15.3	231.72
15.31	235.54
15.32	235.45
15.33	232.71
15.34	229.45
15.35	226.05
15.36	223.65
15.37	221.64
15.38	216.01
15.39	219.52
15.4	220.16
15.41	213.06
15.42	208.02
15.43	203.17
15.44	213.87
15.45	214.47
15.46	203.63
15.47	223.88
15.48	226.67
15.49	217.46
15.5	215.8
15.51	215.55
15.52	208.15
15.53	211.55
15.54	212.4
15.55	209.2
15.56	216.13
15.57	207.76
15.58	209.46
15.59	214
15.6	213.97
15.61	213.61
15.62	216.58
15.63	221.95
15.64	224.25
15.66	235.01
15.67	229.33
15.68	225.89
15.69	226.12
15.7	226.06
15.71	229.3
15.72	223.05
15.73	216.75
15.74	230.12
15.75	225.33
15.76	228.6
15.77	223.1
15.83	208.63
15.84	221.93
15.85	230.34
15.86	225.99
15.87	221.99
15.88	228.02
15.89	219.94
15.9	216.34
15.91	218.32
15.92	215.38
15.93	214.55
15.94	215.64
15.95	211.51
15.96	211.39
15.97	203.12
15.98	212.01
15.99	216.84
16	221.93
16.01	215.61
16.08	215
16.09	213.58
16.41	227.94
16.42	212.06
16.43	202.97
16.44	194.53
16.45	204.91
16.46	205.9
16.47	201.59
16.48	205.13
16.49	203.67
16.5	201.65
16.51	204.45
16.52	205.94
16.53	203.83
16.54	203.35
16.55	207.16
16.56	196.86
16.59	209.49
16.6	209.87
16.61	209.84
16.62	214.33
16.63	210.56
16.64	213.94
16.65	211.61
16.66	214.76
16.67	221.28
16.68	222.15
16.69	226.59
16.7	219.38
16.71	214.42
16.72	208.75
16.73	202.16
16.75	205.93
16.76	220.19
16.77	222.11
16.78	222.31
16.81	212.03
16.82	222.96
16.83	205.47
