time	f0
0.28	114.46
0.29	116.06
0.3	116.67
0.31	117.3
0.32	117.72
0.33	119.13
0.34	118.49
0.35	119.29
0.36	121.53
0.37	123.41
0.38	124.16
0.39	123.65
0.4	121.49
0.41	118.93
0.42	120.28
0.43	120.6
0.44	119.74
0.45	119.38
0.46	114.68
0.47	113.57
0.48	119.63
0.49	120.53
0.5	121.53
0.51	126.34
0.52	130.95
0.53	128.41
0.54	133.14
0.55	136.49
0.56	132.48
0.57	132.85
0.58	135.72
0.59	136.93
0.6	142.67
0.61	137.36
0.62	136.9
0.63	133.65
0.64	125.73
0.65	124.87
0.66	135.95
0.67	137.48
0.68	137.49
0.69	137.84
0.7	136.95
0.71	137.38
0.72	136.43
0.73	137.24
0.74	137.86
0.75	139.15
0.76	143.22
0.77	143.26
0.78	146.3
0.79	148.63
0.8	147.56
0.81	145.95
0.82	144.64
0.83	143.7
0.84	140.9
0.85	139.08
0.86	137.22
0.87	135.54
0.88	131.3
0.89	125.92
0.9	117.55
1.01	111.29
1.02	111.04
1.03	111.18
1.04	111.7
1.05	111.64
1.06	111.7
1.07	111.19
1.08	111.41
1.09	109.56
1.1	110.6
1.11	111.24
1.12	110.87
1.13	111.55
1.14	110.4
1.15	110.86
1.16	110.36
1.17	108.65
1.18	108.38
1.19	111.33
1.2	111.74
1.21	112.13
1.34	124.44
1.35	118.92
1.36	115.5
2.44	116.28
2.45	116.5
2.46	116.05
2.47	115.46
2.48	117.05
2.49	116.52
2.52	115.31
2.53	115.8
2.54	117.37
2.55	119.69
2.56	119.79
2.57	119.6
2.58	119.33
2.59	119.35
2.6	119.29
2.61	119.09
2.62	119.14
2.63	119.44
2.64	119.73
2.65	119.79
2.66	120.12
2.67	119.97
2.68	120.03
2.69	120.01
2.7	120.26
2.71	120.64
2.72	121.14
2.73	121.06
2.74	122.04
2.75	122.62
2.76	122.84
2.77	123.34
2.78	122.98
2.79	122.7
2.8	122.38
2.81	122.46
2.82	122.04
2.83	121.82
2.84	121.45
2.85	121.06
2.86	120.89
2.87	121.35
2.88	121.3
2.89	121.39
2.9	120.84
2.91	120.2
2.92	119.5
2.93	119.43
2.94	119.73
2.95	120.65
2.96	120.48
2.97	120.65
2.98	120.74
2.99	120.28
3	119.92
3.01	120.03
3.02	119.99
3.03	119.53
3.04	119.02
3.05	119.46
3.06	119.84
3.07	120.03
3.08	120
3.09	120.41
3.1	119.59
3.11	119.29
3.12	118.51
3.13	118.16
3.14	117.78
3.15	117.95
3.16	117.96
3.17	117.62
3.18	117.28
3.19	117.68
3.2	117.8
3.21	117.49
3.22	116.75
3.23	115.76
3.24	115.28
3.25	114.94
3.26	116.11
3.27	116.35
3.28	117.33
3.29	116.98
3.3	116.28
3.31	116.32
3.32	115.24
3.33	115.85
3.34	116.42
3.55	149.83
3.56	156.76
3.57	154.73
3.58	153.16
3.59	150.98
3.6	142.86
3.61	146.05
3.62	145.49
3.63	142.88
3.64	138.73
3.65	137.96
3.66	139.43
3.67	135.46
3.68	133.64
3.69	131.36
3.7	129.17
3.71	131.21
3.72	130.3
3.73	123.91
3.74	128.17
3.75	123.85
3.76	126.92
3.77	128.2
3.78	126.44
3.79	124.07
3.8	123.42
3.81	121.27
3.82	120.22
3.83	119.66
3.84	116.18
3.85	115.15
3.86	122.63
3.87	109.81
3.88	108.12
3.89	107.94
3.9	107.57
3.91	106.63
3.92	107
3.93	105.17
3.94	105.15
3.95	104.62
3.96	103.83
3.97	103.36
3.98	103.36
3.99	102.7
4	101.86
4.01	101.8
4.02	100.84
4.03	99.42
4.04	99.29
4.05	105.79
4.06	105.15
4.07	104.22
4.08	96.01
4.09	97.06
4.1	97.03
4.11	96.68
4.12	95.76
5.48	153.05
5.49	154.04
5.5	155.83
5.51	162.81
5.52	163.65
5.53	170.1
5.54	171.97
5.55	172.7
5.56	173.4
5.57	172.74
5.58	173.94
5.59	172.41
5.6	174.05
5.61	174.04
5.62	175.22
5.63	171.99
5.64	165.44
5.65	161.11
5.66	158.32
5.67	149.05
5.68	148.25
5.69	146.86
5.7	89.36
5.71	87.63
5.72	117.49
5.73	113.62
5.74	110.11
5.75	89.75
5.76	89.49
5.77	88.71
5.8	233.29
5.81	229.3
5.82	221.3
5.83	228.31
5.84	239.57
5.85	240.94
6.42	126.36
6.43	127.11
6.44	127.31
6.45	126.47
6.46	126.14
6.47	125.67
6.48	124.53
6.49	126.28
6.5	126.72
6.51	125.84
6.52	123.73
6.53	121.9
6.72	106.07
6.73	106.83
6.74	107.4
6.75	105.91
6.89	122.04
6.9	122.49
6.91	123.03
6.92	123.39
6.93	124.39
6.94	124.08
6.95	124.47
6.96	125.38
6.97	123.85
6.98	121.08
6.99	121.49
7	122.86
7.01	121.57
7.02	122.62
7.05	126.43
7.06	126.52
7.07	128.24
7.08	131.6
7.09	132.37
7.1	132.69
7.11	133.53
7.12	133.13
7.13	132.79
7.14	131.11
7.15	130.04
7.16	130.8
7.17	129.84
7.18	128.74
7.19	126.56
7.2	116.57
7.21	118.4
7.22	126.23
7.23	122.5
7.24	111.23
7.25	104.88
7.26	107.39
7.57	100.53
7.58	102.23
7.59	103.38
7.6	102.12
7.61	100.96
7.64	99.6
7.65	99.47
7.66	100.35
9.32	110.42
9.33	111.74
9.34	107.98
9.35	111.31
9.36	111.25
9.37	110.94
9.38	111.08
9.39	111.96
9.4	111.67
9.41	111.3
9.42	113.36
9.43	114.22
9.44	117
9.45	119.02
9.46	121.82
9.47	131.18
9.48	133.17
9.54	155.02
9.55	155
9.56	154.59
9.57	155.85
9.58	147.21
9.59	149.65
9.6	144.33
9.61	142.88
9.62	146.26
9.63	133.31
9.64	131.69
9.65	130.13
9.66	128.95
9.67	127.89
9.68	127.63
9.69	127.23
9.7	126.3
9.71	126.83
9.72	126.93
9.73	127.41
9.74	131.21
9.75	104.5
9.76	126.42
9.77	124.15
9.78	124.62
9.79	126.11
9.8	124.24
9.81	125.96
9.82	125.43
9.83	126.11
10.22	134.15
10.23	134.57
10.24	135.73
10.25	136.61
10.26	137.03
10.27	136.97
10.28	136.77
10.29	136.24
10.3	136.18
10.31	135.34
10.32	134.23
10.33	133.48
10.34	131.09
10.35	129.68
10.36	129.41
10.37	129.23
10.38	128.4
10.39	125.36
10.4	123.05
10.43	124.08
10.44	124.43
10.45	129.16
10.46	128.11
10.47	97.45
10.76	143.16
10.77	138.77
10.78	136.24
10.79	137.41
10.8	136.79
10.81	135.68
10.82	134.78
10.93	138.96
10.94	135.91
10.95	135.82
11.09	108.55
11.1	107.65
11.11	109.94
11.12	110.16
11.13	116.11
11.14	128.45
11.15	121.35
11.16	118.72
11.17	118.19
11.18	121.84
11.19	127.97
11.2	121.29
11.21	118.98
11.22	132.23
11.23	140.69
11.24	141.06
11.25	138.91
11.26	137.61
11.27	136.44
11.28	134.26
11.29	133.17
11.3	138.76
11.31	137.92
11.32	137.33
11.33	138.06
11.36	134.91
11.37	133.8
11.38	132.81
11.39	132.31
11.4	131.15
11.41	131.91
11.42	130.37
11.43	131.52
11.44	132.39
11.45	132.66
11.46	132.66
11.47	133.88
11.48	132.63
11.49	135.78
11.5	135.84
11.51	138.88
11.52	138.44
11.53	137.45
11.54	136.34
11.55	137.76
11.56	137.86
11.57	137.2
11.58	136.46
11.59	132.63
11.6	128.75
11.61	127.92
11.62	122.21
11.63	121.11
11.64	115.78
12.19	119.2
12.2	119.9
12.21	119.04
12.22	117.22
12.23	113.65
12.24	112.31
12.25	112.08
12.26	111.94
12.27	111.91
12.28	112.05
12.29	112.78
12.3	113.35
12.31	113.4
12.32	113.67
12.33	113.32
12.34	112.85
12.35	112.81
12.36	112.38
12.37	112.99
12.38	112.72
12.39	112.16
12.4	112.79
12.41	113.85
12.47	157.24
12.48	160.51
12.49	161.95
12.5	160.48
12.51	158.08
12.52	156.54
12.53	153.94
12.54	150.38
12.55	147.44
12.56	145.19
12.57	148.11
12.58	147.84
12.59	152.37
12.6	149.58
12.61	156.58
12.62	155.36
12.63	154.92
12.64	149.29
12.65	149.04
12.66	150.57
12.67	146.65
12.68	155
12.69	148.71
12.7	147.83
12.71	147.15
12.72	146.03
12.73	143.6
12.74	140.89
12.75	135.91
12.76	129.64
12.93	106.04
12.94	103.77
12.95	101.29
12.96	100.03
13.14	94.27
13.15	94.62
13.16	94.54
13.17	95.05
13.18	95.22
13.19	95.86
13.2	96.9
13.21	96.8
13.22	97.66
13.23	99.76
13.24	98.51
13.25	106.34
13.26	112.09
13.27	116.9
13.28	132.5
13.29	127.45
13.3	129
13.31	139.33
13.32	146.12
13.33	155.98
13.34	154.05
13.35	154.1
13.36	153.3
13.37	153.89
13.38	151.6
13.39	150.34
13.4	149.49
13.41	149.39
13.42	148.79
13.43	147.47
13.44	145.97
13.45	144.31
13.46	141.18
13.47	140.67
13.48	138.63
13.49	127.08
13.5	126.86
13.51	125.93
13.52	126.68
13.53	132.36
13.57	134.13
13.58	125.44
13.59	118.29
13.6	117.13
13.61	116.39
13.64	109.8
13.65	111.77
13.66	111.61
13.67	117.72
13.68	117.95
13.69	117.18
13.7	117.78
13.71	117.72
13.72	115.97
13.73	115.26
13.74	117.03
13.75	113.89
13.76	112.09
13.77	115.44
13.78	114.67
13.79	113.92
13.8	113.64
13.81	113.55
13.82	113.29
13.83	112.92
13.84	112.88
13.85	113.15
13.86	111.65
13.87	111.5
13.88	113.36
13.89	112.71
13.9	112.99
13.97	119.05
13.98	119
13.99	120.02
14	121.63
14.01	122.63
14.02	123.52
14.03	123.99
14.04	124
14.05	123.57
14.06	122.13
14.07	119.65
14.08	122.87
14.09	123.08
14.1	123.11
14.16	103.56
14.17	99.73
14.18	96.74
14.19	89.12
14.2	88.68
14.21	88.04
14.23	232.77
14.24	229.32
14.43	103.41
14.44	101.71
14.45	103.81
14.46	105.09
14.47	105.65
14.48	105.48
14.49	106.45
17.62	107.75
17.63	105.23
17.64	102.55
17.66	97.31
17.67	96.58
17.68	94.28
17.69	93.75
17.7	92.92
17.71	93.39
17.72	94.01
17.73	94.42
17.74	94.95
17.75	96.2
17.76	93.57
17.77	93.74
17.78	93.73
17.79	104.01
17.8	95.03
17.81	94.84
17.82	95.08
17.83	95.33
17.84	95.02
17.88	115.82
17.89	118.32
17.9	118.95
17.91	117.85
17.92	119.58
17.93	120.02
17.94	121.42
17.95	121.47
17.96	126.22
17.97	123.47
17.98	120.85
17.99	120.06
18	120.46
18.01	119.95
18.02	120.86
18.03	122.46
18.04	122.17
18.72	105.33
18.73	105.41
18.74	105.8
18.75	106.75
18.76	106.52
18.77	106.98
18.78	107.28
18.79	121.28
18.8	124.7
18.81	127.27
18.82	127.35
18.83	134.78
18.84	140
18.85	142.8
18.86	142.68
18.87	143.07
18.88	141.45
18.89	140.64
18.9	138.7
18.91	136.44
18.92	135.1
18.93	122.7
18.94	124.91
18.95	139.19
18.96	140.01
19.01	115.19
19.02	114.62
19.03	113.9
19.04	112.92
19.05	111.53
19.06	111.58
19.07	112.69
19.08	113.22
19.09	113.52
19.1	113.45
19.11	112.9
19.12	111.6
19.13	111.5
19.14	112.68
19.15	113.74
19.16	114.25
19.17	114.62
19.18	115.5
19.19	115.72
19.2	116.8
19.21	123.07
19.22	132.37
19.23	128.36
19.24	125.44
19.25	133.44
19.26	131.19
19.27	130.76
19.28	128.66
19.29	129.45
19.3	127.66
19.31	123.3
19.32	121.71
19.33	123.41
19.34	123.54
19.35	123.52
19.36	121.52
19.37	118.21
19.39	237.23
19.4	235.56
19.42	109.05
19.43	106.8
19.44	105.37
19.45	102.9
19.46	102.16
19.47	101.18
19.48	101.16
19.49	100.99
19.5	102.19
19.51	102.4
19.52	99.42
19.53	103.41
19.54	102.73
19.55	102.7
19.56	101.3
19.57	102.2
19.58	104.7
19.59	106
19.6	104.39
19.61	105.28
19.62	112.44
19.63	112.32
19.64	112.54
19.65	114.58
19.66	116.19
19.67	116.9
19.68	117.07
19.69	116.65
19.7	116.2
19.71	116.14
19.72	113.91
19.73	112.58
19.74	111.63
19.75	112.95
19.76	113.58
19.77	112.98
19.78	113.26
19.79	113.39
19.8	112.76
19.81	112.65
19.82	113.92
19.83	113.83
19.84	114.19
19.85	113.88
19.86	112.78
19.87	113.1
19.88	114.14
19.89	112.74
19.9	112.34
19.91	113.61
19.92	116.61
19.93	121.66
19.94	129.08
19.95	137.58
19.96	143.34
19.97	146.21
19.98	147.88
19.99	148.21
20	137.04
20.01	136.96
20.02	137.45
20.03	137.97
20.04	139.35
20.05	141.83
20.06	142.05
20.07	142.86
20.08	143.87
20.09	145.16
20.1	143.96
20.11	142.21
20.12	140.92
20.13	140.97
20.14	142.74
20.15	141.15
20.16	140.84
20.17	141.13
20.18	140.41
20.19	139.82
20.2	141.19
20.21	141.1
20.22	140.72
20.23	138.55
20.24	99.55
20.25	99.11
20.26	109.46
20.27	110.09
20.28	96.87
20.29	98.26
20.3	105.66
20.31	106.98
20.32	108.14
20.33	110.49
20.34	111.33
20.35	111.16
20.36	110.99
20.37	109.96
20.38	110.79
20.39	110.39
20.4	108.92
20.41	106.53
20.42	107.13
20.43	108.04
20.44	109.42
20.45	111.01
20.46	107.03
20.59	96.46
20.6	91.37
20.61	88.52
20.62	87.54
20.63	87.23
20.64	87.65
20.65	86.15
20.77	104.12
20.78	106.97
20.79	108.2
20.8	112.34
20.86	111.48
20.87	115.28
20.88	117.32
20.89	113.5
20.9	110.26
20.91	111.96
21.36	113.45
21.37	111.45
21.38	109.71
21.39	108.85
21.4	108.81
21.41	110.09
21.42	110.94
21.43	110.87
21.44	108.51
21.45	109.25
21.46	111.23
21.49	160.29
21.5	166.24
21.51	168.01
21.52	170.05
21.53	170.73
21.54	169.23
21.55	167.16
21.56	165.89
21.57	164.77
21.58	164.21
21.59	160.75
21.6	158.63
21.61	164.92
21.62	157.82
21.63	150.58
21.64	149.57
21.65	148.84
21.69	118.9
21.7	116.16
21.71	115.86
21.72	115.18
21.73	114.61
21.82	131.83
21.83	133.66
21.84	135.33
21.85	136.21
21.86	135.08
21.87	135.04
21.88	135.52
21.89	135.31
21.9	124.94
21.91	124.69
21.92	135.8
21.93	141.78
21.94	135.43
21.95	135.19
21.96	135.98
21.97	133.71
22.02	160.95
22.03	161.46
22.04	162.38
22.05	161.73
22.06	159.62
22.07	157.41
22.08	157.81
22.09	158.44
22.1	156.15
22.11	158.18
22.12	162.26
22.13	161.19
22.14	159.1
22.15	159.43
22.16	139.35
22.17	139.03
22.18	135.7
22.19	132.85
22.2	130.16
22.21	126.4
22.26	118.23
22.27	118.69
22.28	115.51
22.29	111.48
22.34	115.55
22.35	116.28
22.36	115.71
22.37	115.86
22.38	116.1
22.39	116.01
22.4	114.21
22.41	113.37
22.42	113.69
22.43	110.18
22.44	113.56
22.45	114.24
22.46	113.43
22.47	113.13
22.48	115.24
22.61	105.1
22.62	103.86
22.63	104.05
22.64	104.26
22.65	105.54
22.66	107.95
22.69	122.17
22.7	129.68
22.71	128.33
22.72	131.81
22.73	127.03
22.74	113.16
22.81	152
22.82	151.78
22.83	151.16
22.84	149.55
22.85	219.96
22.86	224.88
22.87	224.5
22.88	227.83
22.89	227.76
22.9	231.02
22.93	120.55
22.94	120.97
22.95	115.92
22.96	116.64
22.97	90.3
23.07	152.71
23.08	158.18
23.09	156.81
23.1	151.1
23.11	147.94
23.12	146.48
23.13	143.14
23.14	142.19
23.15	137.35
23.16	132.15
23.17	127.35
23.18	118.61
23.19	130.82
23.2	146.3
23.21	143.43
23.24	132.93
23.25	131.07
23.26	132.94
23.27	130.05
23.28	122.87
23.29	123.24
23.3	119.02
23.31	117.92
23.33	226.66
23.34	226.75
23.35	223.44
23.36	225.61
23.37	224.91
23.38	228.25
23.39	228.9
23.96	164.99
23.97	165.96
23.98	168.64
23.99	171.62
24	173.01
24.01	173.33
24.02	174.65
24.03	172.87
24.04	174.89
24.05	171.23
24.06	176
24.07	175.71
24.08	177.11
24.09	168.96
24.1	166.55
24.11	164.73
24.12	161.94
24.13	158.03
24.14	158.35
24.15	160.52
24.16	163
24.17	159.02
24.18	157.9
24.19	150.9
24.2	141.72
24.21	141.12
24.22	139.17
24.23	135.67
24.24	133.38
24.25	131.29
24.26	119.98
24.27	123.43
24.28	112.97
24.29	112.63
24.33	103.68
24.34	107.63
24.35	112.4
24.36	110.29
24.37	109.28
24.38	111.27
24.39	112.03
24.4	114.6
24.41	116.16
24.42	123.39
24.43	123.81
24.44	120.28
24.45	127.98
24.46	134.51
24.5	137.37
24.51	127.89
24.52	122.81
24.53	125.47
24.54	130.75
24.55	114.76
24.56	107.05
24.57	105.81
24.63	105.34
24.64	109.94
24.65	115.35
24.66	121.18
24.67	125.42
24.78	105.75
24.79	103.9
24.8	88.61
24.81	96.1
25.07	112.36
25.08	114.31
25.09	115.69
25.1	116.08
25.11	115.99
25.12	114.4
25.14	231.75
25.15	230.66
25.16	232.18
25.17	231.42
25.18	230.47
25.19	231.13
26.58	161.94
26.59	162.3
26.6	161.02
26.61	157.93
26.62	154.54
26.63	151.85
26.64	145.9
26.65	144.49
26.7	120.88
26.71	118.53
26.72	116.96
26.73	114.81
26.74	111.47
26.75	111.99
26.76	110.96
26.77	111.97
26.78	113.13
26.79	113.54
26.8	114.4
26.81	115.71
26.82	119.64
26.83	120.22
26.84	118.49
26.85	125.63
26.86	127.39
26.87	129.37
26.88	132.97
26.89	134.13
26.9	135.05
26.91	133.48
26.92	134.57
26.93	136.3
26.94	137.11
26.95	137.59
26.96	137.63
26.97	137.34
26.98	138.81
27.01	136.45
27.02	138.82
27.03	137.27
27.04	142.85
27.05	146.79
27.06	149.39
27.07	147.13
27.08	146.81
27.09	150.59
27.1	144.22
27.11	136.2
27.12	144.8
27.13	146.9
27.14	144.03
27.27	147.3
27.28	146.55
27.29	146.56
27.3	146.24
27.31	144.58
27.32	140.18
27.33	139.09
27.34	137.63
27.35	136.31
27.36	135.77
27.37	136.87
27.38	133.12
27.39	134.12
27.4	136.53
27.41	130.86
27.42	128.47
27.43	129.25
27.47	121.78
27.48	120.73
27.49	121.06
27.5	118.17
27.51	120.15
27.52	119.13
27.53	118.47
27.54	119.15
27.55	119.35
27.56	118.17
27.57	119.02
27.58	116.96
27.59	117.39
27.6	117.08
27.61	116.12
27.62	114.46
27.63	114.38
27.64	115.13
27.65	114.04
27.66	114.61
27.67	115.4
27.68	116.02
27.69	114.01
27.7	116.06
27.71	115.91
27.72	113.49
27.73	114.12
27.74	112.58
27.75	112.01
27.76	111.56
27.77	110.91
27.78	110.67
27.79	111.01
27.8	108.37
27.81	110.32
27.82	110.75
27.83	110.64
27.84	112.21
27.85	113.51
27.86	111.44
27.87	107.31
27.88	107.6
27.89	107.97
27.9	107.23
27.91	107.92
27.92	107.11
27.93	107.63
27.94	108.77
27.95	109.33
28.03	154.79
28.04	152.43
28.05	148.11
28.06	148.18
28.07	144.92
28.08	144.81
28.09	141.79
28.1	137.74
28.11	135.43
28.12	134.02
28.22	138.21
28.23	136.92
28.24	136.09
28.25	136.45
28.26	134.9
28.27	133.84
28.28	132.56
28.29	129.17
28.3	136.5
28.31	137.32
28.32	134.55
28.33	130.75
28.34	126.74
28.35	127.73
28.36	130.67
28.37	135
28.38	124.74
28.39	123.54
28.4	114.68
28.41	112.92
28.42	110.75
28.43	110.95
28.44	110.37
28.45	110.56
28.46	110.63
28.47	110.48
28.48	109.63
28.49	109.95
28.5	110.4
28.51	110.97
28.52	108.45
28.53	110.68
28.54	111.68
28.58	105.23
28.59	104.75
28.6	103.4
28.61	102.76
28.62	102.11
28.63	101.48
28.64	101.06
28.65	102.32
28.66	102.37
28.67	101.28
28.68	100.37
28.69	101.02
28.74	102.79
28.75	101.66
28.76	102.94
28.77	115.36
28.78	128.78
28.79	125.68
28.8	134.04
28.81	143.34
28.82	142.1
28.83	136.91
28.84	142.85
28.85	133.58
28.94	93
28.95	92.46
28.96	91.31
28.97	90.28
29.13	111.2
29.14	111.18
29.15	113.09
29.16	112.57
29.17	112.56
29.18	113.81
29.19	114.85
29.2	115.48
29.21	116.25
29.22	115.36
29.23	115.23
29.24	115.31
29.25	116.69
29.26	114.97
29.27	114.54
29.28	114.07
29.29	118.39
29.96	137.06
29.97	134.89
29.98	138.17
29.99	138.62
30	138.74
30.01	139.7
30.02	141.15
30.03	141.31
30.04	141.8
30.05	148.12
30.06	158.78
30.07	161.81
30.08	169.03
30.09	179.86
30.1	172.93
30.11	187.7
30.12	185.77
30.13	185.02
30.14	184.47
30.15	177.31
30.16	167.77
30.17	169.29
30.18	154.29
30.19	159.39
30.55	126.45
30.56	125.64
30.57	125.06
30.58	124.22
30.59	123.18
30.6	120.46
30.61	120.84
30.62	121.38
30.63	122.91
30.64	126.83
30.65	116.87
30.67	221.79
30.68	232.07
30.69	232.91
30.7	230.84
30.71	228.58
31.18	107.22
31.19	107.8
31.2	108.03
31.21	110.72
31.22	113.49
31.23	115.21
31.24	115.72
31.25	117.77
31.26	118.75
31.27	121.72
31.28	123.66
31.29	125.01
31.3	126.12
31.31	126.1
31.32	126.58
31.33	127.29
31.34	127.57
31.35	127.48
31.36	127.61
31.37	124.95
31.38	123.68
31.39	125.49
31.4	125.36
31.41	128.25
31.42	138.32
31.43	139.37
31.44	139.9
31.45	138.95
31.46	136.39
31.47	133.22
31.48	130.67
31.49	128.5
31.5	126.36
31.51	111.69
31.52	110.26
31.55	110.38
31.56	104.88
31.57	107.47
31.58	107.35
31.59	133.22
31.6	104.87
31.61	102.34
31.62	102.63
31.63	99.66
31.64	99.21
31.65	99.25
31.66	98.51
31.7	104.75
31.71	106.73
31.72	107.94
31.73	108.6
31.74	108.85
31.75	108.62
31.76	109.27
31.77	109.76
31.78	109.34
31.79	109.49
31.8	109.58
31.81	109.01
31.82	107.1
31.83	106.83
31.84	106.74
31.85	106.65
31.86	105.84
31.87	105.94
31.88	106.38
31.89	104.89
31.9	104.02
31.91	103.37
31.92	103.53
31.93	103.03
31.94	101.96
31.95	101.07
31.96	101.56
31.97	101.4
31.98	102.41
31.99	102.69
32	100.85
32.55	109.46
32.56	109.23
32.57	109.23
32.58	109.4
32.59	108.37
32.6	107.6
32.61	108.83
32.62	110.84
32.77	141.68
32.78	142
32.79	140.73
32.8	137.42
32.81	135.33
32.82	135.89
32.83	135.46
32.91	119.05
32.92	118.09
32.93	118.48
32.94	118.03
32.95	118.35
32.96	118.46
32.97	117.45
32.98	116.38
32.99	114.58
33	111.68
33.01	109.89
33.02	111.75
33.03	111.61
33.04	110.99
33.05	110.99
33.06	112.24
33.07	112.56
33.11	227.93
33.12	222.39
