time	f0
0.295	187.16
0.305	185.41
0.315	188.81
0.325	191.6
0.335	188.78
0.405	167.24
0.415	169.65
0.425	165.62
0.435	162.65
0.445	162.58
0.455	153.32
0.465	161.15
0.475	151.3
1.155	171.03
1.165	167.49
1.175	165.21
1.185	157.96
1.195	151.78
1.205	139.62
1.655	218.24
1.665	207.69
1.675	206.61
1.685	205.12
1.695	204.74
1.705	204.55
1.715	207.43
1.725	205.3
1.735	200.92
1.745	197.95
1.755	193.21
1.765	195.01
1.775	198.01
1.785	194.61
1.795	205.86
1.805	203.84
1.815	202.52
1.825	198.93
1.835	196.75
1.875	203.37
1.885	198.09
2.565	168.92
2.575	175.09
2.585	182.3
2.595	179.21
2.605	174.79
2.615	172.86
2.625	172.24
2.635	170.22
2.645	165.89
2.655	160.38
2.665	159.43
2.675	158.45
2.685	160.1
2.695	156.47
2.705	155.23
2.715	155.02
2.725	152.82
2.735	150.48
2.745	151.55
2.755	150.37
2.765	146.67
2.775	146.44
2.785	151.68
2.795	147.13
2.805	150.51
2.815	153.01
2.945	191.82
2.955	195.02
2.965	195.25
2.975	199.05
2.985	196.27
2.995	196.7
3.005	196.42
3.015	195.88
3.025	194.93
3.035	196.71
3.085	195.51
3.095	223.28
3.105	191.91
3.115	186.79
3.125	185.81
3.135	193.26
3.145	177.55
3.155	177.58
3.165	187.31
3.175	118.45
3.195	187.89
3.205	188.33
3.215	193.72
3.225	186.67
3.235	198.2
3.245	197.16
3.255	194.21
3.265	194.8
3.275	194.43
3.285	192.49
3.295	190.68
3.305	189.34
3.315	191.11
3.325	191.51
3.335	193.06
3.345	192.95
3.355	189.38
3.365	190.13
3.375	188.79
3.385	186.55
3.395	180.46
3.405	177.28
3.415	172.5
3.425	162.47
3.435	167.19
3.445	163.02
3.455	153.13
3.465	159.1
3.475	163.03
3.485	163.59
3.625	220.19
3.635	216.7
3.645	216.02
3.655	213.75
3.665	210.35
3.675	207.84
3.685	200.99
3.695	201.78
3.705	196.72
3.715	195.25
3.725	190.72
3.735	186.67
3.745	182.77
3.755	185.01
3.765	190.02
3.775	183.46
3.785	169.6
3.795	166.17
3.805	160.06
3.815	165.52
3.825	166.05
3.835	165.69
3.845	167.11
3.855	168.08
3.865	161.03
3.875	157.3
3.885	163.62
3.895	159.08
3.905	168.75
3.915	183.54
3.925	191.81
3.935	191.8
3.945	191.93
3.955	194.07
3.965	195.19
3.975	201.35
3.985	202.97
3.995	204.91
4.005	208.38
4.015	211.6
4.025	213.13
4.035	224.91
4.045	244.01
4.055	241.96
4.065	248.87
4.075	250.3
4.085	259.22
4.095	258.98
4.105	252.53
4.115	253.37
4.125	251.62
4.135	249.9
4.145	245.42
4.155	234.44
4.165	236.61
4.175	246.04
4.185	243.28
4.195	240.65
4.205	234.73
4.215	240.95
4.635	186.14
4.645	185.04
4.655	182.38
4.665	173.11
4.785	188.56
4.795	181.41
4.805	183.41
4.815	185.67
4.825	186.81
4.835	190.65
4.845	187.83
4.855	185.55
4.865	182.64
4.875	183.16
4.885	183.26
4.895	188.74
4.905	183.46
4.915	186.52
4.925	186.24
4.935	186.12
4.945	184.53
4.955	184.12
4.965	184.5
4.975	185.23
4.985	193.29
5.005	185.83
5.015	183.43
5.025	185.32
5.035	137.45
5.145	208.45
5.155	199.02
5.165	203.63
5.175	197.96
5.185	193.97
5.195	192.36
5.205	197.63
5.215	199.66
5.225	204.08
5.235	198.27
5.245	199.46
5.255	196.94
5.265	190.03
5.275	182.35
5.285	165.19
5.395	118.02
5.405	130.06
5.415	117.6
5.425	149.11
5.435	148.18
5.445	148.22
5.455	147.66
5.465	151.48
5.475	160.15
5.485	165.19
5.495	157.59
5.505	154.61
5.515	170.82
5.525	165.39
5.535	181.66
5.545	168.01
5.555	171.97
5.565	166.94
5.575	168.75
5.585	171.1
5.595	172.72
5.605	177.43
5.615	175.72
5.625	175.19
5.635	176.28
5.645	177.41
5.655	177.32
5.665	173.59
5.675	175.91
5.685	174.85
5.695	175.25
5.705	177.66
5.805	180.79
5.815	190.25
5.825	187.67
5.835	187.37
5.845	185.93
5.855	182.53
5.865	181.57
5.875	179.77
5.885	181.53
5.895	181.52
5.905	180.1
5.915	180.65
5.925	170.32
5.935	170.9
5.945	169.1
5.955	169.16
5.965	166.3
5.975	164.25
5.985	163.11
5.995	162.43
6.005	163.59
6.015	163.04
6.025	162.28
6.055	165.72
6.065	164.79
6.075	162.31
6.085	162.32
6.095	161.26
6.105	161.94
6.855	196.11
6.865	181.98
6.875	176.36
6.885	179.4
6.895	180.2
6.905	176.07
6.915	163.19
6.975	187.69
6.985	168.75
6.995	182.42
7.085	224.48
7.095	222.52
7.105	190.53
7.115	199.18
7.125	181.65
7.135	179.33
7.145	177.47
7.155	179.17
7.165	176.82
7.175	175.08
7.185	170.02
7.195	171.56
7.205	174.95
7.215	175.91
7.225	180.31
7.235	182.49
7.245	174.93
7.255	175.1
7.265	172.84
7.275	175.51
7.285	178.82
7.295	175.82
7.305	177.41
7.315	177.51
7.325	177.87
7.335	179.21
7.355	175.64
7.365	176.72
7.375	167.76
7.385	165.95
7.395	167.37
7.405	165.89
7.415	169.54
7.425	150.46
7.435	166.33
7.445	173.44
7.455	172.85
7.465	178.91
7.675	170.25
7.685	183.92
7.695	190.28
7.705	194.24
7.715	191.66
7.725	191.3
7.735	187.58
7.745	185.13
7.755	182.71
7.765	193.5
7.775	192.85
7.785	191.46
7.795	189
7.885	155.9
7.895	154.29
7.905	159.5
7.915	166.36
7.925	170.16
7.955	118.1
7.965	118.26
7.975	121.25
7.985	121.04
8.335	195.41
8.345	190.89
8.355	187.59
8.365	184.98
8.375	184.37
8.385	173.68
8.395	185.28
8.405	190.04
8.495	217.23
8.505	206.86
8.515	205.58
8.525	207.22
8.535	208.83
8.545	209.01
8.555	208.43
8.565	207.91
8.575	205.42
8.585	198.17
8.595	193.65
8.605	187.23
8.615	187.77
8.625	177.57
8.635	173.73
8.645	167.78
8.655	194.48
8.665	194.86
8.675	154.28
8.745	154.54
8.755	149.76
9.575	212.01
9.585	204.1
9.595	201.49
9.605	205.39
9.615	204.3
9.625	201.26
9.635	200.8
9.645	197.23
9.655	195.27
9.665	197.33
9.675	204.01
9.685	203.8
9.695	203.31
9.705	202.87
9.715	200.1
9.725	204.98
9.735	201.51
9.745	200.88
9.755	195.39
9.765	198.02
9.775	200.45
10.025	183.24
10.035	181.17
10.045	180.18
10.055	179.2
10.065	178.43
10.075	177.65
10.085	176.62
10.095	175.12
10.105	174.09
10.115	172.4
10.125	171.1
10.135	171.15
10.145	168.1
10.155	166.97
10.165	168.45
10.175	170.87
10.185	172.36
10.195	173.02
10.205	175.24
10.215	176.34
10.225	176.13
10.235	175.31
10.245	174.62
10.255	172.59
10.265	177.15
10.275	174.82
10.285	171.29
10.295	174.03
10.675	188.5
10.685	180.24
10.695	176.99
10.705	174.1
10.715	172.73
10.725	172.14
10.795	148.71
10.805	143.48
10.815	141.55
10.825	142.46
10.835	144.16
10.845	141.45
10.855	147.93
10.865	144.46
10.875	142.79
10.885	143.43
10.945	177.66
10.955	186.87
10.965	187.46
10.975	183.29
10.985	183.4
10.995	195.2
11.095	196.06
11.105	189.05
11.115	187.45
11.125	188.02
11.135	188.73
11.145	188.99
11.155	190.02
11.165	189.56
11.175	189.55
11.185	187.81
11.195	187.69
11.205	187.23
11.215	187.51
11.225	188.31
11.235	186.51
11.245	186.09
11.255	159.18
11.265	158.7
11.275	157.45
11.285	157.33
11.295	157.26
11.305	159
11.315	157.89
11.325	153.78
11.335	152.46
11.345	152.4
11.355	140.32
11.375	154.75
11.385	146.78
11.395	150.83
11.405	144.61
11.415	141.15
11.425	147.05
11.435	149.53
11.445	147.45
11.455	149.02
11.465	150.24
11.475	153.55
11.485	154.71
11.495	157.05
11.505	155.37
11.515	157.87
11.525	163.26
11.535	157.55
11.545	156.7
11.555	154.57
11.565	153.44
11.575	152.12
11.585	150.77
11.595	149.86
11.605	148.94
11.615	149.92
11.625	150.6
11.635	149.19
11.645	147.5
11.655	148.49
11.665	152.65
11.825	123.3
11.835	121.87
11.935	186.44
11.945	181.97
11.955	178.18
11.965	175.55
11.975	176.65
11.985	177.4
11.995	183.71
12.005	178.41
12.015	179.5
12.025	179.98
12.035	182.43
12.045	185.01
12.055	183.02
12.065	181.28
12.075	181.09
12.085	183.57
12.095	185.19
12.105	190.06
12.115	196.61
12.125	191.94
12.135	192.23
12.145	195.31
12.155	200.83
12.165	198.55
12.175	199.52
12.185	198.81
12.195	194.49
12.205	192.66
12.215	189.13
12.225	182.54
12.235	178.48
12.245	174.9
12.255	127.95
12.265	123.57
12.275	153.97
12.325	149.18
12.335	147.94
12.345	142.74
12.355	139.93
12.395	117.7
12.405	148.43
12.415	150.6
12.425	149.76
12.435	147.99
12.445	148.64
12.455	148.22
12.465	146.54
12.475	145.46
12.485	144.74
12.495	142.65
12.505	143.08
12.515	142.47
12.525	144.49
12.535	144.83
12.545	151.72
12.585	173.18
12.595	169.53
12.605	166.43
12.615	163.94
12.725	168.21
12.735	159.13
12.745	155.46
12.755	149.17
12.765	151.23
12.775	150.32
12.785	150.57
12.795	151.92
12.805	151.01
12.815	150.27
12.825	152.69
12.835	151.87
12.845	152.77
12.855	153.67
12.865	152.5
12.875	152.36
12.885	149.68
12.895	149.18
12.905	150.35
13.145	184.5
13.155	151.47
13.165	167.4
13.175	164.54
13.185	148.54
13.195	151.33
13.205	141.95
13.215	152.03
13.225	149.63
13.235	153.04
13.245	148.82
13.255	149.61
13.265	149.58
13.275	149.34
13.285	150.59
13.295	150.97
13.305	150.72
13.425	154.28
13.435	139.44
13.445	139.6
13.455	151.9
13.465	124.18
13.475	150.91
13.485	151.56
13.495	148.78
13.505	151.13
13.515	162.77
13.525	163.87
13.535	162.89
13.545	163.88
13.555	163.91
13.565	162.09
13.575	161.78
13.585	164.41
13.595	163.62
13.605	161.33
13.615	159.63
13.625	160.4
13.635	164.86
13.645	162.47
13.655	164.33
13.665	165.35
13.725	169.39
13.735	166.95
13.745	167.96
13.755	166.97
13.765	166.43
13.775	165.13
13.785	164.8
13.795	167.17
13.805	170.21
13.815	168.11
13.825	166.38
13.835	166.61
13.845	168.89
13.855	169.16
13.865	165.74
13.875	165.8
13.885	167.34
13.895	170.26
13.905	168.15
14.195	182.32
14.205	188.43
14.215	187.47
14.225	186.91
14.235	183.58
14.245	180.86
14.255	176.58
14.265	179.51
14.275	178.7
14.305	150.56
14.315	153
14.325	157.48
14.335	160.3
14.345	159.76
14.355	159.47
14.365	158.76
14.375	158.43
14.385	158.01
14.395	157.03
14.405	156.54
14.415	155.27
14.425	153.98
14.435	153.45
14.445	152.38
14.455	152.91
14.465	153.98
14.475	158.04
14.485	155.48
14.495	154.72
14.505	155.11
14.615	151.43
14.625	151.55
14.635	149.68
14.645	149.51
14.655	149.07
14.665	154.33
14.675	157.07
14.685	161.93
14.695	167.82
14.705	173.01
14.715	176.78
14.725	178.36
14.735	180.99
14.745	181.11
14.755	179.88
14.765	180.12
14.775	179.7
14.785	177.25
14.795	172.99
14.805	174.5
14.815	173.82
14.825	181.14
14.835	179.25
14.845	178.72
14.855	178.67
14.865	177.8
14.875	178.6
14.885	181.24
14.925	190.84
14.935	193.18
14.945	194.65
14.955	191.74
14.965	189.66
14.975	184.95
14.985	184.68
14.995	181.29
15.005	184.68
15.015	187.99
15.025	188.02
15.035	184.54
15.045	181.63
15.055	183.7
15.065	191.26
15.075	186.37
15.085	185.8
15.385	176.08
15.395	180.57
15.405	181.96
15.415	180.61
15.425	180.4
15.435	177.67
15.445	178.72
15.455	177.64
15.465	175.13
15.475	171.57
15.645	185.84
15.655	186.39
15.665	191.32
15.675	188.61
15.685	188.31
15.695	183.79
15.705	179.93
15.715	177.34
15.725	177.02
15.735	171.16
15.885	190.54
15.895	195.58
15.905	194.59
15.915	192.33
15.925	188.99
15.935	187.18
15.945	185.91
15.955	184.45
15.965	182.91
15.975	182.93
15.985	186.12
15.995	183.74
16.005	184.5
16.015	183.81
16.025	183.27
16.035	182.84
16.045	181.38
16.055	176.55
16.065	178.87
16.075	180.22
16.085	178.72
16.095	182.26
16.125	173.37
16.135	168
16.145	165.57
17.285	293.76
17.295	290.25
17.335	191.88
17.345	177.1
17.355	164.38
17.365	160.92
17.375	159.49
17.385	158.67
17.395	158.03
17.645	170.97
17.655	138.35
17.665	137.33
17.675	140.51
17.685	145.01
17.695	157.9
17.705	163.52
17.715	137.6
17.725	142.3
17.735	141.27
17.745	147.99
17.755	147.4
17.765	147.08
17.895	196.49
17.905	191.59
17.915	187.26
17.925	189.2
17.935	189.53
17.945	189.73
17.955	191.61
17.965	192.64
17.975	192
17.985	191.61
17.995	189.06
18.005	188.56
18.015	192.25
18.025	192.17
18.035	191.5
18.045	190.28
18.055	190.52
18.065	190.19
18.075	193.23
18.085	192.56
18.095	190.87
18.105	193
18.145	194.57
18.155	190.58
18.165	191.92
18.175	192.08
18.185	190.32
18.195	190.5
18.205	190.1
18.215	186.82
18.225	191.41
18.235	193.89
18.245	189.86
18.255	189.87
18.265	188.86
18.315	188.46
18.325	189.1
18.335	172.52
18.345	168.09
18.355	165.97
18.365	164.6
18.375	165.39
18.385	173.83
18.395	168.14
18.405	178.43
18.415	179.3
18.425	177.79
18.435	178.97
18.445	174.98
18.455	173.42
18.465	176.18
18.655	254.2
18.665	249.04
18.675	254.32
18.685	259.5
18.695	268.86
18.705	271.87
18.715	274.5
18.725	272.92
18.735	271.6
18.745	272.8
18.755	277.96
18.765	275.8
18.775	279.94
18.785	276.67
18.795	273.62
18.805	272.98
18.815	258.64
18.825	276.3
19.445	164.18
19.455	165.6
19.465	169.1
19.475	166.91
19.485	164.17
19.495	158.52
19.505	159.75
19.515	160.18
19.525	160.64
19.535	160.33
19.545	160.98
19.555	161.48
19.565	160.6
19.575	158.41
19.585	148.73
19.595	156.38
19.605	157.34
19.615	156.12
19.625	151.26
19.635	155.43
19.645	154.29
19.655	162.79
19.665	183.15
19.705	169.71
19.715	170.1
19.725	160.18
19.735	166.92
19.745	157.99
19.755	157.62
19.765	156.61
19.775	152.97
19.785	158.21
19.795	156.38
19.805	155.53
19.815	154.84
19.825	156.15
19.835	158.81
19.845	159.71
20.005	191.35
20.015	188.18
20.025	186.11
20.035	190.11
20.045	193.63
20.055	196.81
20.065	200.07
20.075	205.88
20.085	209.74
20.095	214.08
20.105	216.82
20.115	220.09
20.125	222.24
20.135	222.11
20.145	224.82
20.155	225.23
20.165	228.36
20.175	225.69
20.185	228.04
20.195	227.24
20.205	226.21
20.215	221.93
20.225	219.28
20.235	211.78
20.245	209.87
20.255	208.81
20.265	202.03
20.275	188
20.515	194.7
20.525	183.09
20.535	166.42
20.545	153.69
20.555	145.57
20.565	143.8
20.575	142.37
20.585	141.7
20.595	157.98
20.605	148.35
20.615	156.72
20.625	156.3
20.635	153.78
20.645	145.9
20.655	153.58
20.665	150.14
20.675	159.2
20.685	155.92
20.695	156.39
20.705	155.01
20.715	151.81
20.735	188.31
20.745	188.54
20.755	185.91
20.765	188.41
20.775	188.76
20.785	185.72
20.795	178.32
20.805	174.98
20.815	174.49
20.825	172.6
20.835	177.49
20.845	196.37
20.855	184.27
20.865	182.73
20.875	181.54
20.885	178.83
20.895	183.7
20.905	183.99
20.935	182.83
20.945	179.88
20.955	177.98
20.965	177.71
20.975	175.56
20.985	180.18
20.995	176.82
21.005	175.16
21.015	173.31
21.025	175.13
21.035	169.73
21.045	176.34
21.055	176.63
21.165	205.09
21.175	208.17
21.185	205.82
21.195	205.61
21.205	202.87
21.215	199.03
21.225	194.03
21.235	192.1
21.245	192.61
21.255	193.91
21.265	192.09
21.275	187.64
21.285	193.76
21.295	192.53
21.305	194.85
21.315	193.2
21.325	191.46
21.335	193.1
21.345	193.06
21.355	194.19
21.365	194.64
21.375	194.49
21.385	193.8
21.395	194.35
21.405	193.58
21.415	196.1
21.455	221.69
21.465	221.83
21.475	229.82
21.485	220.21
21.495	215.45
21.605	171.23
21.615	169.79
21.625	167.89
21.635	166.85
21.645	168.53
21.655	165.41
21.665	165.46
21.675	146.82
21.685	168.65
21.695	168.55
21.785	254.46
21.795	250.88
21.805	253.19
21.815	252.84
21.825	255.08
21.835	253.3
21.845	249.03
21.855	242.68
21.865	241.09
21.875	249.71
21.935	128.13
21.945	123.68
21.955	170.08
21.965	164.24
22.015	165.62
22.025	176.53
22.035	171.94
22.045	178.7
22.265	224.67
22.275	227.66
22.285	226.21
22.295	225.71
22.305	225.13
22.315	221.03
22.325	213.73
22.335	208.13
22.345	219.24
22.355	214.21
22.365	211.49
22.375	221.01
22.485	199.17
22.495	206.29
22.505	197.62
22.515	194.43
22.525	190.33
22.535	189.76
22.545	196.83
22.555	204.08
22.565	203.58
22.575	199.37
22.685	171.74
22.695	171.18
22.705	171.2
22.715	171.15
22.725	172.56
22.735	176.09
22.745	175.06
22.755	173.49
22.765	173.68
22.775	177.36
22.795	182.74
23.535	178.08
23.545	162.67
23.555	168.44
23.565	176.62
23.575	173.83
23.585	173.81
23.595	172.4
23.605	168.16
23.615	163.55
23.625	165.02
23.635	167.18
23.645	164.64
23.655	164.2
23.665	165.31
23.675	164.54
23.685	162.11
23.695	162.96
23.705	165.45
23.805	176.33
23.815	170.85
23.825	171.33
23.835	168.73
23.845	167.11
23.855	170.86
23.865	168.76
23.875	169.59
23.885	170.9
23.895	169.65
24.085	304.14
24.095	316.39
24.105	318.5
24.115	319.59
24.125	318.33
24.135	318.08
24.145	305.96
24.155	297.94
24.165	291.3
24.175	281.5
24.185	284.39
24.195	278
24.205	219.38
24.215	209.83
24.225	201.92
24.235	191.5
24.245	189.17
24.255	132.72
24.265	197.38
24.275	210.75
24.285	205.01
24.295	133.66
24.365	156.25
24.375	158.15
24.385	158.21
24.395	157.87
24.405	155.05
24.415	154.58
24.425	152.4
24.435	152.47
24.445	155.22
24.455	154.84
24.465	155.31
24.475	157.25
24.485	159.46
24.495	160.52
24.505	160.94
24.515	169.81
24.525	168.81
24.535	164.76
24.545	164.84
24.555	163.44
24.565	162.23
24.575	157.39
24.585	158.73
24.595	165.14
25.835	160.44
25.845	153.62
25.855	158.38
25.865	158.75
25.875	160.24
25.885	163.39
25.895	160.71
25.905	158.93
25.915	158.42
25.925	157.98
25.935	156.77
25.945	157.57
25.955	158.71
25.965	158.96
25.975	158.47
25.985	160.07
25.995	151.54
26.005	158.26
26.015	160.56
26.025	158.55
26.035	157.29
26.045	154.82
26.055	154.88
26.065	157.99
28.095	161.42
28.105	158.58
28.115	151.6
28.125	150.18
28.135	148.86
28.275	175.36
28.285	170.37
28.295	170.16
28.305	168.96
28.315	169.41
28.325	170.34
28.335	168.94
28.345	164.29
28.355	170.49
28.365	164.05
28.375	165.96
28.385	166.31
28.395	161.97
28.405	178.5
28.415	179.6
28.425	180.35
28.435	179.36
28.445	176.62
28.455	174.26
28.465	175.13
28.475	157.8
28.485	157.43
28.495	158.02
28.505	160.43
28.515	168.13
28.525	173.19
28.535	171.88
28.545	174.08
28.555	184.06
28.565	182.32
28.575	180.57
28.585	180.83
28.595	181.69
28.605	185.47
28.615	188.03
28.625	183.84
28.635	185.23
28.645	181.57
28.655	186.45
28.665	186.93
28.675	189.92
28.685	193.08
28.695	186.25
28.705	182.71
28.715	179.62
28.725	175.63
28.735	171
28.745	169.47
28.755	166.96
28.765	165.4
28.775	164.33
28.785	168.22
28.795	164.56
28.805	170.8
28.815	166.14
28.825	166.35
28.835	165.33
28.845	171.45
28.855	169.92
28.885	162.82
28.895	161.1
28.905	158.78
28.915	155.2
28.925	158.94
28.935	159.89
28.945	156.62
28.955	158.69
28.965	157.65
28.975	155.55
28.985	156.82
28.995	159.8
29.005	158.78
29.015	156.3
29.025	158.04
29.195	193.72
29.205	194.36
29.215	199.41
29.225	200.89
29.235	198.67
29.245	196.13
29.255	197.84
29.265	193.64
29.275	198.62
29.285	198.12
29.295	198.73
29.305	196.88
29.315	197.93
29.325	199.91
29.335	202.02
29.345	196.31
29.385	178.79
29.395	172.36
29.405	173.42
29.415	161.81
29.425	145.19
29.435	155.08
29.725	159.98
29.735	160.58
29.745	145.74
29.755	154.54
29.765	150.49
29.775	147.92
29.785	138.99
29.865	164.58
29.875	162.43
29.885	169.39
29.895	168.95
29.905	164.44
29.915	165.36
29.925	157.99
29.935	154.02
29.945	154.54
29.955	157.05
30.285	114.19
30.355	188.03
30.365	175.65
30.375	173.68
30.385	172.15
30.395	165.96
30.405	167.36
30.415	155.4
30.425	161.92
30.435	157.23
30.445	159.37
30.455	162.94
30.465	169.11
30.475	178.33
30.485	190.77
30.495	191.88
30.505	191.19
30.515	190.62
30.525	191.47
30.535	192.02
30.545	194.23
30.555	190.97
30.565	190.86
30.575	190.97
30.585	191.25
30.595	191.05
30.605	188.23
30.615	187.65
30.625	184.85
30.635	190.6
30.645	192.69
30.655	191.68
30.665	188.96
30.675	188.27
30.685	193.81
30.695	193.1
30.705	186.03
30.715	186.24
30.725	190.79
30.795	198.66
30.805	195.25
30.815	195.41
30.825	195.01
30.835	194.54
30.845	193.2
30.855	190.3
30.865	185.77
30.875	184.39
30.885	157.69
30.895	151.5
30.905	148.29
30.915	151.11
30.925	192.92
30.935	195.57
30.945	191
30.965	171.54
30.975	181.93
30.985	188.72
30.995	178.5
31.005	176.77
31.015	177.09
31.025	177.56
31.035	172.98
31.045	178.05
31.055	173.83
31.065	174.53
31.075	176.53
31.085	178.04
31.095	177.91
31.105	173.03
31.115	170.34
31.165	175.62
31.175	173.44
31.185	202.25
31.195	207.54
31.205	207.08
31.215	201.08
31.225	202.71
31.235	205.29
31.245	208.98
31.255	210.01
31.265	208.42
31.275	210.11
31.285	209.95
31.295	207.37
31.305	202.87
31.315	202.93
31.325	205.87
31.335	212.22
31.345	213.42
31.355	205.74
31.365	202.29
31.375	204.31
31.385	204.92
31.415	205.67
31.425	205.18
31.895	181.89
31.905	183.68
31.915	177.37
31.925	182.45
31.935	177.46
31.945	183.56
31.955	180.39
31.965	180.26
31.975	183.02
31.985	183
31.995	180.6
32.005	177.74
32.015	174.12
32.025	171.57
32.035	167.32
32.045	166.69
32.085	169.97
32.095	169.65
32.105	172.84
32.115	166.88
32.125	154.25
32.135	167.75
32.145	166.18
32.155	166.43
32.165	173.15
32.175	173.7
32.185	177.91
32.195	191.67
32.205	191.32
32.215	189.41
32.225	186.99
32.235	185.49
32.245	182.35
32.255	180.29
32.265	185.54
32.275	138.2
32.285	136.76
32.295	180.54
32.305	184.51
32.315	183.06
32.325	184.68
32.335	175.23
32.345	180.35
32.375	173.45
32.385	166.17
32.395	179.87
32.405	165.96
32.415	156.17
32.425	162.39
32.435	160.83
32.445	163.74
32.455	163.8
32.465	162.08
32.475	160.81
32.485	157.99
32.495	157.44
32.505	155.5
32.515	155.08
32.525	159.63
32.535	164.86
32.545	162.11
32.555	159.45
32.565	159.33
32.575	160.07
32.585	158.79
32.595	165.35
32.645	152.39
32.655	149.44
32.665	146.96
32.675	144.55
32.685	146.04
32.695	147.41
32.705	146.93
32.715	147.39
32.725	146.79
32.735	146
32.745	147.01
32.755	145.13
32.765	143.68
32.775	141.47
32.785	140.81
32.795	140.5
32.805	141.22
32.815	142.94
33.855	148.42
33.865	124.26
33.875	133.49
33.885	131.55
33.895	137.54
34.115	158.06
34.125	156.4
34.135	156.7
34.145	156.15
34.155	152.5
34.165	152.86
34.175	147.76
34.185	149.72
34.195	150.79
34.915	143.86
34.925	146.09
34.935	145.74
34.945	144.55
34.955	145.17
34.965	144.06
34.975	142.81
34.985	138.12
34.995	138.05
35.005	137.44
35.015	137.39
35.025	136.93
35.035	136.76
35.045	136.28
35.055	135.93
35.065	135.66
35.075	135.31
35.085	134.52
35.095	136
35.105	135.88
35.115	135.24
35.125	136.86
35.135	137.86
35.145	136.9
35.155	136.18
35.165	136.36
35.175	136.43
35.185	136.4
35.195	136.14
35.205	136.01
35.215	133.95
35.225	135.01
35.235	136.9
35.245	134.43
35.255	135.1
35.265	135.14
35.275	135.35
35.285	135.96
35.295	136.34
35.605	307.94
35.615	301.21
35.625	306.05
35.995	142.67
36.005	148.53
36.015	144.83
36.025	144.92
36.035	146.71
36.045	143.3
36.055	145.23
36.115	130.89
36.125	135.28
36.135	123.3
36.145	134.04
36.155	121.26
36.175	199.64
36.185	197.33
36.285	194.36
36.295	190.8
36.305	186.17
36.315	180.46
36.565	248.79
36.575	252.43
36.635	135.97
36.645	141.39
36.655	139.04
36.665	140.3
36.675	140.6
36.685	141.88
36.695	142.79
36.705	143.29
36.715	142.69
36.725	141.64
36.735	141.26
36.745	141.83
36.755	141.44
36.765	139.36
36.775	127.85
36.785	133.75
36.795	129.51
36.805	131.55
36.815	140.08
36.825	148.52
36.835	142.56
36.845	142.13
36.855	142.55
36.865	142.25
36.875	141.57
36.885	140.37
36.895	140.19
36.905	137.69
36.935	141.62
36.945	140.98
36.955	142.11
36.965	141.96
36.975	141.68
36.985	141.3
36.995	142.61
37.005	144.11
37.015	143.99
37.025	144.11
37.035	145.05
37.045	142.97
37.055	143.08
37.065	142.58
37.075	142.16
37.085	142.21
37.095	142.04
37.105	140.68
37.145	127.68
37.155	131.61
37.165	130.81
37.175	174.96
37.185	120.5
37.195	139.02
37.235	125.57
37.245	124.34
37.255	126.94
37.305	151.25
37.315	150.74
37.325	154.15
37.335	154.37
37.345	144.62
37.525	186.48
37.535	180.78
37.545	174.57
37.555	170.13
37.675	131.89
37.685	131.72
37.695	114.43
37.865	198.01
37.875	205.25
37.885	204.17
37.895	226.3
37.905	158.37
37.915	146.11
37.925	159.57
37.935	155.99
37.945	159.84
37.955	163.97
37.965	165.86
37.975	169.61
37.985	170.55
37.995	177.88
38.005	178.96
38.015	176.78
38.025	177.32
38.035	178.86
38.045	177.54
38.055	177.4
38.065	176.8
38.075	175.52
38.085	172.48
38.095	171.53
38.105	176.81
38.115	175.93
38.125	181.31
38.135	189.37
38.145	114.9
38.155	118.26
38.165	115.11
38.185	182.81
38.195	173.86
38.205	184.41
38.215	175.98
38.225	171.13
38.235	180.37
38.475	164.47
38.485	159.44
38.495	160.31
38.505	155.65
38.515	154.44
38.525	149.53
38.535	156.3
38.545	159.66
38.555	158.72
38.565	159.37
38.575	160.55
38.585	162.71
38.595	173.46
38.605	165.13
38.615	151.75
38.625	157.67
38.635	148.93
38.715	154.61
38.725	154.6
38.735	149.09
38.745	151.43
38.755	149.53
38.765	148.97
38.775	152.04
38.785	148.71
39.075	170.86
39.085	167.71
39.095	163.19
39.105	167.56
39.115	167.39
39.125	166.28
39.135	162.5
39.145	160.52
39.155	164.69
39.165	143.2
39.175	154.14
39.185	155.11
39.195	158.48
39.205	150.83
39.215	150.11
39.225	150.13
39.235	150.64
39.245	152.14
39.255	148.7
39.265	145.8
39.275	146.28
39.285	146.27
39.295	144.58
39.305	142.25
39.315	143.79
39.325	142.09
39.335	144.66
39.385	155.34
39.395	151.4
39.405	152.53
39.415	151.98
39.425	151.52
39.435	151.75
39.445	150.51
39.455	145.95
39.465	152.76
39.475	149.84
39.485	151.53
39.495	151.77
39.505	151.76
39.515	151.71
39.525	151.13
39.535	152.48
39.545	153.9
39.555	152.06
39.565	152.99
39.575	152.2
39.585	150.57
39.595	152.6
40.505	116.46
40.525	143.52
40.535	143.33
40.545	148.11
40.555	153.07
40.675	224.79
40.685	197.61
40.695	187.72
40.705	189.58
40.715	190.12
40.725	186.48
40.735	188.23
40.745	190.5
40.755	191.89
40.765	192.79
40.775	194.62
40.785	197.01
40.795	198.77
40.805	200.58
40.815	199.61
40.825	198.21
40.835	196.78
40.845	196.14
40.855	197.57
40.865	197.42
40.875	196.65
40.885	194.33
40.895	190.32
40.905	188.39
40.915	190.93
40.925	191.77
40.935	189.88
40.945	185.92
40.955	185.11
40.965	180.12
40.975	180.89
40.985	179.91
41.025	187
41.035	190.11
41.045	179.5
41.095	171.6
41.105	169.32
41.115	168.07
41.125	166.54
41.135	151.26
41.145	163.4
41.155	170.41
41.885	147.06
41.895	146.68
41.905	144.47
41.915	142.85
41.925	144.59
41.935	144.27
41.945	145.47
41.955	151.52
41.965	148.09
41.975	153.05
41.985	148.4
41.995	152.14
42.005	155.89
42.015	157.26
42.025	156.16
42.035	154.87
42.045	155.46
42.055	155.62
42.065	155.8
42.075	154.42
42.085	153.58
42.095	156.05
42.105	154.01
42.115	152.19
42.125	149.21
42.135	147.22
42.145	145.02
42.155	142.89
42.165	140.48
42.175	141.59
42.185	142.88
42.195	141.68
42.205	143.88
42.215	143.93
42.225	145.59
42.235	148.19
42.245	149.06
42.255	147.93
42.265	147.75
42.275	147.66
42.285	148.25
42.295	150.09
42.305	150.65
42.315	152.03
42.325	146.74
42.335	144.72
42.345	149.46
42.355	149.18
42.365	148.86
42.375	148.1
42.385	145.39
42.395	148.52
42.405	150.78
42.415	149.24
42.845	118.17
42.855	119.09
42.865	148.05
42.875	148.56
42.885	150.85
42.895	152.04
42.905	151.49
42.915	150.03
42.925	150.91
42.935	149.8
42.945	153.08
42.955	152.86
42.965	152.12
42.975	146.8
42.985	146.23
42.995	150.67
43.005	150.69
43.015	154.14
43.025	142.54
43.035	151.17
43.045	115.44
43.055	116.11
43.065	123.04
43.205	148.76
43.215	149.48
43.225	149.05
43.235	147.41
43.245	146.86
43.255	146.32
43.265	147.12
43.275	148.33
43.285	147.42
43.295	147.85
43.305	146.26
43.315	148.61
43.325	147.18
43.335	147.95
43.345	146.57
43.355	148.07
43.365	148.01
43.375	147.68
43.385	145.08
43.435	119.2
43.445	118.15
43.495	142.57
43.505	146.49
43.515	144.76
43.525	144.77
43.535	143.91
43.545	143.06
43.555	143.43
43.655	182.18
43.665	179.3
43.835	128.19
43.845	131.19
43.855	116.48
43.865	124.89
43.875	116.73
43.885	137.24
43.895	138.3
43.905	137.79
43.915	134.77
43.925	129.44
43.935	153.48
43.945	134.09
43.955	132.08
45.905	122.28
45.915	122.47
45.925	121.88
45.935	120.63
47.035	146.98
47.045	146.37
47.055	146.34
47.065	146.28
47.075	145.54
47.085	146.49
47.095	145.85
47.105	145.85
47.115	146.61
47.125	146.98
47.135	149.75
47.145	152.61
47.155	156.92
47.165	161.54
47.175	163.12
47.185	164.41
47.195	162.25
47.205	165.07
47.215	162.47
47.245	150.94
47.255	155.27
47.265	156.44
47.275	148.43
47.285	150.38
47.295	154.83
47.455	170.46
47.465	171.09
47.475	155.47
47.485	154.62
47.495	147.07
47.505	148.02
47.515	145.75
47.525	149.57
47.535	150.94
47.545	151.64
47.555	151.6
47.565	151.48
47.575	154.05
47.585	158.6
47.635	148.92
47.645	203.08
47.655	172.86
47.665	168.89
47.675	164.09
47.685	166.14
47.885	125.23
47.895	123.64
47.905	118.51
47.975	219.65
47.985	219.61
47.995	244.71
48.025	241.22
48.035	245.44
48.045	217.93
48.055	214.99
48.065	211.72
48.075	207.73
48.085	192.63
48.095	191.55
48.105	193.78
48.115	194.2
48.125	200.6
48.135	202.3
48.145	200.04
48.155	203.04
48.165	199.89
48.175	198.76
48.185	211.97
48.195	201.96
48.205	201.47
48.285	216.76
48.295	213.22
48.305	210.2
48.315	194.2
48.325	190.85
48.335	190.06
48.345	192.93
48.355	202.97
48.365	210.74
48.375	201.15
48.385	211.14
48.395	210.96
48.405	205.43
48.485	207.54
48.495	206.96
48.505	193.03
48.515	197.47
48.525	183.74
48.535	198.56
48.545	200.85
48.555	201.64
48.565	189.72
48.575	192.89
48.585	193.67
48.595	191.64
48.605	189.89
48.615	183.16
48.625	173.84
48.635	170.19
48.645	182.29
48.705	159.86
48.715	121.8
48.725	161.58
48.735	161.67
48.745	161.31
48.755	161.41
48.765	161.41
48.775	157.81
48.785	156.34
48.795	158.26
48.805	156.79
48.815	155.26
48.825	155.66
48.835	155.07
48.845	152.85
48.855	153.32
48.865	153.7
48.875	160.26
48.885	157.29
48.895	158.89
48.905	156.94
48.915	156.32
48.925	156.58
48.935	156.94
48.945	155.51
48.955	155.42
48.965	154.76
48.975	155.09
48.985	155.86
48.995	156.72
49.005	156.97
49.015	156.67
49.025	156.63
49.035	156.63
49.045	156.5
49.055	156
49.065	155
49.075	154.1
49.085	154.86
49.095	155.89
49.155	205.37
49.165	194.27
49.175	156.74
49.185	151.96
49.195	157.07
49.205	133.39
49.215	135.99
49.225	129.52
49.235	132.4
49.245	135.98
49.325	154.48
49.335	129.18
49.345	134.88
49.355	137.43
49.365	152.15
49.395	147.48
49.405	155.24
49.415	155.41
49.425	155.23
49.435	152.39
49.445	154.54
49.455	155.81
49.465	150.32
49.525	155.85
49.535	154.47
49.575	297.3
49.595	174.35
49.605	156.15
49.615	163.19
49.625	167.18
49.635	164.07
49.645	163.26
49.655	169.18
49.665	166.85
49.675	163.36
49.685	163.46
49.695	170.93
49.705	170.88
49.715	169.55
49.795	304.72
49.805	298.69
49.815	301.48
49.825	327.49
49.835	317.82
49.845	320.92
49.855	307.8
49.935	159.11
49.945	153.72
49.955	155.61
50.075	178.54
50.085	175.94
50.095	168.71
50.105	173.35
50.115	165.94
50.125	160.58
50.135	157.77
50.145	155.21
50.155	146.25
50.165	154.85
50.175	148.32
50.185	145.44
50.195	148.06
50.205	149.15
50.215	149.13
50.225	153.76
50.235	150.59
50.245	148.46
50.255	145.82
50.265	146.15
50.275	151.72
50.285	150.56
50.295	149.9
50.305	149.32
50.315	148.53
50.325	152
50.335	154.04
50.345	154.85
50.355	156.93
50.365	157.17
50.375	156.63
50.385	156.37
50.395	156.46
50.405	156.95
50.415	154.82
50.425	154.8
50.435	160.06
50.445	157.64
50.455	158.37
50.465	159.44
50.475	153.37
50.485	155.24
50.495	153.67
50.505	150.94
50.515	154.27
50.525	154.97
50.535	154.65
50.595	154.02
50.605	154.39
50.615	148.78
50.625	148.2
50.635	151.89
50.685	151.74
50.695	152.27
50.705	151.17
50.715	149.14
50.725	151.17
51.095	199.33
51.105	186.11
51.115	182.46
51.125	182.83
51.135	182.13
51.145	189.61
51.155	196.42
51.165	199.69
51.175	194.45
51.185	192.94
51.195	188.91
51.205	176.48
51.215	195.19
51.225	191.26
51.235	188.69
51.245	187.3
51.255	190.54
51.275	191.77
51.285	193.74
