time	f0
1.17	113.67
1.18	108.76
1.19	105.18
1.2	102.77
1.21	100.54
1.22	101.69
1.23	99.87
1.24	97.6
1.25	93.48
1.26	97.68
1.27	97.34
1.28	97.08
1.29	97.63
1.3	99.03
1.31	98.28
1.32	98.63
1.33	101.3
1.34	102.83
1.35	102.88
1.36	103.54
1.37	103.65
1.38	103.19
1.39	102.85
1.4	102.54
1.41	102.1
1.42	101.79
1.43	102.05
1.44	102.41
1.45	103.86
1.46	104.67
1.47	104.43
1.48	105.04
1.49	105.08
1.5	104.64
1.51	104.94
1.52	104.91
1.53	104.36
1.54	105.9
1.55	106.18
1.6	108.58
1.61	111.28
1.62	104.23
1.63	104.64
1.64	105.97
2.12	81.64
2.13	81.68
2.14	81.21
2.15	82.48
2.16	166.82
2.17	167.51
2.18	165.19
2.19	162.27
2.2	160.35
2.21	154.48
2.22	151.75
2.23	146.87
2.24	141.69
2.25	138.21
2.26	135.07
2.27	132.76
2.28	129.59
2.29	122.02
2.37	126.56
2.38	126.85
2.39	126.23
2.4	127.72
2.41	129.96
2.42	131.44
2.43	133.94
2.44	135.24
2.45	134.32
2.46	134.37
2.47	134.39
2.48	133.99
2.49	133.14
2.5	130.01
2.51	127.41
2.52	127.63
2.53	125.9
2.54	123.93
2.55	127.21
2.56	131.21
2.57	127.65
2.58	115.13
2.59	117.09
2.6	116.49
2.61	114.66
2.62	115.74
2.63	113.78
2.64	115.07
2.65	114.25
2.66	113.11
2.67	112.7
2.68	111.74
2.69	110.54
2.7	109.19
2.71	108.78
2.72	108.55
2.73	107.34
2.74	106.5
2.75	105.51
2.76	105.77
2.77	105.94
2.78	105.32
2.79	104.79
2.8	104.58
2.81	103.87
2.82	103.24
2.83	103.47
2.84	103.24
2.85	102.88
2.86	102.42
2.87	102.47
2.88	103.54
2.89	103.5
2.9	102.9
2.91	103.16
2.92	104.76
2.93	105.81
2.98	198.42
2.99	195.03
3	194.37
3.76	151.45
3.77	150.07
3.78	149.88
3.79	151.05
3.8	153.02
3.81	156.17
3.82	154.68
3.83	153.22
3.84	151.76
3.85	151.82
3.86	144.29
3.87	143.43
3.88	144.38
3.89	143.05
3.9	138.64
3.91	137.26
3.92	135.11
3.93	134.44
3.94	132.28
3.95	130.84
3.96	133.25
3.97	133.79
3.98	132.8
3.99	132.76
4	132.11
4.01	132.62
4.02	133.53
4.03	133.4
4.04	131.58
4.05	129.99
4.06	131.03
4.07	129.94
4.08	131.11
4.09	132.03
5.96	81.7
5.97	94.64
5.98	91.49
5.99	93.47
6	93.7
6.01	93.3
6.02	95.44
6.03	92.64
6.04	91.48
6.05	93.1
6.36	127.53
6.37	129.7
7.14	102.22
7.15	95.23
7.16	99.49
7.17	97.65
7.18	97.56
7.19	95.02
7.2	96.08
7.21	97.46
7.22	98.12
7.23	97.91
7.24	96.34
7.3	104.83
7.31	105.14
7.32	104.75
7.33	104.33
7.34	104.93
7.35	103.92
7.36	103.66
7.37	103.46
7.38	102.67
7.39	100.56
7.4	100.99
7.41	100.7
7.42	100.71
7.43	99.14
7.44	98.04
7.59	120.31
7.6	120.85
7.61	119.55
7.62	117.6
7.63	116.84
7.64	115.03
7.65	115.63
7.66	118.07
7.67	118.25
7.68	121.3
7.69	121.92
7.7	122.35
7.76	118.13
7.77	113.81
7.78	115.87
7.79	112.3
7.8	108.7
7.81	106.78
7.82	106.3
7.83	104.89
7.84	103.64
7.85	103.8
7.86	103.79
7.98	169.88
7.99	164.62
8	164.12
8.01	170.7
8.02	179.8
8.03	161.59
8.04	160.28
8.14	83.8
8.15	83.96
8.16	83.7
8.17	83.55
8.18	82.44
8.19	82.2
8.2	81.93
8.21	82.64
8.22	80.99
8.23	79.91
9.45	110.01
9.46	109.31
9.47	109.92
9.48	108.55
9.49	108.55
9.5	108.82
9.51	112.04
9.52	112.86
9.53	109.72
9.54	109.73
9.55	108.87
9.56	108.16
9.57	107.94
9.58	107.71
9.59	107.35
9.6	106.48
9.61	106.54
9.62	106.55
9.63	105.67
9.64	105.75
9.65	105.43
9.66	105.6
9.67	104.69
9.68	104.44
9.69	104.59
9.7	104.52
9.71	104.3
9.72	104.39
9.73	104.67
9.74	104.73
9.75	104.63
9.76	104.01
9.77	104.22
9.78	104.32
9.79	105.02
9.8	105.13
9.81	105.01
9.82	105.09
9.83	105.19
9.84	104.05
9.85	103.06
9.86	103.6
9.87	103.34
9.88	103.96
9.89	105.36
9.9	105.39
9.91	106.08
9.92	105.98
9.93	105.32
9.94	105.64
9.95	107.24
9.96	108
9.97	107.66
9.98	109.28
9.99	109.45
10	109.7
10.01	112.25
10.02	120.66
10.03	119.79
10.04	120.41
10.05	120.4
10.06	119.33
10.07	118.07
10.08	119.32
10.09	117.5
10.1	114.06
10.11	112.94
10.12	110.78
10.13	110.27
10.14	111.38
10.15	108.96
10.16	106.42
10.17	112.8
10.18	114.62
10.19	110.72
10.2	109.35
10.21	103.23
10.22	101.53
10.23	103.23
10.24	107.96
10.25	109.51
10.26	106.24
10.27	108.82
10.32	133.67
10.33	135.48
10.34	139.23
10.35	142.19
10.36	147.65
10.37	150.26
10.38	153.61
10.39	155.49
10.4	156.16
10.41	157.35
10.42	163.53
10.43	163.13
10.44	117.29
10.45	113.9
10.48	85.03
10.62	161.05
10.63	153.16
10.64	149.59
10.65	145.37
10.66	142.64
10.67	142.26
10.68	141.5
10.69	141.63
10.7	141.63
10.71	140.49
10.72	137.33
10.73	136.37
10.74	135.18
10.75	134.63
10.76	133.49
10.77	128.62
10.78	127.55
10.79	124.15
10.8	125.01
10.81	124.14
10.82	123.85
10.83	125.25
10.84	124.05
10.85	124.08
10.86	123.16
10.87	122
10.88	124.68
10.89	123.6
10.9	122.98
10.91	124.94
11.28	112.97
11.29	111.61
11.3	111.79
11.31	111.19
11.32	108.94
11.33	110.74
11.34	111.46
11.35	114.59
11.36	121.78
11.37	128.5
11.38	131.7
11.39	135.11
11.4	138.27
11.41	134.76
11.42	134.87
11.43	135.28
11.44	135.39
11.45	135.91
11.46	141.02
11.47	142.29
11.48	141.57
11.49	140.46
11.5	136.1
11.51	135.03
11.52	130.86
11.53	132.24
11.54	130.23
11.55	129.27
11.65	142.75
11.66	132.91
11.67	126.6
11.68	122.09
11.69	119.71
11.7	118.44
11.71	117.3
11.72	115.13
11.73	114.01
11.74	114.19
11.75	111.9
11.76	108.95
11.77	108.8
11.78	110.29
11.79	110.85
11.8	110.24
11.81	110.69
11.82	111.49
11.83	111.24
11.84	110.8
11.85	110.25
11.86	109.92
11.87	109.73
11.88	109.05
11.89	109.27
11.9	109.95
11.91	110.46
11.92	110.89
11.93	110.96
11.94	111.01
11.95	110.64
11.96	109.9
11.97	109.36
11.98	109.1
11.99	109.77
12	110.52
12.01	111.21
12.02	111.08
12.03	111.13
12.04	108.26
12.07	107.19
12.08	108.68
12.09	104.84
12.1	103.52
12.11	103.66
12.12	103.95
12.13	104.12
12.14	103.66
12.15	103.89
12.16	105.13
12.17	106.47
12.18	111.02
12.19	107.22
12.2	107.02
12.21	105.88
13.96	99.3
13.97	101.5
13.98	103.25
13.99	99.59
14	102.15
14.01	102.36
14.02	101.34
14.03	101.57
14.04	101.49
14.05	99.7
14.2	120.72
14.21	115.86
14.22	115.99
14.23	117.2
14.24	121.56
14.25	121.08
14.26	123.29
14.27	123.49
14.28	119.52
14.29	120.3
14.3	117.16
14.31	116.79
14.32	118.01
14.33	120.47
14.39	99.45
14.4	100.39
14.41	104.25
14.42	103.35
14.43	105.5
14.44	102.02
14.45	101.21
14.46	99.82
14.47	97.89
14.48	97.81
14.49	94.72
14.5	94.46
14.51	97.23
14.52	94.77
14.53	98.5
14.54	98.22
14.55	102.31
14.56	106.32
14.57	107.75
14.58	109.09
14.59	112
14.6	113.67
14.61	119.1
14.65	100.27
14.66	99.93
15.76	123.54
15.77	120.55
15.78	119.57
15.79	115.56
15.8	118.23
15.81	116.99
15.82	115.47
15.83	114.64
15.84	114.41
15.85	114.02
15.86	114.41
15.87	115.94
15.88	113.91
15.89	115.22
15.9	115.6
15.91	115.38
15.92	115.43
15.93	115.34
15.94	115.61
15.95	115.43
15.96	115.49
15.97	116.1
15.98	116.45
15.99	117.21
16	118.42
16.01	118.01
16.02	118.26
16.03	118.94
16.04	118.98
16.05	120.53
16.06	120.23
16.07	118.9
16.08	117.75
16.09	116.5
16.1	115.9
16.11	114.69
16.12	114.65
16.13	115.52
16.14	115.92
16.15	116.02
16.3	103.9
16.31	103.54
16.32	104.02
16.33	103.32
16.34	103.43
16.35	103.18
16.36	102.14
16.37	101.87
16.57	127.5
16.58	125.48
16.59	119.74
16.6	118.13
16.61	116.5
16.62	116.65
16.63	116.61
16.64	118.67
16.65	119.02
16.66	117.61
16.67	118.27
16.68	117.77
16.69	118.16
16.7	117.49
16.75	111.83
16.76	113.34
16.77	112.75
16.78	112.73
16.79	111.41
16.8	109.67
16.81	106.62
16.82	107.01
16.83	107.94
16.84	107.2
16.85	105.75
16.86	104.54
16.87	103.45
16.88	102.09
16.9	103.78
16.91	105.45
17.9	223.5
17.91	208.95
17.92	208.39
17.93	205.38
17.94	205.22
17.95	205.2
18.35	96.22
18.36	100.24
18.37	97.14
18.53	118.3
18.54	116.98
18.55	116.88
18.56	116.12
18.57	115.92
18.58	115.01
18.59	114.39
18.6	113.14
18.61	112.39
18.62	111.77
18.63	110.39
18.64	109.19
18.65	108.1
18.66	107.35
18.67	102.9
18.68	103.2
18.69	102.83
18.7	99.76
18.71	103.69
18.72	100.41
18.73	100.68
18.74	100.04
18.75	104.17
18.76	103.9
18.77	101.55
18.78	102.28
19.2	106.09
19.21	105.63
19.22	107.88
19.23	110.86
19.24	112.23
19.25	113.26
19.26	113.6
19.27	114.39
19.28	113.77
19.29	113.76
19.3	113.72
19.31	114.3
19.32	114.35
19.33	114.01
19.34	113.52
19.35	112.57
19.36	111.67
19.37	110.18
19.38	103.33
19.39	105.19
19.4	102.42
19.56	113.55
19.57	112.89
19.58	112.79
19.59	111.9
19.6	111.9
19.61	114.29
19.62	112.79
19.63	111.82
19.64	111.19
19.65	110.61
19.66	110.18
19.67	110.15
19.68	109.17
19.69	107.73
19.7	106.43
19.71	105.77
19.72	105.82
19.73	104.75
19.74	105.68
19.75	105.43
19.76	105.63
19.77	104.57
19.78	103.29
19.79	101.19
19.8	102.79
19.81	100.8
19.82	98.69
19.83	97.81
19.84	93.01
19.85	98.88
20.06	198.07
20.07	205.71
20.08	202.27
20.09	199.11
20.1	205.69
20.11	209.65
20.12	208.27
20.13	205.99
20.15	81.98
20.16	81.07
20.17	80.49
20.27	81.43
20.28	81.13
20.29	83.19
20.3	85.79
20.31	88.75
20.32	85.37
20.33	84.04
20.34	82.5
20.35	81.52
20.36	81.46
20.37	84.7
20.38	85.01
20.39	89.49
20.4	89.06
20.41	89.72
20.42	89.54
20.43	88.81
20.44	88.73
20.45	89.13
20.46	87.93
20.72	83.05
20.73	95.99
20.74	83.33
20.75	82.71
20.85	97.81
20.86	97.72
20.98	147.55
20.99	154.18
21	155.48
21.01	162.71
21.02	170.37
21.03	163.76
21.04	164.14
21.05	162.6
21.06	160.8
21.07	173.37
21.08	180.2
21.09	167.12
21.1	166.36
21.11	164.37
22.08	124.7
22.09	124.19
22.1	123.99
22.11	122.85
22.12	123.06
22.13	123.91
22.14	123
22.15	120.31
22.16	119.39
22.17	122.87
22.18	122.82
22.19	123.22
22.2	123.36
22.21	120.9
22.22	121.11
22.23	120.14
22.24	120.28
22.25	120.78
22.26	121.67
22.27	121.48
22.41	116.34
22.42	119.63
22.43	122.42
22.44	121.95
22.45	121.17
22.46	119.75
22.47	119.75
22.48	119.55
22.49	121.31
22.5	119.65
22.51	121.15
22.52	121.37
22.53	119.25
22.54	118.71
22.55	118.68
22.56	117.9
22.57	119.14
22.58	118.8
22.59	117.93
22.6	118.52
22.61	120.19
22.62	124.38
22.63	125.55
22.64	124.53
22.65	123.82
22.66	124.58
22.67	114.11
22.68	114.15
22.69	113.18
22.7	216.17
22.71	212.44
22.72	224.67
22.73	213.61
22.74	220.7
22.81	138.41
22.82	144.69
22.83	149.96
22.84	152.26
22.85	155.75
22.86	157.65
22.87	159.71
22.88	163.18
22.89	164.93
22.9	165.12
22.91	163.59
22.92	160.26
22.93	160.71
22.94	163.25
22.95	158.68
22.96	156.99
22.97	158.02
22.98	158.01
22.99	161.59
23	164.08
24.53	124.42
24.54	130.33
24.55	133.25
24.56	137
24.57	141.18
24.58	140.74
24.59	144.9
24.6	146.49
24.61	148.42
24.62	148.48
24.63	147.62
24.64	146.9
24.65	146.18
24.66	146.73
24.67	146.58
24.68	145.76
24.69	144.99
24.7	145.63
24.71	146.11
24.72	146.3
24.73	146.84
24.74	147.34
24.75	147.19
24.76	147.7
24.77	149.38
24.78	149.54
24.79	149.77
24.8	148.88
24.81	148.2
24.82	148.77
24.83	148.53
24.84	147.84
24.85	148.03
24.86	148.37
24.87	149.07
24.88	149.59
24.89	150.2
24.9	150.98
24.91	151.01
24.92	149.97
24.93	150.06
24.94	148.46
24.95	147.23
24.96	146.02
24.97	145.08
24.98	144.7
24.99	144.54
25	144.19
25.01	144.22
25.02	143.66
25.03	142.86
25.04	143.77
25.05	144.08
25.06	142.96
25.07	143.75
25.08	143.93
25.09	142.57
25.1	145.54
25.11	143.85
25.12	143.35
25.13	144.52
25.14	144.86
25.15	143.07
25.16	141.99
25.17	141.53
25.18	141.46
25.19	142.1
25.2	141.35
25.21	141.06
25.22	140.55
25.23	140.07
25.24	139.75
25.25	139.4
25.26	137.35
25.27	138.49
25.6	174.9
25.61	171.84
25.62	170.72
25.63	170.83
25.64	169.75
25.65	167.97
25.66	161.26
25.67	166.1
25.68	162.8
25.69	153.41
25.7	154.97
25.97	162.03
25.98	157.13
25.99	156.96
26	154.35
26.01	151.97
26.02	152.81
26.03	152.3
26.04	149.46
26.05	146.52
26.06	145.18
26.07	144.38
26.08	144.11
26.09	143.42
26.1	142.76
26.11	141.36
26.12	141.2
26.13	141.18
26.14	141.67
26.15	141.73
26.16	141.53
26.17	140.44
26.18	139.74
26.19	139.22
26.2	139.52
26.21	139.12
26.22	138.62
26.23	138.15
26.24	136.57
26.25	135.87
26.26	137.35
26.27	135.81
26.28	132.15
26.29	133.14
26.3	138.41
26.31	135.09
26.32	134.34
26.33	134.46
26.34	137.22
26.35	137.38
26.47	164.02
26.48	164.48
26.49	164.39
26.5	162.94
26.51	161.03
26.52	161.6
26.53	162.04
26.54	163.29
26.55	164.15
26.56	165
26.57	164.69
26.58	164.39
26.59	163.71
26.6	163.01
26.61	162.65
26.62	162.53
26.63	162.52
26.64	161.42
26.65	158.28
26.66	156.48
26.67	155.43
26.68	154.44
26.69	153.08
26.7	149.76
26.71	148.36
26.72	148.48
26.73	148.63
26.74	146.52
26.75	145.28
26.76	149.23
26.77	142.54
26.78	137.63
26.79	136.85
26.8	138.17
26.81	135.72
26.82	134.12
26.83	134.56
26.84	134.62
26.85	136.85
26.86	132.14
26.87	133.19
26.88	140.16
26.89	135.62
26.9	132.76
26.91	134.36
26.92	131.51
27.13	130.98
27.14	135.54
27.15	137.11
27.16	137.37
27.17	136.55
27.18	136.05
27.19	135.72
27.2	135.2
27.21	134.44
27.22	133.82
27.23	132.9
27.24	132.22
27.25	131.85
27.26	131.55
27.27	131.95
27.28	132.37
27.29	132.23
27.3	132.4
27.31	132.21
27.32	131.52
27.33	132.18
27.34	131.83
27.35	131.44
27.36	131.46
27.37	131.48
27.38	131.49
27.39	131.31
27.4	131.27
27.41	131.02
27.42	130.75
27.43	130.33
27.44	129
27.45	127.98
27.46	128.12
27.47	127.32
27.48	126.15
27.49	125.84
27.5	126.33
27.51	125.3
27.52	123.07
27.53	123.64
27.54	123.11
27.55	122.71
27.56	121.75
27.57	120.98
27.58	121.57
27.59	122.17
27.6	122.68
27.61	122.75
27.62	119.45
27.63	116.51
27.64	113.97
27.65	113.72
27.66	116.22
27.67	116.22
27.68	119.07
30.77	128.93
30.78	129.66
30.79	132.54
30.8	131.74
30.81	130.13
30.82	128.51
30.83	129.35
30.84	129.43
30.85	127.91
31.21	117.01
31.22	115.1
31.23	117.51
31.24	116.11
31.25	118.27
31.26	117.09
31.27	118.94
31.28	118.87
31.29	118.88
31.3	118.92
31.31	118.7
31.32	118.56
31.33	118.5
31.34	118.43
31.35	118.24
31.36	118.5
31.37	117.55
31.38	117.19
31.39	116.53
31.4	115.89
31.41	115.19
31.42	114.56
31.43	114.56
31.44	113.83
31.45	113.33
31.46	112.94
31.47	112.92
31.48	112.8
31.49	112.51
31.5	111.83
31.51	111.21
31.52	111.03
31.53	110.3
31.54	110.05
31.55	110.16
31.56	109
31.57	107.97
31.58	107.87
31.59	107.8
31.6	107.95
31.61	106.02
31.62	105.7
31.63	104.61
31.64	104.36
31.65	103.3
31.66	102.66
31.67	103.89
31.68	104.52
31.69	103.04
31.7	102
31.71	102.01
31.72	101.86
31.73	101.24
31.74	100.66
31.75	98.89
31.76	98.59
32.08	111.58
32.09	113.43
32.1	114.15
32.11	114.47
32.12	114.02
32.13	113.46
32.14	112.25
32.15	113.14
32.16	113.2
32.17	113.71
32.18	113.92
32.19	115.17
32.2	115.29
32.21	114.64
32.22	113.67
32.23	113.13
32.24	112.32
32.25	111.72
32.26	110.57
32.27	110.15
32.28	109.06
32.29	108.13
32.3	107.08
32.31	106.52
32.32	105.43
32.33	105.46
32.34	105.92
32.35	105.27
32.36	104.37
32.4	105.9
32.41	107.06
32.42	107.74
32.43	108.29
32.44	108.59
32.45	108.3
32.46	107.33
32.47	108.19
32.48	107.75
32.49	107.69
32.5	108.46
32.51	106.82
32.52	107.01
32.53	105.67
32.54	106.45
32.55	110.89
32.56	109.28
32.57	112.81
32.58	111.87
32.59	110.78
32.6	112.19
32.61	114.15
32.62	117.12
32.63	118.8
32.64	119.3
32.65	120.73
32.66	122.26
32.67	122.26
32.68	121.06
32.69	120.47
32.7	120.39
32.71	120.79
32.72	119.92
32.73	119.26
32.74	118.39
32.75	117.69
32.76	117.12
32.77	116.2
32.78	115.92
32.79	115.88
32.8	115.77
32.81	116.92
32.82	118.06
32.83	118.2
33.34	145.67
33.35	146.15
33.36	147.82
33.37	149
33.38	149.64
33.39	150.27
33.4	151.79
33.41	154.67
33.42	157.75
33.43	158.7
33.44	158.06
33.45	154.39
33.46	153.29
33.47	153.68
33.48	153.37
33.49	159.16
33.5	157.62
33.51	151.95
33.52	153.99
33.53	154.32
33.96	120.49
33.97	120.7
33.98	120.01
33.99	118.03
34	116.6
34.01	116.4
34.02	115.48
34.03	115.62
34.04	114.71
34.05	115.69
34.06	113.2
34.07	112.41
34.08	112.06
34.09	112.83
34.1	106.77
34.11	112.22
34.12	113.32
34.18	87.69
34.19	85.01
34.2	84.35
34.21	88.24
34.28	104.33
34.29	102.99
34.3	106.75
34.31	106.38
34.32	107.47
34.33	107.32
34.34	107.35
34.35	106.71
34.36	107.12
34.37	105.96
34.38	106.12
34.39	106.29
34.4	106.88
34.41	104.91
34.42	110.79
34.55	145.71
34.56	142.21
34.57	143.02
34.58	144.96
34.59	145.77
34.6	145.87
34.61	148.76
34.62	99.04
34.63	98.58
34.64	96.02
34.65	95.08
34.66	94.81
34.67	95.56
34.68	97.08
34.69	148.09
34.7	145.43
34.71	148.97
34.72	148.56
34.73	146.03
34.74	149.48
34.84	131.19
34.85	131.07
34.86	131.01
34.97	103.24
34.98	103.18
34.99	101.29
35	103.47
35.05	120.71
35.06	120.28
35.07	120.9
35.08	122.12
35.09	121.94
35.1	123.57
35.11	124.94
35.12	126.93
35.13	128.72
35.14	130.7
35.15	133.42
35.16	135.08
35.17	133.78
35.18	132.63
35.19	130.72
35.2	129.95
35.21	131.09
35.22	127.42
35.23	131.03
35.24	130.1
35.25	129.99
35.26	131.36
35.27	127.96
36.13	117.28
36.14	119.3
36.15	120.16
36.16	119.51
36.17	119.06
36.18	118.68
36.19	117.26
36.2	116.4
36.21	115.49
36.22	115.37
36.23	114.62
36.24	115.28
36.4	111.45
36.41	119.28
36.42	119.85
36.43	119.88
36.44	119.52
36.45	119.99
36.46	120.16
36.47	120.31
36.48	121.45
36.49	123.11
36.5	124.14
36.51	118.84
36.52	122.49
36.53	122.12
36.54	119.21
36.55	118.57
36.56	117.24
36.57	121.19
36.58	122.86
36.59	122.89
36.6	120.56
36.61	118.56
36.62	117.32
36.63	118.17
36.64	117.91
36.65	116.78
36.66	116.43
36.67	116.03
36.68	116.03
36.69	115.91
36.7	115.61
36.71	115.47
36.72	114.77
36.73	113.89
36.74	113.23
36.75	112.37
36.76	111.02
36.77	108.85
36.78	108.27
36.79	108.83
36.8	109.55
36.81	109.77
36.82	109.02
36.83	108.38
36.84	108.44
36.85	109.04
36.86	108.67
36.87	108.95
36.88	109
36.89	108.42
36.9	108.49
36.91	107.77
36.92	107.83
36.93	108.1
36.94	107.73
36.95	106.47
36.96	106.36
36.97	106.5
36.98	106.01
36.99	105.38
37	103.72
37.01	102.42
37.04	200.15
37.05	201.07
37.1	120.9
37.11	118.41
37.12	117.92
37.13	123.85
37.14	115.63
37.15	114.88
37.16	115.17
37.17	115.71
37.18	115.87
37.19	116.28
37.2	116.46
37.21	116.64
37.22	117.16
37.23	117.18
37.24	117.36
37.25	117.02
37.26	117.03
37.27	117.28
37.28	117.24
37.29	116.97
37.3	116.97
37.31	117.09
37.32	116.73
37.33	116.53
37.34	116.2
37.35	115.61
37.36	115.46
37.37	114.95
37.38	113.96
37.39	113.39
37.4	111.14
37.41	110.26
37.42	111.75
37.43	109.54
37.44	108.69
37.45	109.8
37.46	110.8
37.96	122.17
37.97	119.21
37.98	115.83
37.99	114.99
38	113.89
38.01	112.93
38.02	112.28
38.03	111.65
38.04	109.18
38.05	108.8
38.06	112
38.07	112.7
38.08	112.27
38.09	111.4
38.1	111.55
38.11	109.39
38.12	109.44
38.13	106.4
38.14	104.23
38.15	107.56
38.16	106.75
38.17	104.4
38.18	102.73
38.19	102.57
38.2	101.4
38.21	101.08
38.22	99.59
38.23	100.33
38.24	102.21
39.65	203.57
39.66	197.41
39.67	200.84
39.68	188.96
39.69	199.46
39.7	197.46
40.59	123.53
40.6	122.65
40.61	121.62
40.62	120.66
40.63	118.86
40.64	117.55
40.65	116.17
40.66	116.62
40.67	116.63
40.68	116.53
40.69	113.23
40.7	109.79
40.71	115.69
40.72	115.09
40.73	108.85
40.74	109.32
40.75	110.78
40.76	108.92
40.77	108.78
40.78	107.72
40.79	107.17
40.8	104.24
40.81	103.43
40.82	104.7
40.83	109.64
40.88	103.05
40.89	107.2
40.9	106.34
40.91	104.77
40.92	105.18
40.93	103.6
40.94	102.24
40.95	100.5
40.96	94.97
41.04	83.5
41.05	83.36
41.06	83.51
41.07	88.16
41.08	86.65
41.09	87.15
41.28	182.79
41.29	194.21
41.3	194.03
42.79	84.85
42.8	85.64
42.82	93.33
42.83	94.64
42.84	94.99
42.85	93.73
42.86	93.57
42.87	93.44
42.88	93.23
43.99	120.47
44	119.47
44.01	119.51
44.02	125.44
44.03	128.05
44.04	128.03
44.05	128.88
44.06	131.83
44.07	130.73
44.08	130.76
44.09	127.37
44.1	127.23
44.11	127.2
44.12	129.9
44.13	128.05
44.14	127.62
44.21	129.39
44.22	126.68
44.23	123.22
44.24	120.98
44.25	119.41
44.26	117.9
44.27	116.28
44.28	115.59
44.29	115.48
44.3	117.17
44.31	116.58
44.32	115.96
44.33	110.87
44.34	112.77
44.35	109.55
44.36	109.48
44.37	108.09
44.38	106.36
44.39	103.21
44.4	105.64
44.41	105.7
44.42	102.63
44.43	101.98
44.44	102.42
44.45	101.19
44.46	103.48
44.51	116.05
44.52	116.92
44.53	117.92
44.54	114.96
44.55	114.82
44.56	114.88
44.57	110.93
44.58	107.59
44.59	104.84
44.6	105.01
44.61	105.1
44.62	102.61
44.63	102.96
44.64	103.59
44.65	104
44.66	103.43
44.67	103.18
44.68	105.27
44.69	104.9
44.7	104.92
44.71	105.78
44.72	105.21
44.73	104.5
44.74	104.44
44.75	103.4
44.76	103.04
44.77	103.96
44.78	104.86
44.79	104.38
44.8	104.21
44.81	103.69
44.82	102.67
44.83	100.74
44.84	100.27
44.85	99.87
44.86	100.1
44.87	99.73
44.88	99.61
44.89	99.64
44.9	99.57
44.91	99.86
44.92	100.4
44.93	103.78
44.94	103.68
44.95	104.21
44.96	103.34
44.97	103.97
44.98	103.48
