time	f0
0.985	130.53
0.995	124.02
1.005	117.62
1.015	111.2
1.075	116.66
1.085	120.13
1.095	118.53
1.105	115.21
1.115	112.82
1.125	111.14
1.135	114.84
1.145	111.13
1.155	115.66
1.165	116
1.175	115.45
1.185	111.59
1.195	110.09
1.205	110.2
1.215	110.92
1.225	111.26
1.235	111.88
1.245	113.16
1.255	113.78
1.265	114.08
1.275	114.59
1.285	115.05
1.295	115.79
1.305	115.71
1.315	113.78
1.325	120.26
1.335	122
1.345	122.77
1.355	122.42
1.365	121.11
1.375	119.01
1.385	121.02
1.395	119.76
1.405	119.74
1.415	118.72
1.425	117.43
1.435	117.92
1.445	118.05
1.455	118.95
1.465	120.69
1.475	122.09
1.485	124
1.495	123.41
1.505	121.15
1.515	117.24
1.525	115.06
1.535	114.91
1.655	112.27
1.665	109.22
1.675	107.11
1.685	104.09
1.695	102.5
1.745	112.81
1.755	117.19
1.765	118.84
1.775	120.16
1.785	120.73
1.795	121.01
1.805	121.06
1.815	118.27
1.825	115.57
1.835	114.07
1.845	111.79
1.855	111.7
1.865	111.09
1.875	104.67
1.885	103.57
1.895	102.76
1.905	99.68
1.915	99.74
1.925	102.7
1.935	102.71
1.945	102.7
1.955	105.72
1.965	106.39
1.975	107.57
1.985	109.38
1.995	109.72
2.005	103.64
2.015	106.18
2.025	106.96
2.035	107.13
2.045	107.76
2.055	111
2.065	113.6
2.075	113.86
2.085	112.69
2.095	106.35
2.255	105.74
2.265	105.74
2.275	105.43
2.285	104.98
2.295	104.5
2.305	104.63
2.315	106.48
2.325	111.11
2.335	113.61
2.345	116.39
2.355	112.98
2.365	113.41
2.375	114.45
2.385	116.02
2.395	116.68
2.405	111.04
2.415	113.32
2.425	114.32
2.435	115
2.445	115.66
2.455	115.62
2.465	110.83
2.475	113.09
2.485	123.58
2.495	118.18
2.505	117.58
2.515	116.74
2.525	113.68
2.535	108.82
2.545	104.68
2.555	101.33
2.565	99.22
2.575	98.3
2.595	104.06
2.605	101.47
2.615	101.06
2.625	99.52
2.635	95.91
2.645	97.98
2.655	96.06
2.665	95.38
2.675	96.22
2.685	97.94
2.695	99.84
2.705	99.89
2.715	99
2.725	99.04
2.735	99.78
2.745	100.22
2.755	103.84
2.765	107.02
2.775	107.52
2.785	106.04
2.795	105.62
2.805	104.42
2.815	103.76
2.825	104.71
2.835	105.21
2.845	104.78
2.855	104.47
2.865	103.02
2.875	101.8
2.885	101.4
2.895	99.25
2.905	95.89
2.915	93.63
2.925	92.37
2.935	90.66
2.945	90.09
2.955	89.04
2.965	88.89
2.975	89.52
2.985	90.39
2.995	90.87
3.005	90.64
3.015	89.97
3.025	90.58
3.035	90.64
3.045	90.21
3.055	89.41
3.065	89.36
3.095	102.88
3.105	103.41
3.115	99.59
3.125	99.39
3.135	99.66
3.145	99.69
3.155	99.09
3.165	98.52
3.175	98.33
3.185	99.1
3.195	98.5
3.205	97.74
3.215	99.38
3.225	98.83
3.235	100.42
3.715	91.68
3.725	92.03
3.735	91.76
3.745	91.17
3.755	90.17
3.765	90.13
3.775	90.73
3.785	90.4
3.795	90.07
3.805	89.74
3.815	89.87
3.825	88.38
3.835	86.71
3.845	92.45
3.855	95
3.865	96.41
3.875	96.46
3.885	95.23
3.895	93.16
3.905	91.37
3.915	89.46
3.925	88.53
3.935	89.56
3.945	91.42
3.955	91.89
3.965	92.17
4.055	97.03
4.065	98.07
4.075	95.55
4.085	91.42
4.095	89.94
4.105	88.67
4.115	87.2
4.125	86.62
4.135	84.46
4.145	86.13
4.155	87.58
4.165	87.31
4.175	87.24
4.185	87.07
4.195	86.96
4.205	87.54
4.215	86.64
4.385	94.3
4.395	92.85
4.405	91.19
4.415	90.19
4.425	89.66
4.435	89.22
4.445	88.84
4.455	88.31
4.465	87.94
4.475	87.2
4.485	86.02
4.495	85.97
4.505	86.14
4.515	85.69
4.525	85.16
4.535	84.31
4.545	83.48
4.555	83.36
4.565	83.2
4.575	82.46
4.585	81.42
4.595	81.53
4.605	82.06
4.615	83.19
4.625	83.44
4.635	82.56
4.645	83.07
4.655	83.36
4.665	82.83
5.595	92.43
5.605	93.02
5.635	91.94
5.645	90.58
5.655	90.62
5.665	90.77
5.675	90.53
5.685	89.86
5.695	88.84
5.705	88.83
5.875	116.56
5.885	117.38
5.895	114.47
5.905	111.37
5.915	109.84
5.925	109.19
5.935	108.74
5.945	108.13
5.955	106.7
5.965	104.91
5.975	103.08
5.985	100.21
5.995	97.42
6.005	94.84
6.015	91.86
6.025	91.05
6.035	90.77
6.045	91.53
6.055	92.31
6.065	91.29
6.075	90.7
6.085	89.72
6.095	90.25
6.105	91.63
6.115	91.92
6.125	91.71
6.135	91.53
6.145	91.5
6.155	92.2
6.165	92.55
6.175	92.42
6.185	89.24
6.195	89.97
6.205	91.9
6.215	92.46
6.275	83.25
6.285	81.37
6.295	79.93
6.305	77.7
6.415	107.32
6.425	102.25
6.435	98.59
6.445	95.95
6.455	89.35
6.465	90.69
6.475	91.38
6.485	90.57
6.495	89.12
6.505	88.04
6.515	87.34
6.525	83.97
6.535	83.04
6.545	83.59
6.555	82.61
6.565	81.36
6.575	82.53
6.585	82.74
6.595	82.47
6.605	84.18
6.615	85.42
6.685	83.36
6.695	83.08
6.705	82.85
6.715	82.1
6.725	81.46
6.735	81.07
6.745	81.15
6.755	82.01
6.765	80.81
6.775	79.96
6.785	79.11
6.795	78.85
6.805	79.23
6.815	80.22
6.825	81.12
6.835	81.95
6.845	83.48
6.855	86.04
6.865	87.37
6.875	89.6
6.885	90.41
6.895	90.44
6.905	90.35
6.915	91.94
6.925	91.41
6.935	78.12
6.945	100.37
6.955	99.42
6.965	98.86
6.975	99.48
6.985	100.12
6.995	100.2
7.005	100.97
7.015	101.45
7.135	100.87
7.145	98.63
7.155	95.34
7.165	91.78
7.175	89.64
7.185	89.3
7.195	89.63
7.425	83.55
7.435	82.79
7.445	81.33
7.455	92.07
7.465	89.88
7.475	89.13
7.485	88.62
7.495	87.74
7.505	88.11
7.515	88.05
7.525	87.6
7.535	87.66
7.545	87.9
7.555	87.33
7.565	87.16
7.575	87.51
7.585	86.95
7.595	86.29
7.605	86.87
7.615	87.56
7.625	87.61
7.635	87.93
7.645	89.36
7.655	90.1
7.665	89.94
7.675	73.19
7.685	87.43
7.695	88.09
7.705	88.86
7.715	88.56
7.725	87.07
7.735	85.25
7.745	86.09
7.755	103.36
7.765	101.24
7.775	99.19
7.785	98.5
7.795	96.49
7.805	94.8
7.815	94.47
7.825	93.6
7.835	90.26
7.845	92.99
7.855	94.29
7.865	95.48
7.875	96.46
7.885	97
7.895	97.8
7.905	98.94
7.915	99.41
7.925	99.98
7.935	100.7
7.945	101.59
7.955	102.53
7.965	104.13
7.975	105.05
7.985	106.32
7.995	105.88
8.005	104.19
8.015	103.37
8.025	104.86
8.035	104.32
8.045	102.25
8.055	102.19
8.065	102.75
8.445	89.09
8.455	88.45
8.465	85.86
8.575	86.23
8.585	86.62
8.595	85.79
8.605	83.26
8.615	83.15
8.625	83
8.635	78.77
8.645	76.8
8.655	82.06
8.665	84.49
8.675	75.98
8.685	90.31
8.695	88.65
8.705	88.69
8.715	89.11
8.725	89.06
8.735	89.7
8.745	90.27
8.755	90.64
8.765	91.19
8.775	91.91
8.785	91.49
8.795	89.91
8.805	90.75
8.815	90.79
8.825	89.66
8.835	88.85
8.845	88.79
8.855	88.27
8.865	87.57
8.875	86.37
8.885	82.09
8.895	84.25
8.915	185.16
8.925	185.33
8.935	175.66
9.055	87.85
9.065	87.96
9.075	84.43
9.085	84.26
9.095	84.43
9.105	84.23
9.115	83.58
9.125	83.65
9.135	86.72
9.145	87.56
9.155	88.44
9.165	88.69
9.175	88.62
9.185	88.76
9.195	89.6
9.205	89.87
9.215	89.93
9.225	90.36
9.235	91.02
9.245	91.7
9.255	91.98
9.265	93.86
9.275	95.73
9.285	95.27
9.295	94.05
9.305	94.08
9.315	93.37
9.325	90.91
9.445	88.69
9.455	91.62
9.465	86.11
9.475	85.9
9.485	85.97
9.495	85.03
9.505	85.4
9.515	84.39
9.525	83.31
9.535	81.93
9.545	82.34
9.625	145.03
9.635	147.03
9.645	147.77
9.655	148.5
9.665	146.47
9.675	147.16
11.015	93.77
11.025	91.77
11.035	90.8
11.045	89.44
11.055	87.22
11.065	98.96
11.075	87.04
11.085	87.74
11.095	86.72
11.305	94.74
11.315	97.78
11.325	96.11
11.335	95.64
11.345	94.35
11.355	92.74
11.365	91.83
11.375	91.67
11.385	90.94
11.395	89.22
11.405	87.03
11.545	75.96
11.555	80.56
11.565	81.44
11.575	79.07
11.585	77.76
11.595	78.91
11.605	80.32
11.615	79.79
11.675	111.02
11.685	93.21
11.695	96.73
11.705	98.33
11.715	97.13
11.725	96.84
11.735	96.53
11.745	95.86
11.755	94.91
11.765	92.44
11.775	90.78
11.785	89.46
11.795	86.69
11.805	85.49
11.815	85.36
11.825	83.54
11.835	84.68
11.965	96.69
11.975	95.66
11.985	94.35
11.995	93.45
12.005	94.84
12.015	96.57
12.025	96.65
12.035	93.93
12.045	92.03
12.055	90.99
12.065	90.45
12.075	88.99
12.085	85.66
12.095	85.16
12.105	83.15
12.115	99.68
12.175	93.7
12.185	93.36
12.195	90.17
12.205	89.38
12.215	89.15
12.225	88.19
12.235	89.79
12.245	89.74
12.255	89.1
12.265	89.51
12.275	89.88
12.285	89.67
12.295	89.38
12.305	89.62
12.315	93.46
12.325	97.24
12.335	99.57
12.345	100.3
12.355	100.54
12.365	100.87
12.375	101.27
12.385	99.75
12.395	98.84
12.405	100.83
12.415	101.62
12.425	102.37
12.435	103.17
12.445	103.72
12.455	107
12.465	109.93
12.475	108.81
12.485	107.9
12.495	104.28
12.505	105.1
12.515	107.51
12.525	108.2
12.535	108.14
12.545	107.84
12.555	107.83
12.565	108.5
12.575	107.09
12.585	99.34
12.595	107
12.625	111.55
12.635	105.08
12.645	102.84
12.655	101.01
12.665	100.57
12.675	100.34
12.685	99.02
12.695	98.11
12.705	98.16
12.715	98.18
12.725	98.24
12.735	98.32
12.745	97.81
12.755	96.99
12.765	95.76
12.835	99
12.845	97.38
12.855	96.79
12.865	98.2
12.875	97.89
12.885	98.02
12.895	98.69
12.905	97.15
12.915	98.39
12.925	97.7
12.935	95.8
12.945	95.06
12.955	93.18
12.965	88.08
12.975	91.19
12.985	94.68
13.015	94.89
13.025	95.14
13.035	97.48
13.045	93.08
13.055	91.59
13.065	90.31
13.075	89.61
13.085	85.55
13.095	84.33
13.105	86.78
13.115	88.01
13.125	87.95
13.135	87.76
13.145	87.83
13.155	85.62
13.165	84.21
13.175	83.99
13.185	83.68
13.195	83.04
13.205	82.39
13.215	78.97
13.225	84.08
13.235	83.04
13.245	82.29
13.255	81.57
13.265	81.55
13.275	81.88
13.285	82
13.295	79.65
13.305	79.81
13.315	80.04
13.595	84.49
13.605	84.96
13.615	84.08
13.625	84.75
13.635	85.35
13.645	85.04
13.655	84.06
13.665	85.78
13.675	85.36
13.685	85.22
13.695	85.29
13.705	85.23
13.715	85.95
13.725	84.68
13.735	84.97
13.745	86.17
13.755	84.83
13.765	84.62
13.815	84.69
13.825	82.36
13.835	78.79
13.845	78.76
13.855	80.16
13.865	79.12
13.875	79.98
13.885	80.82
13.895	80.18
14.005	97.75
14.015	98.07
14.025	98.15
14.035	88.84
14.045	90.71
14.055	94.63
14.065	92.99
14.245	81.29
14.255	82.88
14.265	78.12
14.275	76.87
14.285	79.03
14.295	80.93
14.305	81
14.315	80.24
14.355	80.79
14.365	81.35
14.375	79.16
14.385	83.11
14.395	81.66
14.405	80.22
14.415	81.11
14.425	80.93
14.435	80.98
14.765	110.46
14.775	112.58
14.785	114.02
14.795	114.96
14.805	115.82
14.815	116.45
14.825	117.59
14.835	118.91
14.845	119.54
14.855	119.45
14.865	119.33
14.875	119
14.885	118.09
14.895	116.46
14.905	113.59
14.925	103.6
14.935	102.08
14.945	118.85
15.165	93
15.175	94.16
15.185	92.65
15.195	91.78
15.205	91.91
15.215	90.8
15.225	90.46
15.235	90.4
15.245	91.62
15.255	91.62
15.265	90.72
15.275	90.87
15.285	91.52
15.295	90.56
15.305	89.94
15.315	89.45
15.325	89.41
15.335	91.31
15.345	90.43
15.355	89.21
15.365	89.11
15.375	88.96
15.385	88.54
15.395	88.82
15.405	88.45
15.415	88.52
15.425	87.79
15.435	87.25
15.445	86.29
15.455	86.42
15.465	86.89
15.475	85.35
15.485	84.36
15.495	85.2
15.505	86.04
15.515	89.9
15.525	92.57
15.535	92.16
15.545	91.05
15.555	89.81
15.565	88.85
15.575	88.54
15.585	86.83
15.595	84.49
15.605	86.4
15.615	89.04
15.625	89.77
15.635	90.13
15.645	90.13
15.655	90.88
15.665	91.35
15.675	91.78
15.685	92.02
15.695	91.65
15.705	91.96
15.715	92.56
15.725	93.14
15.735	93.46
15.745	93.94
15.755	92.71
15.765	86
15.775	91.45
15.785	92.61
15.795	90.42
15.805	90.92
15.845	90.97
15.855	91.15
15.865	90.63
15.875	90.06
15.885	89.74
15.895	89.16
15.905	88.13
15.915	87.72
15.925	87.27
15.935	85.86
15.945	89.46
15.955	88.97
15.965	86.72
15.975	83.93
15.985	83.31
15.995	81.94
16.005	81.87
16.015	82.14
16.025	82.02
16.035	81.64
16.045	81.02
16.055	78.82
16.065	78.25
16.305	87.77
16.315	88.61
16.325	87.94
16.335	87.54
16.345	86.75
16.365	87.11
16.375	87.55
16.385	87.12
16.395	86.23
16.405	84.7
16.505	84.14
16.515	84.84
16.525	86.35
16.535	74.68
16.545	84.37
16.555	82.74
16.585	83.93
16.595	83.66
16.605	84.25
16.615	75.76
17.455	93.98
17.465	94.08
17.475	92.77
17.485	91.15
17.495	91.65
17.505	91.27
17.515	91.22
17.525	91.14
17.535	90.55
17.545	90.57
17.555	90.71
17.565	90.64
17.575	90.79
17.585	91.26
17.595	91.5
17.605	91.34
17.615	91.34
17.625	91.49
17.635	91.9
17.645	91.78
17.655	90.64
17.665	89.19
17.675	87.84
17.685	86.29
17.695	86.83
17.705	86.65
17.715	86.45
17.725	86.67
17.735	87.08
17.745	86.82
17.755	86.23
17.765	85.88
17.775	85.97
17.785	85.95
17.795	85.4
17.805	85.15
17.815	84.74
17.825	84.29
17.835	72.69
17.845	73.51
17.855	84.77
17.865	86.54
17.875	85.65
17.885	86.08
17.895	86.25
17.905	84.63
17.915	83.22
17.925	83.23
17.935	82.7
17.945	82.33
17.955	81.88
17.965	79.95
17.975	81.61
17.985	82.74
17.995	81.87
18.005	81.45
18.015	80.43
18.025	80.5
18.035	81.69
18.045	81.77
18.665	99.61
18.675	98.57
18.685	97.9
18.695	97.63
18.705	98.94
18.715	101.12
18.725	102.96
18.735	105.89
18.745	106.89
18.755	106.37
18.765	101.46
18.775	108.44
18.785	109.25
18.795	108.18
18.805	106.06
18.815	105.65
18.825	105.23
18.835	103.77
18.845	102.82
18.855	66.36
18.865	79.86
18.875	79.79
18.885	96
18.895	93
18.905	90.14
18.915	89.77
18.925	89.68
18.935	87.97
18.945	86.2
18.965	87.89
18.975	87.96
18.985	87.93
18.995	86.68
19.075	169.88
19.085	169.77
19.095	169.71
19.105	169.59
19.165	95.26
19.175	94.62
19.185	95.69
19.195	96.83
19.205	97.48
19.215	98.23
19.225	98.39
19.235	97.96
19.245	97.45
19.255	97.02
19.265	97.05
19.275	97.43
19.285	98.15
19.295	99.08
19.305	99.99
19.315	100.57
19.325	100.67
19.335	100.25
19.345	99.03
19.355	97.97
19.365	96.4
19.375	94.17
19.385	91.47
19.395	91.04
19.475	98.95
19.485	98.97
19.495	98.88
19.505	100.11
19.515	100.16
19.765	87.14
19.775	85.64
19.785	83.2
19.795	81.93
19.855	94.53
19.865	92.55
19.875	91.67
19.885	91.37
19.895	90.84
19.905	91.2
19.915	91.55
19.925	91.67
19.935	92.02
19.945	92.18
19.955	91.33
19.965	89.74
19.975	90.18
19.985	91.7
19.995	91.79
20.095	100.93
20.105	100.26
20.115	98.21
20.125	97
20.135	96.17
20.145	95.64
20.155	91.68
20.165	90.75
20.225	97.79
20.235	97.52
20.245	97.65
20.255	97.41
20.265	98.12
20.275	94.11
20.285	91.46
20.295	89.51
20.305	87.5
20.315	86.78
20.345	87.08
20.355	86.08
20.365	84.71
20.375	82.15
20.425	123.63
20.435	124.23
20.525	93.27
20.535	93.43
20.545	92.87
20.555	92.77
20.565	93.01
20.575	93.08
20.585	93.12
20.595	93.63
20.605	94.13
20.615	93.75
20.625	92.17
20.635	91.15
20.645	90.28
20.655	89.57
20.665	91.93
20.675	92.67
20.685	91.72
20.745	89.43
20.755	90.68
20.765	88.6
20.775	88.78
20.785	89.6
20.795	93.71
20.805	88.53
20.815	87.77
20.825	86.92
20.835	85.04
20.845	83.65
20.855	82.34
20.865	81.4
20.875	81.48
20.885	83.03
20.895	83.73
20.905	82.47
20.915	82.16
20.925	79.8
20.935	81.52
20.945	81.43
20.955	80.55
20.965	80.22
20.975	80.25
21.205	74.68
21.215	87.72
21.225	86.04
21.235	85.59
21.245	84.05
21.255	83.82
21.265	84.25
21.275	82.93
21.315	93.65
21.325	94.75
21.335	96.89
21.345	96.32
21.355	96.17
21.365	99.36
21.375	103.01
21.385	104.82
21.395	107.12
21.405	109.6
21.415	114.95
21.425	115.93
21.435	116.34
21.445	116.75
21.455	116.41
21.465	114.06
21.475	114.99
21.485	115.92
21.495	116.7
21.505	116.83
21.515	117.1
21.525	117.22
21.645	102.79
21.655	99.8
21.665	98.22
21.675	98.28
21.685	98.16
21.775	99.71
21.785	98.88
21.795	98.84
21.805	97.39
21.815	95.91
21.825	95.26
21.835	95.01
21.845	94.43
21.855	93.91
21.865	93.62
21.875	93.73
21.885	94.57
21.895	95.24
21.905	95.51
21.915	95.73
21.925	95.08
21.935	95.84
22.045	99.89
22.055	99.57
22.065	98.65
22.075	98.47
22.085	96.91
22.095	94.76
22.105	94.01
22.115	95.41
22.125	96.91
22.135	97.39
22.145	97.48
22.155	96.48
22.165	95.87
22.175	94.27
22.185	96.44
22.195	95.29
22.205	76.48
22.215	76.1
22.365	82.41
22.375	84.53
22.385	84.04
22.395	83.19
22.405	83.66
22.415	83.05
22.425	83.15
22.435	82.15
22.445	79.69
22.455	79.71
22.655	95.67
22.665	95.02
22.675	95.28
22.685	94.82
22.695	94.55
22.705	95.52
22.715	96.44
22.725	97.76
22.735	99.79
22.745	103.35
22.755	106.84
22.765	109.58
22.775	111.96
22.785	114.76
22.795	118.16
22.805	119.81
22.815	120.64
22.825	129.6
22.835	130.33
22.845	130.23
22.855	127.12
22.865	124.82
22.875	124.3
22.885	125.99
22.895	124.64
22.995	142.19
23.005	137.1
23.015	130.98
23.025	125.04
23.035	117.33
23.045	111.08
23.085	120.25
23.095	122.84
23.705	91.41
23.715	93.4
23.725	99.14
23.735	100.59
23.745	99.28
23.755	97.98
23.765	97.47
23.775	97.19
23.785	97.01
23.795	96.93
23.805	96.44
23.815	95.77
23.825	95.1
23.835	93.73
23.845	92.84
23.855	92.31
23.865	91.94
23.875	91.83
23.885	91.28
23.895	90.94
23.905	91.29
23.915	91.55
23.925	90.8
23.935	90.37
23.945	90.64
23.955	90.7
23.965	90.21
23.975	89.61
23.985	89.51
23.995	89.01
24.005	88.3
24.015	87.94
24.025	86.82
24.035	85.77
24.045	84.91
24.055	84.98
24.065	85.22
24.075	85.1
24.085	87.19
24.095	88.43
24.105	87.74
24.115	86.91
24.125	86.52
24.135	86.64
24.145	86.26
24.155	85.08
24.165	83.75
24.175	80.85
24.185	79.56
24.195	80.19
24.205	80.85
24.215	81.53
24.225	82.11
24.235	81.64
24.245	79.76
24.255	78.56
24.265	79.42
24.275	79.77
24.285	79.96
24.295	81.06
24.305	81.62
24.315	81.87
24.325	80.95
25.175	74.41
25.185	73.07
25.195	73.03
25.205	73.83
25.215	83.22
25.225	81.54
25.235	81.64
25.245	93.77
25.255	94.57
25.265	91.24
25.275	91.19
25.435	100.05
25.445	98.41
25.455	97.43
25.465	96.04
25.475	96.22
25.485	95.1
25.495	94.47
25.505	94.45
25.515	92.22
25.525	92.17
25.535	92.12
25.545	88.92
25.555	87.86
25.565	91
25.575	92.04
25.585	97.27
25.595	93.58
25.605	89.58
25.615	91.44
25.625	92.86
25.635	92.32
25.655	86.32
25.665	82.19
25.675	82.44
25.685	81.82
25.695	80.84
25.725	82
25.735	93.41
25.745	93.17
25.785	95.19
25.795	81.99
25.805	81.79
25.815	81.55
25.825	81.44
25.835	80.1
25.845	79.83
25.855	81.72
25.865	82.29
25.875	82.67
25.885	83.39
25.895	83.97
25.905	83.78
25.915	83.05
25.925	82.63
25.935	81.74
25.945	81.14
25.955	80.81
25.965	78.8
25.975	79.68
25.985	81.47
25.995	82.94
26.005	88.42
26.015	93.56
26.025	89.31
26.035	89.2
26.045	89.88
26.055	90.31
26.065	90.12
26.075	90.17
26.085	89.68
26.095	88.81
26.105	88.58
26.115	90.64
26.125	89.93
26.135	89.6
26.145	90.33
26.155	90.81
26.165	90.45
26.175	90.7
26.185	94.23
26.195	96.53
26.205	94.69
26.215	93.61
26.225	94
26.235	94.76
26.245	95.84
26.255	95.96
26.265	94.61
26.275	94.11
26.285	93.73
26.295	94.13
26.305	95.21
26.315	93.81
26.325	93.52
26.335	94.51
26.735	92.45
26.745	90
26.755	89.56
26.875	90.57
26.885	90.94
26.895	87.54
26.905	85.49
26.915	84.31
26.925	83.74
26.935	84.11
27.005	84.68
27.015	84.06
27.065	70.58
27.075	100.07
27.085	99.53
27.095	107.62
27.105	115.18
27.115	120.33
27.125	119.02
27.135	118.95
27.145	119.48
27.155	118.36
27.165	119.2
27.175	120.44
27.185	122.2
27.195	121.83
27.205	118.3
27.215	117
27.225	115.52
27.235	125.44
27.245	124.74
27.255	124.32
27.265	122.7
27.275	120.96
27.285	119.6
27.295	118.04
27.305	117.2
27.315	116.77
27.325	117.44
27.335	119.49
27.345	118.38
27.355	118.3
27.365	119.36
27.375	119.96
27.385	120.35
27.395	120.43
27.405	120.26
27.415	118.05
27.425	118.74
27.435	119.6
27.445	119.57
27.455	118.86
27.535	122.16
27.545	121.15
27.555	112.47
27.565	106.37
27.575	102.71
27.585	100.46
27.615	101.65
27.625	102.03
27.635	103.42
27.645	101.99
27.655	103.38
27.665	105.51
27.675	104.75
27.685	103.84
27.695	108.19
27.705	110.5
27.715	106.49
27.725	105.09
27.735	107.18
27.745	107.75
27.755	107.25
27.765	107.3
27.775	108.61
28.025	88.55
28.035	90.06
28.045	89.86
28.055	89.69
28.065	88.76
28.075	87.26
28.085	85.38
28.095	82.88
28.105	82.57
28.115	85.8
28.125	85
28.135	84.63
28.145	84.92
28.155	85
28.165	84.68
28.175	84.06
28.185	84.05
28.195	85.61
28.205	87.13
28.215	87.5
28.225	86.65
28.235	86.41
29.475	85.69
29.485	77.57
29.495	77.6
29.505	77.26
29.515	75.84
29.725	90.74
29.735	92.86
29.745	94.15
29.755	96.1
29.765	98.16
29.775	99.31
29.785	100.42
29.795	100.85
29.805	100.64
29.815	100.02
29.825	98.47
29.835	96.08
29.885	100.4
29.895	97.82
29.905	98.24
29.915	96.67
29.925	93.27
29.935	91.15
29.945	92.28
29.955	93.86
29.965	95.18
29.975	96.42
29.985	97
29.995	96.92
30.005	96.94
30.015	97.64
30.025	97.34
30.035	98.88
30.045	98.58
30.055	96.33
30.065	96.25
30.185	97.23
30.195	95.42
30.205	94.8
30.215	95.21
30.225	95.06
30.235	94.97
30.285	96.08
30.295	96.35
30.305	95.5
30.315	96.14
30.325	100.87
30.335	97.67
30.345	100.23
30.355	95.06
30.365	93.2
30.375	90.84
30.385	88.75
30.395	87.39
30.405	88.81
30.415	90.01
30.425	89.15
30.435	89.16
30.445	88.96
30.455	88.78
30.465	89.74
30.475	88.35
30.485	87.72
30.495	88.25
30.505	90.27
30.515	89.03
30.615	98.6
30.625	98.31
30.635	98.93
30.755	104.13
30.765	101.82
30.775	100.7
30.785	99.35
30.795	97.24
30.805	96.45
30.815	96.29
30.825	95.28
30.835	93.16
30.845	91.48
30.855	90.81
30.865	90.37
30.875	89.32
30.885	88.22
30.895	85.84
30.905	84.66
30.915	84.03
30.925	83.51
30.935	82.57
30.945	79.46
30.955	78.57
30.965	79.19
30.975	79.07
30.985	79.2
30.995	79.98
31.005	78.52
31.015	80.85
31.025	79
31.035	77.47
31.045	83.21
31.055	82.73
31.065	78.83
31.075	80.57
31.085	83.75
31.095	82.23
31.105	80.25
31.115	80.54
31.165	100.55
31.175	103.05
31.185	104.2
31.195	106.29
31.205	109.49
31.215	111.19
31.225	112.42
31.235	114.47
31.245	116.3
31.255	117.15
31.265	120.64
31.275	123.53
31.285	125.26
31.295	129.61
31.305	132.6
31.315	132.39
31.325	130.13
31.335	123.97
31.345	120.97
31.355	120.31
31.395	126.06
31.405	124.95
31.415	121.63
31.425	118.57
31.435	116.72
31.445	115.43
31.455	115.23
31.465	114.47
31.475	113.93
31.485	114.26
31.495	113.67
31.505	111.47
31.515	108.55
31.525	106.7
31.535	103.95
31.545	103.34
31.555	101.97
31.565	101.55
31.575	100.17
31.585	99.76
31.595	99.79
31.605	99.36
31.615	99.29
31.625	99.58
31.635	99.63
31.645	100.02
31.655	99.83
31.665	98.6
31.675	97.59
31.685	96.93
31.695	96.88
31.705	94.28
32.135	89.58
32.145	90.83
32.155	90.21
32.165	90.07
32.175	90.12
32.185	89.71
32.195	89.74
32.205	89.43
32.215	88.57
32.225	88.32
32.235	87.49
32.245	85.12
32.255	86.44
32.265	86.4
32.275	87.38
32.285	85.7
32.295	85.28
33.425	93.1
33.435	92.75
33.445	91.89
33.455	89.75
33.465	88.81
33.475	90.74
33.485	91.31
33.495	90.36
33.505	73.34
33.515	74.46
33.545	90.97
33.555	89.52
33.565	88.14
33.575	87
33.585	86.42
33.595	87.02
33.605	87.12
33.615	86.85
33.625	87.78
33.635	88.2
33.645	87.93
33.655	87.15
33.665	85.55
33.675	83.82
33.685	84.11
33.695	83.66
33.705	83.27
33.715	82.2
33.725	80.09
33.985	100.55
33.995	101.52
34.005	101.3
34.015	100.77
34.025	100.79
34.035	100.99
34.045	100.82
34.055	99.95
34.065	96.88
34.075	96.17
34.085	97.64
34.095	73.29
34.105	73.57
34.115	73.38
34.125	73.35
34.135	73.78
34.145	73.33
34.155	103.53
34.165	105.35
34.175	106.61
34.185	107.11
34.195	107.2
34.205	107.29
34.215	106.84
34.225	105.85
34.235	104.65
34.245	106.85
34.255	107.62
34.265	107.67
34.275	107.91
34.285	108.45
34.295	106.52
34.305	104.69
34.315	103
34.325	105.47
34.335	107.42
34.345	107.9
34.355	106.49
34.365	106.62
34.375	105.45
34.535	94.36
34.545	94.64
34.555	93.13
34.565	89.78
34.575	89.61
34.585	89.81
34.595	87.2
34.605	84.52
34.615	82.62
34.625	84.43
34.635	86.46
34.645	87.89
34.655	87.88
34.665	85.71
34.675	82.78
34.685	82.9
34.695	86.89
34.705	87.68
34.715	87.35
34.725	86.9
34.935	96.42
34.945	96.6
34.955	96.04
34.965	93.84
34.975	92.2
34.985	91.01
34.995	90.82
35.005	89.19
35.015	85.8
35.025	81.01
35.135	95.84
35.145	97.47
35.155	96.49
35.185	91.2
35.195	90.92
35.205	91.04
35.215	92.86
35.225	95.72
35.235	96.37
35.245	97.66
35.255	98.03
35.265	97.19
35.275	94.83
35.285	92.86
35.295	91.95
35.305	91.24
35.315	90.03
35.325	89.45
35.335	93.1
35.345	91.18
35.355	91.22
35.365	122.87
35.375	125.52
35.385	94.39
35.395	92.98
35.405	92.17
35.415	92.2
35.425	92.32
35.435	92.11
35.445	91.58
35.455	91.92
35.465	94.94
35.475	96.23
35.485	98.85
35.495	98.24
35.505	96.94
35.515	96.54
35.525	96.31
35.535	95.9
35.545	95.17
35.555	92.71
35.565	90.91
35.575	94.08
35.585	96.92
35.595	96
35.605	94.46
35.615	96.36
35.625	98.46
35.635	100.03
35.645	100.65
35.655	100.54
35.665	100.31
35.675	100.84
35.685	101.84
35.695	102.6
35.705	102.65
35.715	101.93
35.725	100.52
35.735	99.98
35.745	102.2
35.755	103.56
35.765	103.11
35.775	101.22
35.785	101.97
35.795	102.92
35.805	102.29
35.815	101.9
35.825	102.23
35.835	102.23
35.845	101.44
35.855	100.81
36.395	89.61
36.405	91.18
36.415	90.65
36.425	89.68
36.435	89.36
36.445	89.06
36.455	88.43
36.465	87.92
36.475	87.21
36.485	87.67
36.495	87.57
36.505	88.01
36.515	87.93
36.525	87.3
36.595	86.7
36.605	88.46
36.615	89
36.625	87.75
36.635	87.01
36.715	88.69
36.725	86.51
36.735	83.91
36.745	83.45
36.755	82.92
36.765	75.22
36.775	74.92
36.785	85.02
36.795	85.83
36.805	85.98
36.815	85.28
36.865	90.96
36.875	93.41
36.885	91.82
36.895	91.01
36.905	90.55
36.915	90.04
36.925	89.79
36.935	89.82
36.945	89.78
36.955	89.75
36.965	89.91
36.975	92.18
36.985	88.46
36.995	73.06
37.005	72.93
37.015	77.2
37.025	90.81
37.035	90.2
37.145	86.02
37.155	85.05
37.165	84.35
37.175	72.95
37.185	74.37
37.195	76.14
37.205	84.89
37.215	85.03
37.225	84.36
37.235	73.8
37.245	74.93
37.285	91.34
37.295	90.63
37.305	89.13
37.315	88.54
37.325	92.64
37.335	90.23
37.345	90.39
37.355	92.21
37.365	90.08
37.375	88.39
37.385	90.98
37.395	90.44
37.405	88.57
37.415	88.96
37.425	90.54
37.435	90.94
37.445	88.89
37.455	88.41
37.465	92.98
37.475	92.62
37.485	93.58
37.495	95.22
37.505	96.52
37.515	97.44
37.525	97.6
37.535	97.41
37.545	97.49
37.555	98.44
37.565	98.81
37.575	98.76
37.695	93.16
37.705	92.69
37.715	90.17
37.725	89.18
37.735	90.86
37.745	90.23
37.755	90.75
37.765	90.16
37.775	89.12
37.785	89.44
37.795	89.49
37.805	89.56
37.815	90.01
37.825	89.03
37.835	88.88
37.845	80.89
37.855	96.39
37.865	92.91
37.875	91.3
37.885	89.52
37.895	88.55
37.905	88.64
37.915	90.05
37.925	88.64
37.935	87.82
37.945	76.25
37.955	88.83
37.965	87.9
37.995	87
38.005	88.71
38.015	88.67
38.025	88.52
38.035	88.15
38.285	81.07
38.295	94.59
38.305	93.09
38.315	91.68
38.325	90.55
38.335	90.37
38.345	90.06
38.355	87.99
38.365	86.77
38.375	84.9
38.385	84.43
38.395	84.98
38.405	84.89
38.415	81.27
38.425	81.22
38.435	81.46
38.445	82.55
38.455	83.8
38.465	84.17
38.475	83.84
38.485	84.39
38.495	84
38.505	82.79
38.515	81.79
38.525	80.9
39.775	104.11
39.785	101.64
39.795	101.77
39.805	101.4
39.815	100.08
39.825	99.15
39.835	98.92
39.845	99.74
39.855	98.43
39.865	96.69
39.875	94.77
39.885	97.13
39.895	109.41
39.905	107.5
39.915	106.71
39.925	104.36
39.935	100.12
40.045	94.41
40.055	91.85
40.065	87.92
40.075	86.21
40.085	85.22
40.095	84.07
40.105	84.47
40.115	85.13
40.125	86.65
40.135	87.95
40.145	88.26
40.155	88.33
40.165	88.46
40.175	88.36
40.185	87.58
40.195	88
40.205	67.28
40.215	85.87
40.225	87.04
40.235	87.84
40.245	87.98
40.255	88.22
40.265	88.27
40.275	87.24
40.285	87.01
40.295	87.34
40.305	86.97
40.315	85.97
40.325	85.74
40.335	87.82
40.345	86.86
40.355	85.28
40.385	164.79
40.395	167.18
40.405	164.49
40.415	161.37
40.445	86.85
40.455	85.39
40.465	85.26
40.475	85.02
40.485	86.08
40.495	86.89
40.505	87.33
40.515	87.84
40.525	87.84
40.535	87.29
40.545	86.43
40.555	85.58
40.565	84.83
40.575	84.4
40.585	83.97
40.595	83.35
40.605	81.65
40.615	77.64
40.625	81.1
40.635	82.97
40.645	84.48
40.655	84.09
40.665	83.36
40.675	81.94
40.685	80.89
40.695	86.06
40.705	85.28
40.715	84.29
40.725	83.53
40.735	84.05
40.745	83.48
40.755	74.97
40.765	80.7
40.775	81.39
40.785	81.17
40.795	81.11
40.805	81.24
40.815	81.37
40.825	82.38
40.835	85.2
40.845	85.21
40.855	84.88
40.865	85.37
40.875	86.06
40.885	86.76
40.895	87.9
40.905	89.08
40.915	86.25
40.925	84.11
40.935	83.55
40.945	84.06
40.955	83.34
40.965	81.03
40.975	80.11
40.985	78.66
40.995	82.95
41.005	82.76
41.305	85.11
41.315	86.21
41.325	85.68
41.335	84.19
41.345	83.67
41.355	83.27
41.365	82.86
41.375	83.41
41.385	84.23
41.395	83.95
41.405	83.3
41.415	83.06
41.425	82.4
41.435	80.82
41.445	81.61
41.455	82.45
41.465	83.73
41.475	83.92
41.485	83.21
41.495	82.55
41.505	82.6
41.515	83.09
41.555	82.63
41.565	82.46
41.575	82.62
41.775	85.83
41.785	84.97
41.795	85.69
41.805	86.82
41.815	86.77
41.825	122.94
41.835	123.32
41.845	124.69
41.995	102.23
42.005	100.69
42.015	98.19
42.025	97.09
42.035	97.01
42.045	96.63
42.055	96.64
42.065	97.12
42.075	97.48
42.085	97.54
42.095	97.29
42.105	96.87
42.115	96.27
42.125	95.55
42.135	93.96
42.145	92.09
42.155	93.43
42.165	94.57
42.175	96.09
42.185	97.69
42.195	97.04
42.205	96.13
42.215	95.39
42.225	94.09
42.235	91.48
42.245	91.56
42.255	91.99
42.265	91.34
42.275	90.66
42.285	90.76
42.295	90.79
42.305	90.71
42.315	90.25
42.325	90.47
42.335	92.28
42.375	92.63
42.385	93.15
42.395	93.2
42.405	91.94
42.465	87.91
42.475	88.67
42.485	88.63
42.595	91.75
42.605	91.38
42.615	88.49
42.625	89.21
42.635	90.16
42.645	89.53
42.655	88.98
42.665	90.51
42.675	90.06
42.685	89.45
42.695	177.1
42.705	182.23
42.715	171.55
42.725	176.87
42.735	194.21
42.855	87.76
42.865	87.87
42.875	86.8
42.885	84.43
42.895	84.29
42.905	84.55
43.015	94.27
43.025	94.51
43.035	95.01
43.045	93.36
43.055	91.99
43.065	91.22
43.075	90.32
43.085	89.3
43.095	89.23
43.105	89.38
43.115	89.18
43.125	88.52
43.135	88.31
43.145	88.49
43.155	89.81
43.165	91.01
43.175	91.11
43.185	90.87
43.195	90.43
43.205	90.16
43.215	90.15
43.225	90.3
43.235	90.58
43.245	90.57
43.255	90.61
43.265	89.55
43.275	88.6
43.285	87.53
43.295	85.73
43.305	84.47
43.315	85.42
43.325	89.57
43.335	88.96
43.345	86.38
43.475	90.48
43.485	91.11
43.495	86.45
43.505	86.43
43.515	86.45
43.525	86.17
43.535	85.55
43.545	85.47
43.555	85.18
43.565	84.74
43.575	85.67
43.585	86.04
43.595	85.95
43.605	172.07
43.615	170.73
43.625	172.04
43.635	172.17
43.765	77.83
43.775	77.68
43.785	78.11
43.795	79.38
43.805	80.89
43.815	79.97
43.825	84.89
43.835	84.12
43.845	83.38
43.855	83.5
43.865	83.74
43.875	83.86
43.885	83.41
44.865	105.47
44.875	106.13
44.885	102.08
44.895	100.57
44.905	97.96
44.915	97.1
44.925	96.99
44.935	96.17
45.005	78.83
45.015	79.36
45.025	80.52
45.035	77.89
45.045	80.22
45.055	76.65
45.065	89.15
45.075	86.97
45.085	85.32
45.095	84.21
45.105	84.07
45.135	80.36
45.145	83.75
45.155	84.74
45.355	104.47
45.365	104.18
45.375	106.42
45.385	108.81
45.395	109.54
45.405	106.95
45.415	110.27
45.425	113.64
45.435	114.97
45.445	114.44
45.455	116.89
45.465	118.67
45.475	117.37
45.485	115.65
45.495	114.03
45.505	112.22
45.515	110.47
45.525	112.66
45.535	111.47
45.545	107.79
45.555	105.29
45.565	106.71
45.575	110.13
45.585	113.04
45.595	113.9
45.605	121.52
45.615	124.94
45.625	125.9
45.635	123.66
45.645	127.41
45.655	135.38
45.665	135.58
45.675	136.74
45.685	144.59
45.695	147.12
45.705	148.89
45.715	147.19
45.725	144.53
45.735	143.77
45.745	143.84
45.755	143.9
45.765	143.77
45.775	143.87
45.785	143.71
45.855	128.96
45.865	126.22
45.875	123.81
45.885	122.42
45.895	122.29
45.905	124.25
45.915	125.89
45.925	124.87
45.935	124.81
45.945	124.87
45.955	125.74
45.965	125.07
45.975	123.91
45.985	120.1
45.995	116.74
46.005	111.21
46.015	109.33
46.025	108.49
46.035	108.7
46.045	107.95
46.055	105.75
46.065	107.41
46.075	110.44
46.085	110.82
46.095	109.81
46.235	83.6
46.245	84.67
46.315	90.06
46.325	90.81
46.335	90.24
46.345	90.4
46.355	90.59
46.365	90.71
46.375	90.94
46.385	90.98
46.395	90.76
46.405	90.79
46.415	91.11
46.425	91.16
46.435	90.45
46.445	90.06
46.455	90.27
46.465	89.88
46.475	90.16
46.485	90.4
46.495	91.27
46.505	91.11
46.515	90.65
46.525	90.13
46.535	88.97
46.545	90.79
46.555	90.25
46.565	90.13
46.575	89.3
46.585	88.95
46.705	91.76
46.715	91.78
46.725	91.04
46.735	86.5
46.745	83.04
46.755	78.05
46.765	78.64
46.775	79.66
46.785	74.15
46.795	74.13
47.165	103.34
47.175	103.14
47.185	104.2
47.195	106.38
47.655	90.64
47.665	90.15
47.675	88.12
47.685	84.72
47.695	83.67
47.705	84.2
47.715	75.22
47.725	79.45
47.735	81.09
47.745	83.43
47.755	84.97
47.765	67.38
47.895	81.43
47.905	82.11
47.915	80.73
47.925	79.86
47.935	79.61
47.945	79.95
47.955	80.18
47.965	79.49
47.975	79.56
47.985	80.89
47.995	80.25
48.005	78.52
48.015	79
