time	f0
0.055	100.84
0.065	105.59
0.075	106.63
0.085	107.67
0.135	118.97
0.145	119.72
0.255	126.67
0.265	128.84
0.275	132.99
0.285	135.23
0.295	135.17
0.305	134.63
0.315	134.45
0.325	134.3
0.335	133.79
0.345	132.82
0.355	130.87
0.365	128.08
0.375	123.33
0.385	120.74
0.395	116.43
0.405	114.36
0.415	112.78
0.425	110.52
0.435	109.1
0.445	109.7
0.455	110.22
0.465	111.04
0.475	110.99
0.485	110.88
0.495	110.62
0.505	110.62
0.515	110.54
0.525	110.65
0.535	110.16
0.555	110.55
0.565	110.59
0.575	110.65
0.585	110.93
0.595	111.57
0.605	111.1
0.615	109.94
0.625	113.44
0.635	111.12
0.645	108.98
0.695	107.6
0.705	107.81
0.715	107.53
0.725	107.41
0.735	108.36
0.745	109.38
0.755	110.01
0.765	111.18
0.775	112.45
0.785	113.64
0.795	114.09
0.805	116.05
0.815	116.97
0.825	117.62
0.835	119.15
0.845	119.93
0.855	119.48
0.865	119.48
0.875	119.92
0.885	120.5
0.895	121.56
0.905	122.99
0.915	123.51
0.925	122.68
0.935	122.92
0.945	122.65
0.955	122.24
0.965	120.86
0.975	121.08
0.985	121.16
0.995	121.56
1.005	122.71
1.015	123.41
1.025	122.9
1.035	123.82
1.045	123.64
1.905	102.69
1.915	103.68
1.925	102.71
1.935	99.71
1.945	100.22
1.955	103.09
1.965	105.19
1.975	108.12
1.985	107.76
1.995	106.77
2.005	106.47
2.015	106.55
2.025	106.47
2.035	105.12
2.045	103.25
2.055	101.43
2.065	99.95
2.075	98.67
2.085	95.95
2.095	97.25
2.105	96.64
2.115	94.46
2.125	95.15
2.135	95.02
2.145	96.37
2.155	95.27
2.165	97.05
2.175	96.36
2.185	97.56
2.195	97.33
2.205	95.42
2.215	93.82
2.225	93.88
2.235	96.51
2.255	104.83
2.265	102.91
2.275	100.25
2.285	97.81
2.365	103.55
2.375	101.91
2.385	101.06
2.395	103.44
2.405	101.9
2.505	94.11
2.515	93.36
2.525	94.04
2.535	95.24
2.545	94.69
2.555	92.19
2.565	92.77
2.575	94.77
2.585	99.73
2.595	100.68
2.605	100.85
2.615	105.62
2.625	106.52
2.635	108.9
2.645	109.06
2.655	107.33
2.665	107.19
2.675	107.27
2.685	105.96
2.695	105.19
2.705	104.48
2.715	104.09
2.725	103.91
2.735	104.57
2.745	105.41
2.755	106.54
2.765	107.04
2.775	107.63
2.785	107.75
2.795	107.92
2.805	108.47
2.815	108.82
2.825	110.35
2.835	112.68
2.845	112.8
2.855	112.55
2.865	113.13
2.875	113.61
2.885	113.13
2.895	112.93
2.905	113.63
3.395	90.97
3.405	97.81
3.415	99.93
3.425	102.42
3.435	106.51
3.445	110.03
3.455	106.58
3.465	105.69
3.475	106.69
3.485	108.1
3.495	108.23
3.505	107.99
3.515	106.59
3.525	107.51
3.535	109.43
3.545	106.9
3.555	106.32
3.565	106.06
3.575	104.13
3.585	102.76
3.595	101.85
3.605	96.39
3.615	97.02
3.625	94.54
3.635	94.89
3.645	97
3.655	100.71
3.665	104.05
3.755	84.67
3.765	85.64
3.775	98.82
3.785	93.08
3.795	94.1
3.805	95.16
3.815	95.64
3.825	97.69
3.835	96.83
3.845	97.29
3.855	98.97
3.875	96.46
3.885	97.03
3.895	97.05
3.905	94.17
3.915	94.46
3.925	93.84
3.935	99.04
3.945	93.47
3.955	91.03
3.965	87.22
3.975	82.32
3.985	87
3.995	89.72
4.005	93.79
4.095	123.26
4.105	118.52
4.115	116.76
4.125	115.58
4.135	113.7
4.145	112.19
4.155	110.83
4.165	109.75
4.175	108.34
4.185	106.82
4.195	103.98
4.205	101.9
4.215	97.63
4.225	97.45
4.235	87.88
4.305	96.87
4.315	96.19
4.325	93.07
4.335	90.36
5.355	103.18
5.365	112.84
5.375	109.79
5.385	103.22
5.395	103.69
5.405	103.53
5.415	103.84
5.425	103.16
5.435	101.71
5.445	103.34
5.455	105.58
5.465	105.65
5.475	104.82
5.485	104.14
5.495	105.03
5.505	104.95
5.515	105.16
5.525	106.04
5.535	107.48
5.545	109.26
5.555	108.56
5.565	107.73
5.575	108.21
5.585	107.49
5.595	106.22
5.605	106.25
5.615	108.71
5.625	107.68
5.635	106.65
5.645	105.9
5.655	106.87
6.335	91.03
6.345	95.05
6.355	95.53
6.365	95.29
6.375	96.4
6.385	96.34
6.395	95.16
6.405	93.63
6.415	93.01
6.425	92.07
6.435	92.08
6.445	92.3
6.455	92.14
6.465	93.35
6.475	93.69
6.485	94.12
6.495	93.99
6.505	94.53
6.515	98.19
6.525	95.27
6.535	92.58
6.545	94.38
6.555	99.75
6.565	95.32
6.575	95.46
6.585	92.42
6.595	97.41
6.605	96.32
6.615	89.6
6.625	89.41
6.635	77.29
6.675	161.09
6.685	158.31
6.695	161.23
6.875	97.39
6.885	97.92
6.895	95.61
6.905	94.84
6.915	94.79
6.925	94.65
6.935	94.97
6.945	94.42
6.955	93.8
6.965	92.79
6.975	91.5
6.985	92.38
6.995	95.1
7.005	94.95
7.015	92.17
7.025	93.26
7.035	95.56
7.045	94.54
7.055	94.53
7.065	95.37
7.075	97.35
7.085	98.63
7.095	98.6
7.105	97.52
7.115	95.23
7.125	91.92
7.155	91.79
7.165	93.79
7.175	98.59
7.185	97.04
7.195	96.16
7.205	95.03
7.215	95.89
7.225	95.92
7.235	95.12
7.245	93.67
7.255	95.68
7.265	94.93
7.275	94.19
7.285	94.27
7.295	93.97
7.305	93.22
7.315	97.28
7.325	95.33
7.335	94.56
7.345	93.83
7.355	92.94
7.365	92.3
7.375	92.18
7.385	92.4
7.395	93.33
7.405	95.95
7.415	97.93
7.425	99.64
7.435	99.31
7.445	98.32
7.455	96.74
7.465	96.39
7.475	96.28
7.485	95.45
7.495	94.87
7.505	94.65
7.515	95.09
7.525	95.18
7.535	95.09
7.545	94.98
7.555	95.58
7.565	97.03
7.575	97.34
7.585	97.44
7.595	93.83
7.605	98.47
7.615	97.34
7.625	95.52
7.635	96.72
7.645	96.55
7.655	95.75
7.665	94.88
7.675	96.78
7.685	97.98
8.035	102.83
8.045	96.25
8.055	97.9
8.325	103.08
8.335	88.72
8.345	92.3
8.355	91.55
8.495	75.73
8.505	112.14
8.515	109.94
8.525	107.62
8.535	101.52
8.545	97.9
8.555	95.91
8.565	94.72
8.575	94.4
8.585	93.36
8.595	96.29
8.605	98.68
8.615	98.8
8.625	97.7
8.635	91.39
8.645	101.29
8.655	100.16
8.695	116.08
8.705	109.92
8.715	108.61
8.725	106.94
8.735	103.32
