time	f0
1.081	112.98
1.091	111.85
1.101	111.53
1.111	111.64
1.121	116.06
1.131	110.71
1.141	111.79
1.151	116.44
1.161	117.24
1.171	116.93
1.181	116.98
1.191	116.68
1.201	116.58
1.211	115.73
1.221	112.61
1.231	113.19
1.241	115.21
1.251	113.77
1.261	113.41
1.271	113.32
1.331	132.05
1.341	129.22
1.351	126.98
1.361	125.41
1.371	125.66
1.381	125.47
1.391	125.83
1.401	126.79
1.411	127.52
1.421	132.25
1.431	138.87
1.441	134.05
1.451	135.08
1.461	144.97
1.471	145.34
1.481	143.58
1.491	145.52
1.501	145.01
1.511	144.02
1.521	144.91
1.531	144.83
1.541	144.86
1.551	142.73
1.561	141.61
1.571	137.43
1.581	137.53
1.591	138.36
1.601	139.96
1.611	139.55
3.021	146.36
3.031	129.24
3.041	127.81
3.051	126.08
3.061	124.25
3.071	124.17
3.081	124.08
3.091	123.89
3.101	122.52
3.111	120.43
3.121	121.53
3.131	124.17
3.141	123.55
3.151	123.11
3.161	122.75
3.171	123.02
3.181	121.66
3.191	121.38
3.201	120.45
3.211	119.13
3.221	118.2
3.231	118.98
3.241	119.47
3.251	122.96
3.261	122.94
3.271	128.63
3.281	122
3.291	117.64
3.301	115.91
3.311	114.07
3.321	112.42
3.331	112.44
3.341	114.18
3.481	127.11
3.491	124.36
3.501	125.41
3.511	124.96
3.521	123.99
3.531	122.99
3.541	121.07
3.551	117.95
3.561	111.41
3.571	121.02
3.581	124.78
3.591	123.57
3.721	125.9
3.731	125.1
3.741	124.28
3.751	124.67
3.761	125.82
3.771	125.7
3.781	125.65
3.791	125.06
3.801	125.2
3.811	125.41
3.821	125.7
3.831	125.65
3.841	125.53
3.851	125.71
3.861	125.28
3.871	125.44
3.881	125.9
3.941	121.8
3.951	119.19
3.961	118.74
3.971	117.4
3.981	116.44
3.991	116.96
4.001	117.36
4.011	117.11
4.021	117.65
4.031	117.98
4.041	117.77
4.051	116.95
4.061	118.08
4.071	119.18
4.081	119.65
4.091	119.53
4.191	119.26
4.201	117.99
4.211	116.05
4.221	114.86
7.921	127.07
7.931	126.57
7.941	125.49
7.951	124.72
7.961	126.58
7.971	128.85
8.171	130.04
8.181	120.35
8.191	119.29
8.201	119.94
8.211	115.83
8.221	119.25
8.231	110.61
8.241	116.2
8.251	109.38
8.261	109.28
8.271	109.85
8.281	109.51
8.291	109.57
8.301	109.15
8.311	108.5
8.321	110.75
8.331	110.96
8.341	111.36
8.351	111.55
8.361	111.26
8.371	111.52
8.381	111.18
8.391	111.95
8.401	112.39
8.411	113.1
8.421	112.39
8.431	112.1
8.441	112.24
8.471	112.4
8.481	111.93
8.491	112.83
8.841	114.05
8.851	114.38
8.861	111.97
8.871	110.59
8.881	107.28
8.891	108.19
8.901	110.95
8.911	111.31
8.921	111.8
8.931	114.23
8.941	113.81
8.951	113.94
8.961	115.84
8.971	117.56
8.981	127.14
8.991	118.52
9.001	121.79
9.011	122.9
9.021	136.25
9.031	132.46
9.041	126.62
9.051	122.63
9.061	121.37
9.071	121.02
9.081	120.6
9.091	120.27
9.101	119.54
9.111	118.13
9.121	116.3
9.131	114.68
9.141	114.41
9.151	115.56
9.161	115.28
9.171	114.82
9.181	115.38
9.191	115.37
9.321	122.26
9.331	123.14
9.341	122.69
9.351	121.86
9.361	121.84
9.371	122.2
9.381	121.11
9.391	120.09
9.401	116.62
9.411	114.82
9.421	120.53
9.431	120.8
9.441	120.88
9.451	121.09
9.461	120.25
9.471	114.95
9.481	115.33
9.571	118.97
9.581	117.94
9.591	118.2
9.601	112.57
9.611	112.39
9.621	112.05
9.631	110.28
9.641	111.51
9.651	111.81
9.661	114.87
9.671	112.89
9.681	112.44
9.691	112.21
9.701	111.02
9.711	108.49
9.721	108.2
9.971	136.48
9.981	132.57
9.991	131.08
10.001	131.25
10.011	131.68
10.021	131.09
10.031	130.52
10.041	130.19
10.051	130.82
10.061	131.71
10.071	132.05
10.081	132.38
10.091	132.46
10.101	132.01
10.111	132.1
10.121	132.53
10.131	132.03
10.141	133.11
10.151	132.72
10.161	131.75
10.171	136.47
10.181	130.17
10.191	120.51
10.201	120.12
10.211	117.8
10.221	117.09
10.231	117.6
10.241	117.3
10.251	116.32
10.261	116.42
10.271	116.22
10.281	115.72
10.291	115.8
10.301	115.43
10.311	114.92
10.321	113.78
10.331	112.89
10.341	103.01
10.351	110.13
10.361	110.6
10.371	112.11
10.381	111.95
10.391	110.61
10.401	110.55
10.411	110.01
10.421	108.9
10.431	107.24
10.441	106.17
10.451	104.46
10.461	102.4
10.471	100.67
10.481	101.5
10.491	104.98
10.501	104.83
12.551	97.7
12.561	109.48
12.571	113.78
12.581	113.93
12.591	108.13
12.601	109.16
12.611	109.79
12.621	108.86
12.631	115.04
12.641	107.45
12.701	116.38
12.711	121.9
12.721	127.89
12.731	129.72
12.741	128.26
12.751	127.73
12.761	127.7
12.771	127.64
12.781	127.91
12.791	127.64
12.801	125.72
12.811	126.17
12.821	126.06
12.831	124.72
12.841	122.75
12.851	120.68
12.861	115.43
12.871	110.18
12.881	115.71
13.011	104.24
13.021	103.83
13.031	103.99
13.041	103.84
13.051	104.6
13.061	105.71
13.071	106.11
13.081	104.69
13.091	103.88
13.101	101.93
13.111	102
13.121	101.03
13.811	113.59
13.821	112.18
13.831	108.17
13.841	106.35
13.851	110.06
13.861	108.88
13.871	105.58
13.881	106.11
13.891	105.76
13.901	104.32
13.911	103.95
13.921	107.61
13.931	109.68
13.941	109.28
13.951	108.65
13.961	106.58
13.971	105.24
13.981	104.51
13.991	102.76
14.031	106.14
14.041	106.69
14.051	106
14.061	111.95
14.071	109.81
14.171	115.52
14.181	109.84
14.191	113.17
14.201	112.05
14.211	113.53
14.221	118.11
14.231	122.3
14.241	116.52
14.251	115.5
14.261	114.78
14.271	112.33
14.281	111.33
14.291	109.51
14.301	107.8
14.311	107.09
14.321	107.29
14.501	113.45
14.511	117.69
14.521	117.18
14.531	117.46
14.541	118
14.551	117.51
14.561	118.07
14.571	118.36
14.581	117.48
14.591	118
14.601	117.57
14.611	117.38
14.621	117.06
14.631	116.07
14.641	113.93
14.651	115.69
14.661	118.25
14.791	119.77
14.801	121.75
14.811	122.9
14.821	122.42
14.831	122.89
14.841	121.87
14.851	122.13
14.861	121.62
14.871	119.83
14.881	126.95
14.891	124.53
17.861	138.47
17.871	132.78
17.881	131.24
17.891	131.92
17.901	131.11
17.911	130.63
17.921	130.62
17.931	130.89
17.941	132.23
17.951	131.69
17.961	132.45
17.971	132.87
17.981	133.88
17.991	132.69
18.001	131.3
18.011	127.07
18.021	127.11
18.031	124.85
18.041	124.92
18.051	117.21
18.061	119.35
18.071	120.05
18.081	121.22
18.091	119.8
18.101	130.91
18.111	131.32
22.211	143.83
22.221	137.24
22.231	132.13
22.241	127.5
22.251	123.92
22.261	122.68
22.271	120.99
22.281	117.38
22.291	116.3
22.301	115.87
22.311	115.08
22.321	114.06
22.331	112.32
22.341	110.41
22.351	113.94
22.361	113.26
22.451	134.88
22.461	129.24
22.471	127.45
22.481	121.45
22.491	120.11
22.501	118.34
22.511	116.89
22.521	118.42
22.531	119.37
22.541	120.64
22.551	121.22
22.561	121
22.571	121.69
22.581	123.1
22.591	122.97
22.601	122.02
22.611	121.73
22.621	121.6
22.631	121.45
22.641	121.91
22.651	122.06
22.661	120.63
22.671	120.47
22.681	123.8
22.691	124.89
22.701	126.34
22.711	127.57
22.721	128.52
22.731	130.24
22.741	132.13
22.751	133.74
22.761	131.66
22.771	130.61
22.781	130.27
22.791	128.3
22.801	126.64
22.811	124.24
22.821	122.52
22.831	120.19
22.841	119.31
22.851	117.11
22.861	115.49
22.871	114.18
22.881	115.02
22.891	115.07
22.901	116.32
22.911	115.44
22.921	114.26
22.931	114.27
22.941	114.53
22.951	113.7
22.961	112.87
22.971	111.82
22.981	112.33
22.991	113.24
23.001	113.25
23.011	113.87
23.021	114.79
23.031	115.73
23.041	114.86
23.051	114.7
23.061	116.19
23.071	117.46
23.081	118.07
23.091	118.13
23.101	119.84
23.111	119.31
23.121	120.58
23.131	121.15
23.141	121.82
23.151	121.99
23.161	119.32
23.171	119.57
23.181	121.61
23.431	108.57
23.441	110.35
23.451	111.49
23.461	111.8
23.471	113.03
23.481	114.65
23.491	115.41
23.501	114.14
23.511	113.57
23.521	112.78
23.531	113.57
23.641	116.54
23.651	115.97
23.661	114.22
23.671	111.94
23.681	116.34
23.691	118.7
23.701	120.41
23.711	120.3
23.721	119.47
23.731	121.24
23.741	127.57
23.751	130.93
23.761	129.85
23.771	125.23
23.781	123.74
23.791	122.76
23.801	122.73
23.811	122.4
23.821	122.56
23.831	122.1
23.841	121.6
23.851	120.82
23.861	119.09
23.871	117.02
23.881	117.08
24.011	99.18
24.021	114.54
24.031	108.68
24.041	109.54
24.051	108.28
24.061	108.11
24.071	107.1
24.081	107.06
24.091	107.21
24.101	106.96
24.341	119.04
24.351	110.97
24.361	110.3
24.371	111.73
24.381	111.92
24.391	114.74
24.401	115.41
24.411	117.35
24.421	117.67
24.431	116.16
24.441	113.26
24.451	116.69
24.461	116.31
24.471	119.91
24.481	111.54
24.491	111.14
24.501	110.57
24.511	126.31
24.521	120.89
24.531	117.87
24.541	116.85
24.551	116.14
24.561	116.51
24.571	116
24.581	116.01
24.591	116.23
24.601	116.66
24.611	116.13
24.621	115.67
24.631	114.82
24.641	116.92
24.651	114.38
24.661	113.47
24.801	118.06
24.811	117.49
24.821	116.54
24.831	116.66
24.841	117.8
24.851	117.55
24.861	116.84
24.871	117.21
24.881	115.94
24.891	116.39
24.901	116.76
24.911	117.93
24.921	118.78
25.011	110.32
25.021	111.09
25.031	110.73
25.041	110.3
25.051	110.05
25.061	110.77
25.071	109.11
25.081	110.37
25.091	110.12
25.101	108.92
25.111	110.77
25.291	113.39
25.301	112.56
25.311	113.17
25.321	112.73
25.331	111.33
25.341	111.58
25.351	111.71
25.361	111.58
25.371	111.51
25.401	114.01
25.411	114.24
25.421	117.09
25.431	110.72
25.441	111.04
25.451	110.21
25.461	109.64
25.471	112.2
25.481	113.72
25.491	113.71
25.501	117.91
25.511	113.07
25.521	112.81
25.531	112.44
25.541	112.76
25.551	116.45
25.801	107.18
25.811	109.11
25.821	108.21
25.831	107.92
25.841	108.07
25.851	105.69
26.111	104.03
26.121	105.52
26.131	104.02
26.141	102.35
26.151	101.49
26.161	99.97
26.271	102.18
26.281	107.5
26.291	108.58
26.301	106.54
26.311	108.55
26.321	105.3
26.331	136.06
