time	f0
1.531	136.34
1.541	128.24
1.551	247.26
1.561	251.45
1.571	248.09
1.581	248.64
1.591	250.86
1.601	254.22
1.611	245.13
1.621	235.61
1.631	229.77
1.641	204.59
1.651	200.34
1.661	218.95
1.671	217.63
1.681	210.42
1.691	231.62
1.701	250.33
1.711	233.57
1.721	238.21
1.731	247.7
1.741	238.87
1.751	236.75
1.761	239.8
1.771	238.69
1.781	221.88
1.791	207.5
1.801	189.82
1.831	246.72
1.841	213.73
1.851	184.4
1.861	181.84
1.871	169.38
1.881	154.86
1.891	142.98
1.901	156.12
1.911	165.68
1.921	168.35
1.931	158.74
1.941	155.02
1.951	152.73
1.961	160.66
1.971	167.56
1.981	170.5
1.991	185.08
2.011	175.84
2.021	164.09
2.031	166.41
2.071	191.21
2.081	202.16
2.091	193.97
2.101	166.89
2.111	158.78
2.121	166.01
2.131	162.09
2.141	156.93
2.151	147.28
2.161	157.14
2.171	164.84
2.181	160.46
2.191	154.98
2.201	156.47
2.211	155.85
2.221	168.39
2.231	168.33
2.241	153.57
2.251	162.69
3.581	141.64
3.591	142.33
3.601	139.09
3.611	135.1
3.621	132.43
3.631	129.99
3.641	129.77
3.651	127.98
3.661	127.03
3.671	125.82
3.681	126.36
3.691	126.45
3.701	125.64
3.711	125.52
3.721	124.99
3.731	123.97
3.741	122.56
3.751	123.44
3.761	123
3.771	122.34
3.781	120.65
3.791	118.59
3.801	116.53
3.811	121.33
3.821	122.18
3.831	120.76
3.841	121.68
3.851	120.29
3.861	120.71
3.871	121.16
3.881	119.82
3.891	118.82
3.901	118.88
3.911	116.29
3.921	117.13
3.931	118.36
3.941	118.88
3.951	117.9
3.961	120.16
3.971	118.82
3.981	118.01
3.991	118.55
4.001	118.27
4.011	117.36
4.021	116.85
4.031	115.27
4.041	115.29
4.051	115.81
4.061	116.85
4.071	115.72
4.821	142.11
4.831	142.92
4.841	139.98
4.851	135.08
4.861	137.17
4.871	136.7
4.881	137.77
4.891	136.15
4.901	132.68
4.911	130.21
4.921	126.99
4.931	124.29
4.941	123.32
4.951	122.92
4.961	121.84
4.971	121.49
4.981	122.9
4.991	120.55
5.001	123.84
5.011	124.08
5.021	123.22
5.031	122.83
5.041	123.35
5.111	145.48
5.121	145.26
5.131	145.39
5.141	144.11
5.151	144.15
5.161	143.27
5.171	142.98
5.181	142.82
5.191	141.34
5.201	139.75
5.211	138.38
5.221	135.21
5.231	141.56
5.241	141.41
5.251	140.04
5.351	149.66
5.361	148.21
5.371	147.27
5.381	145.7
5.391	144.74
5.401	144.71
5.411	140.96
5.421	137.64
5.431	138.97
5.441	142.97
5.451	145.56
5.461	144.41
5.471	145.29
5.511	146.87
5.521	146.72
5.531	134.26
5.541	138.01
5.551	141.12
5.561	139.62
5.571	137.72
5.581	135.81
5.591	134.85
5.601	134.22
5.611	131.82
5.621	137.34
5.631	137.2
5.641	133.57
5.651	131.55
5.661	131.52
5.671	130.89
5.681	129.34
5.691	131.32
5.701	128.81
5.711	128.07
5.721	122.68
5.731	124.21
5.741	123.14
5.751	120.87
5.761	121.64
5.771	120.63
5.781	119.55
5.791	121.37
5.801	120.75
5.811	119.44
5.821	119.45
5.831	119.96
5.841	121.29
5.851	120.02
5.861	119.32
5.871	120.94
5.881	123.47
5.891	123.55
5.901	122.53
5.911	122.05
5.921	122.4
5.931	122.07
5.941	123.21
5.951	124
5.961	124.78
5.971	123.52
5.981	133.13
5.991	134.11
6.001	134.66
6.011	140.52
6.021	145.96
6.031	148.77
6.041	151.9
6.051	155.96
6.061	159.05
6.071	153.39
6.081	158.32
6.091	160.34
6.101	158.78
6.111	157.47
6.121	157.09
6.131	155.97
6.141	154.01
6.151	151.76
6.161	153
6.171	149.64
6.181	148.76
6.191	150.35
6.201	149.98
6.211	141.52
6.221	142.52
6.231	136.18
6.241	144.8
6.251	147.38
6.261	148.75
6.271	149.89
6.281	150.61
6.781	136.16
6.791	132.59
6.801	127.22
6.811	123.42
6.821	123.99
6.831	123.1
6.841	122.48
6.851	121.25
6.861	121.14
6.871	120.33
6.881	119.15
6.891	118.24
6.901	118.04
6.911	117.66
6.921	118.09
6.931	118.64
6.941	119.46
6.951	119.84
6.961	119.22
6.971	118.9
6.981	118.29
6.991	117.14
7.001	116.53
7.011	115.9
7.021	115.42
7.031	115.09
7.041	115.58
7.051	116.36
7.061	116.28
7.071	116.06
7.081	115.31
7.091	114.68
7.101	112.78
7.111	112.46
7.121	113.63
7.131	112.9
7.141	112.3
7.151	114.61
7.161	114.03
7.171	113.81
7.181	114.45
7.191	113.39
7.201	113.18
7.211	113.06
7.221	112.45
7.231	112.37
7.241	112.07
7.251	112
7.261	111.73
7.271	110.41
7.281	110.89
7.291	108.92
7.301	112.69
7.441	142.5
7.451	142.3
7.461	139.77
7.471	137.87
7.481	136.09
7.491	132.07
7.501	127.1
7.511	124.41
7.521	123.39
7.531	121.25
7.541	119.42
7.551	117.92
7.561	117.48
7.571	113.14
7.581	107.94
7.591	108.7
7.621	119.87
7.631	119.31
7.641	119.73
7.651	119.92
7.661	120.99
7.671	121.72
7.681	121.85
7.691	122.06
7.701	122.01
7.711	122
7.721	122.99
7.731	123.15
7.741	123.01
7.751	123.26
7.761	123.65
7.771	124.57
7.781	125.12
7.791	122.26
7.801	119.04
7.811	121.85
7.821	121.89
7.831	121.15
7.841	122.38
7.851	122.48
7.861	122.38
7.871	122.44
7.881	122.43
7.891	123.47
7.901	123.04
7.911	123.38
7.921	123.02
7.931	123.34
7.941	122.15
7.951	120.35
7.961	119.88
7.971	120.64
7.981	121.35
7.991	122.78
8.001	123.84
8.011	122.37
8.021	122.86
8.031	129.02
8.041	130.8
8.051	131.78
8.061	131.07
8.071	129.06
8.081	128.8
8.091	128.18
8.101	125.81
8.111	122.93
8.121	125.72
8.131	125.28
8.141	125.88
8.151	127.08
8.161	129.65
8.171	129.23
8.181	128.99
8.191	121.57
8.201	121.42
8.391	134.29
8.401	135.36
8.411	134.33
8.421	137.46
8.431	137.14
8.441	131.01
8.451	130.68
8.461	130.16
8.471	131.11
8.481	130.66
8.491	129.89
8.501	129.28
8.511	129.01
8.521	129.45
8.531	130.35
8.541	131.56
8.551	131.22
8.561	131.62
8.571	132.54
8.581	131.61
8.591	131.77
8.601	131.85
8.611	131.73
8.621	131.86
8.631	130.51
8.641	132.87
8.651	131.43
8.661	131.39
8.671	132.25
8.681	131.21
8.691	131.62
8.701	131.48
8.711	131.84
8.721	131.77
8.731	133.1
8.741	134.96
8.751	134.19
8.761	131.99
8.771	130.62
8.781	129.07
8.791	128.1
8.801	127.46
8.811	126.03
8.821	124.5
8.831	125.02
8.841	124.61
8.851	122.72
8.861	122.87
8.871	122.85
8.881	122.34
8.891	121.68
8.901	121.27
8.911	121.44
8.921	120.8
8.931	120.08
8.941	119.65
8.951	118.28
8.961	116.87
8.971	120.93
8.981	122.56
8.991	124.4
9.001	122.45
9.011	120.27
9.021	120.96
9.031	120
9.041	120.13
9.051	120.04
9.061	119.77
9.121	119.97
9.131	118.28
9.141	117.6
9.151	118.93
9.161	119.65
9.171	117.89
9.181	119.39
9.191	119.83
9.201	119.87
9.211	119.2
9.221	119.5
9.231	119.02
9.241	118.07
10.561	125.03
10.571	128.63
10.581	133.35
10.591	122.08
10.601	117.28
10.611	115.13
10.631	109.06
10.641	105.63
10.651	106.2
10.661	106.53
10.671	110.23
10.681	111.59
10.691	113.68
10.731	122.65
10.741	125.17
10.751	125.84
10.761	128.1
10.771	127.4
10.781	126.41
10.791	125.11
10.801	121.43
10.811	118.18
10.821	116
10.831	116.13
10.841	115.54
10.851	114.6
10.861	114.22
10.871	112.6
10.881	112.15
10.891	111.49
10.901	111.57
10.911	111.04
10.921	111.77
10.931	110.62
10.941	110.79
10.951	109.53
10.961	113.64
10.971	112.1
10.981	111.3
10.991	111.11
11.001	112.08
11.011	111.86
11.021	113.96
11.031	113.6
11.041	114.07
11.051	112.55
11.061	112.69
11.071	111.64
11.081	112.17
11.091	111.17
11.101	112.07
11.111	111.16
11.121	110.74
11.131	111.2
11.141	111.3
11.151	110.72
11.161	112.36
11.171	111.18
11.181	110.91
11.191	109.48
11.201	108.2
11.211	107.41
11.221	104.9
11.231	105.59
11.241	112.8
11.341	125.93
11.351	122.4
11.361	120.51
11.371	119.09
11.381	117.86
11.391	115.94
11.401	114.03
11.411	110.27
11.421	107.31
11.431	110.86
11.441	97.85
11.451	107.23
11.461	111.5
11.471	112.69
11.481	112.93
11.491	114.55
11.501	113.8
11.511	114.14
11.521	114.47
11.531	116.13
11.541	116.45
11.551	114.4
11.561	114.31
11.571	113.94
11.581	113.16
11.591	113.24
11.601	114.54
11.611	114.72
11.621	114.51
11.741	115.11
11.751	120.99
11.761	122.74
11.771	122.33
11.781	120.09
11.791	117.42
11.801	117.51
11.811	119.28
11.821	122.1
11.831	116.1
11.841	120.33
11.941	120.63
11.951	119.27
11.961	117.78
11.971	115.71
11.981	116.93
11.991	119.39
12.001	114.26
12.011	118.69
12.021	115.79
12.031	117.28
12.041	118.32
12.051	122.98
12.061	121.13
12.071	121.02
12.081	121.68
12.091	122.21
12.101	121.84
12.111	121.95
12.251	120.07
12.261	122.67
12.271	121.72
12.281	116.88
12.291	114.05
12.321	113.81
12.331	117.01
12.341	117.68
12.351	122.47
12.361	121.44
12.371	118.69
12.381	122.77
12.391	121.93
12.401	121.74
12.411	122.45
12.421	117.53
12.431	111.7
12.441	115.89
12.641	130.14
12.651	129.44
12.661	128.92
12.671	130.39
12.681	127.66
12.691	128.55
12.701	130.26
12.711	130.65
12.721	129.38
12.731	129.77
12.951	136.47
12.961	142.68
12.971	140.64
12.981	139.49
12.991	138.43
13.001	138.71
13.011	139.24
13.021	139.46
13.031	138.78
13.041	139.76
13.051	140.65
13.061	142.16
13.071	144.69
13.081	147.59
13.091	150.92
13.101	155.23
13.111	159.74
13.121	165.22
13.131	166.68
13.141	168.82
13.151	175.6
13.161	181.02
13.171	182.27
13.181	180.06
13.191	177.95
13.201	183.6
13.211	194.25
13.221	191.13
13.231	200.85
13.241	199.2
13.251	195.44
13.261	203.69
13.271	208.33
13.281	205.78
13.291	203.26
13.301	204.84
13.311	200.27
13.321	202.16
13.331	200.24
13.341	206.33
13.351	203.74
13.361	202.81
13.371	203.9
13.381	204.18
13.391	205.71
13.401	204.48
13.411	207.05
13.421	202.84
13.431	202.25
13.441	195.81
13.451	197.78
13.461	205.8
13.471	207.6
13.481	200.16
13.491	206.86
13.501	203.33
13.511	194.76
13.521	199.82
13.531	208.01
13.541	207.18
13.571	174.24
13.581	171.49
13.591	169.5
13.601	167.65
13.611	166.07
13.621	164.99
13.631	164.51
13.641	160.7
13.651	161.04
13.661	164.01
13.671	162.69
13.681	154.45
13.691	152.72
13.701	153.8
13.711	154.21
13.721	153.97
13.731	157.67
13.741	158.76
13.751	159.8
13.761	155.72
13.771	154.03
13.781	149.88
13.791	151.04
13.801	146.52
13.811	148.5
13.821	148.24
13.831	149.99
13.841	147.83
13.851	146.72
13.861	149.24
13.871	149.8
13.881	149.71
13.891	150.14
13.901	148.11
13.911	147.7
13.921	153.19
13.931	152.3
13.941	153.48
13.951	152.97
13.961	151.45
13.971	153.56
13.981	154.44
13.991	155.97
14.001	154.75
14.011	155.51
14.021	155.6
14.031	156.22
14.041	154.67
14.051	155.12
14.061	155.63
14.071	154.01
14.081	152
14.091	150.56
14.101	149.81
14.111	148.84
14.121	150.08
14.131	149.92
14.141	150.38
14.151	150.67
14.161	152.25
14.171	153.24
14.181	156.49
14.191	156.15
14.201	155.59
14.211	159.61
14.221	158.83
14.231	160.42
14.241	163.43
14.251	162.58
14.261	164.57
14.271	167.97
14.281	166.1
14.291	176.75
14.301	175.96
14.311	177.2
14.321	180.15
14.331	180.45
14.341	178.2
14.351	176.33
14.361	174.57
14.371	179.66
14.381	169.31
14.391	170.58
14.401	169.83
14.411	169.27
14.421	167.27
14.431	166.25
14.761	151.89
14.771	152.99
14.781	150.65
14.791	146.93
14.801	146.81
14.811	141.96
14.821	140.37
14.831	136.43
14.841	135.82
14.851	133.11
14.861	136.16
14.871	130.93
14.881	133.69
14.891	130.09
14.901	130.78
14.911	132.21
14.921	131.79
14.931	131.16
14.941	129.54
14.951	129.93
14.961	128.7
14.971	129.87
14.981	127.86
14.991	127.6
15.001	128.79
15.011	128.22
15.021	127.5
15.031	126.91
15.041	128.45
15.051	126.69
15.061	128.22
15.071	127.33
15.081	127.11
15.091	127.26
15.101	127.29
15.111	126.36
15.121	125.63
15.131	126.52
15.141	125.29
15.151	124.06
15.161	125.54
15.171	125.67
15.181	127.56
15.191	126.54
15.201	122.76
15.211	121.26
15.321	152.17
15.331	148.39
15.341	148.55
15.351	148.33
15.361	149.73
15.371	146.76
15.381	147.29
15.391	143.35
15.401	143.89
15.411	141.73
15.421	138.4
15.431	136.69
15.441	136.8
15.451	137.47
15.461	139.25
15.471	131.33
15.481	133.22
15.491	135.36
15.501	133.87
15.511	133.19
15.521	126.16
15.531	126.67
15.541	127.6
15.551	124.09
15.561	123.82
15.571	123.12
15.581	122.85
15.591	121.9
15.601	120.47
15.611	118.93
15.621	119.42
15.631	119.9
15.641	120.22
15.651	121.12
15.661	120.4
15.671	121.84
16.571	131.02
16.581	132.37
16.591	132.58
16.601	126.45
16.611	121.97
16.621	121.86
16.631	120.53
16.641	117.26
16.651	114.75
16.661	113.71
16.671	119.1
16.681	115.84
16.691	123.53
16.701	125.75
16.711	124.77
16.721	124.44
16.731	137.89
16.741	125.87
16.751	123.35
16.761	125.39
16.771	124.99
16.781	123.93
16.791	131.48
16.801	133.11
16.811	124.74
16.821	127.89
16.831	129.16
16.841	123.66
16.881	159.61
16.891	150.33
16.901	147.57
16.911	146.14
16.921	145.27
16.931	144.33
16.941	142.95
16.951	140.13
16.961	139.18
16.971	139.42
16.981	137.91
16.991	136.02
17.001	139.67
17.011	139.83
17.021	140.71
17.031	141.17
17.041	143.73
17.051	145.62
17.061	141.29
17.071	144.32
17.081	144.57
17.091	145.1
17.101	145.67
17.111	146.25
17.121	145.9
17.131	146.12
17.141	149.31
17.151	148.33
17.161	148.46
17.171	148.22
17.181	147.7
17.191	147.03
17.201	146.83
17.211	146.9
17.221	146.78
17.231	147.54
17.241	147.65
17.251	147.97
17.261	149.13
17.271	149.28
17.281	148.54
17.291	146.81
17.301	145.49
17.311	145.63
17.321	147.4
17.331	149.03
17.341	146.46
17.351	145.73
17.361	145.29
17.371	146.64
17.381	146
17.391	138.21
17.401	134.59
17.411	134.81
17.421	131.91
17.431	125.38
17.441	123.87
17.451	125.32
17.551	147.59
17.561	144.47
17.571	143
17.581	141.29
17.591	140.25
17.601	140.47
17.611	140.44
17.621	140.66
17.631	140.78
17.641	141.11
17.651	141.21
17.661	141.45
17.671	141.81
17.681	141.29
17.691	140.8
17.701	141.69
17.711	141.63
17.721	141.99
17.731	141.8
17.741	141.34
17.751	140.61
17.761	140.79
17.771	141.1
17.781	140.98
17.791	141.11
17.801	141.33
17.811	141.55
17.821	141.25
18.761	153.32
18.771	153.3
18.781	157.86
18.791	157.44
18.801	153.46
18.811	150.16
18.821	149.35
18.831	150.47
18.841	149.61
18.851	144.51
18.861	140.75
18.871	144.34
18.881	138.54
18.891	139.42
18.901	138.16
18.911	137.31
18.921	136.76
18.931	136.33
18.941	134.87
18.951	134.91
18.961	134.76
18.971	134.35
18.981	137.04
18.991	138.91
19.001	138.36
19.011	134.53
19.021	134.69
19.031	134.67
19.041	135.15
19.051	134.99
19.061	133.82
19.071	134.21
19.081	134.81
19.091	135.34
19.101	135.59
19.111	135.4
19.121	134.77
19.131	134.53
19.141	136.87
19.151	136.55
19.161	136.09
19.171	137.77
19.181	136.87
19.191	135.97
19.201	135.44
19.211	135.2
19.221	137.95
19.231	143.89
19.241	148.51
19.251	149.35
19.261	157.58
19.271	162.84
19.281	164.26
19.291	164.38
19.301	165.95
19.311	166.09
19.321	169.81
19.331	174.62
19.341	177.82
19.351	180.52
19.361	181.38
19.371	180.99
19.381	181.22
19.391	173.68
19.401	161.68
19.411	166.97
19.421	173.36
19.431	170.11
19.441	170.22
19.451	170.85
19.461	175.25
19.471	201.22
19.481	189.47
19.491	179.63
19.501	182.56
19.511	187.14
19.521	181.71
19.531	179.72
19.541	178.59
19.551	176.67
19.561	176.4
19.571	176.35
19.581	175.76
19.591	175.81
19.601	175.7
19.611	176.6
19.621	178.67
19.631	186.21
19.641	192.25
19.651	193.08
19.661	183.56
19.671	183.95
19.681	177.88
19.691	179.2
19.701	181.63
19.711	179.74
19.721	178.32
19.821	166.26
19.831	170.43
19.841	171.03
19.851	170.64
19.861	170.23
19.871	167.62
19.881	163.99
19.891	167.32
19.901	172.77
19.911	169.14
19.921	170.83
19.931	170.46
19.941	171.33
19.951	171.45
20.001	161.04
20.011	161.73
20.021	158.95
20.031	156.44
20.041	157.22
20.051	156.17
20.061	155.39
20.071	153.62
20.081	157.18
20.091	156.86
20.101	156.03
20.111	156.11
20.121	154.9
20.131	154.72
20.141	155.41
20.151	158.38
20.161	160.77
20.171	165.34
20.181	166.36
20.191	166.95
20.201	166.79
20.211	167.71
20.221	165.34
20.231	171.38
20.241	167.89
20.251	167.6
20.261	166.36
20.271	165.28
20.281	167.19
20.291	165.22
20.301	162.37
20.311	163.65
20.321	165.46
20.331	165.08
20.341	164.7
20.351	167.17
20.391	165.13
20.401	164.17
20.411	163.93
20.421	163.13
20.431	163.46
20.441	163.82
20.451	163.44
20.461	163.58
20.471	164.75
20.481	163.38
20.491	161.44
20.501	164.44
20.511	159.92
20.521	158.42
20.531	157.54
20.541	155.7
20.551	155.54
20.561	159.24
20.571	159.4
20.581	156.7
20.591	153.22
20.601	154.08
20.611	153.33
20.621	151.57
20.631	152.5
20.641	153.85
20.651	154.85
20.661	154.9
20.671	153.88
20.681	153.72
20.691	155.23
20.701	154.3
20.711	153.56
20.721	153.61
20.731	153.66
20.741	153.62
20.751	152.63
20.761	154.86
20.861	174.98
20.871	172.57
20.881	170.99
20.891	168.89
20.901	165.28
20.911	156.7
20.921	154.49
20.931	157.07
20.941	158.72
20.951	158.87
20.961	158.28
20.971	157.68
20.981	159.01
20.991	158.82
21.001	159.02
21.011	158.01
21.021	158.25
21.031	158.46
21.041	158.48
21.051	163.05
21.061	164.31
21.121	163.05
21.131	163.2
21.141	159
21.151	157.47
21.161	157.31
21.171	154.55
21.181	152.11
21.191	152.82
21.201	153.07
21.211	152.96
21.221	153.73
21.231	152.49
21.241	152.64
21.251	152.41
21.261	152.23
21.271	154.33
21.281	153.21
21.291	151.64
21.301	149.46
21.311	151.5
21.321	150.78
21.331	151.9
21.371	92.67
21.431	102.42
21.441	105.17
21.451	133.03
21.461	137.49
21.471	136.05
21.481	135
21.491	133.78
21.501	133.52
21.511	133.26
21.521	132.35
21.531	132.11
21.541	130.44
21.551	129.66
21.561	130.28
21.571	130.1
21.581	131.58
21.591	131.88
21.601	129.58
21.611	126.9
21.621	126.37
21.631	128.97
21.641	127.66
21.651	129.57
21.661	129.81
21.671	131
21.681	131.08
21.701	126.59
21.711	128.16
21.721	128.21
21.731	127.12
22.211	137.61
22.221	134.23
22.231	133.93
22.241	137.09
22.251	135.75
22.261	133.84
22.271	134.48
22.281	137.54
22.291	138.47
22.301	139.59
22.311	141.09
22.321	140.81
22.331	141.98
22.341	142.96
22.351	144.32
22.361	145.08
22.371	145.45
22.381	145.78
22.391	144.96
22.401	144.26
22.411	143.66
22.421	142.01
22.431	140.45
22.441	140.14
22.451	142.92
22.461	142.69
22.471	140.72
22.481	141.37
22.491	140.75
22.501	139.73
22.511	139.49
22.521	139.92
22.531	139.66
22.541	141.26
22.551	142.85
22.561	140.45
22.571	139.23
22.581	139.38
22.591	139.21
22.601	140.32
22.611	140.1
22.621	139.31
22.631	139.46
22.641	139.38
22.651	137.52
22.661	132.16
22.671	153.32
22.681	139.63
22.691	138.87
22.701	137.31
22.711	134.38
22.721	132.69
22.731	132.15
22.741	131.05
22.751	129.81
22.761	128.3
22.771	126.61
22.781	125.68
22.791	126.09
22.801	125.52
22.811	130.56
22.821	129.18
22.831	129.13
22.841	129.82
22.851	129.49
22.861	127.81
22.871	133.28
22.881	137.89
22.891	133.77
22.901	132.83
22.911	133.5
22.921	133.29
22.931	132.95
22.941	133.09
22.951	134.06
22.961	132.49
22.971	129.52
22.981	128.48
22.991	127.53
23.001	125.72
23.011	124.61
23.021	123.87
23.031	121.6
23.041	121.97
23.051	120.82
23.061	118.57
23.071	115.12
23.081	115.67
23.091	131.78
23.101	129.28
23.111	123.41
23.121	118.34
23.131	118.76
23.141	121.48
23.151	94.16
23.161	96.54
23.171	122.39
23.181	131.27
23.191	109.8
23.221	93.83
23.231	93.69
23.241	124.3
23.251	131.14
23.261	130.9
23.271	128.82
23.281	122.96
23.291	122.78
23.301	122.93
23.311	122.51
23.321	121.91
23.331	122.74
23.341	124.66
23.351	127.29
23.361	127.51
23.371	124.81
23.381	120.95
23.391	121.95
23.401	124.03
23.411	125.23
23.421	126.93
23.431	132.4
23.441	117.17
23.451	124.78
23.461	128.16
23.471	126.29
23.481	119.7
23.491	120.84
23.501	135.38
23.511	154.7
23.521	165.8
23.531	168.21
23.541	163.44
23.551	172.64
23.561	176.49
23.571	178.89
23.581	174.44
23.591	174.5
23.601	170.98
23.611	170.8
23.621	170.95
23.671	164.1
23.681	165.33
23.691	164.75
23.701	164.3
23.711	164.34
23.721	163.66
23.751	141.08
23.761	142.37
23.771	108.56
23.781	108.21
23.791	118.26
23.801	113.81
23.811	114.06
23.821	114.41
23.831	112.44
24.431	132.72
24.441	130.79
24.451	141.95
24.461	119.15
24.471	120.55
24.481	120.17
24.491	118.74
24.501	120.1
24.511	121.24
24.521	118.56
24.531	118.02
24.541	116.17
24.551	115.9
24.561	118.82
24.571	119.81
24.581	120.45
24.591	114.16
24.601	119.31
24.611	122.01
24.641	137
24.651	137.24
24.661	135.34
24.671	134.05
24.681	131.2
24.691	127.87
24.701	124.37
24.711	121.63
24.721	118.85
24.731	116.71
24.741	117.91
24.751	116.83
24.761	118.8
24.771	117.5
24.781	117.61
24.791	116.99
24.801	115.84
24.811	115.55
24.821	116.11
24.831	117.12
24.841	117.05
24.851	121.21
24.861	111.97
24.871	116.64
24.881	117.34
24.891	117.39
24.901	122.42
24.911	121.41
24.921	121.65
24.931	122.96
24.941	122.99
24.951	123.3
24.961	122.11
24.971	122.17
24.981	123.54
24.991	123.43
25.001	125.9
25.011	124.14
25.021	124.34
25.031	125.77
25.041	126.38
25.051	124.9
25.061	123.8
25.071	122.61
25.081	120.72
25.091	116.77
25.101	119.82
25.111	121.54
25.121	121.08
25.131	119.73
25.141	118.66
25.151	117.24
25.161	116.79
25.171	117.56
25.181	117.63
25.191	119.39
25.201	120.59
25.211	120.92
25.221	121.31
25.231	118.88
25.241	115.93
25.251	115.01
25.261	114.17
25.271	115.36
25.281	115.04
25.291	116.23
25.301	116.34
25.311	118.66
25.321	118.13
25.331	117.42
25.341	116.89
25.351	116.06
25.361	116.08
25.371	116.44
25.381	115.88
25.391	115.62
25.401	116.79
25.411	117.76
25.421	116.2
25.431	115.94
25.441	115.49
25.451	116.44
25.461	117.79
25.471	118.1
25.481	117.63
25.491	116.82
25.501	115.76
25.511	115.02
25.521	115.83
25.531	116.64
25.541	116.23
25.551	116.27
25.561	116.2
25.571	115.52
25.581	115.92
25.601	115.21
25.611	110.7
25.621	111.81
25.631	111.66
25.641	111.45
25.651	111.15
25.661	110.52
25.671	111.04
25.771	134.19
25.781	134
25.791	133.6
25.801	133.64
25.811	132.4
25.821	129.6
25.831	128.75
25.841	125.95
25.851	119.3
26.221	114.75
26.231	112.66
26.241	111.39
26.251	112.96
26.261	115.37
26.271	115.87
26.281	117.48
26.291	119.9
26.301	118.09
26.311	118.95
26.321	124.26
26.331	119.12
26.341	117.46
26.521	198.34
26.531	195.16
26.541	197.35
26.551	197.38
26.881	120.45
26.891	127.03
26.901	126.9
26.911	123.5
27.481	124.94
27.491	138.85
27.501	135.73
27.511	132.04
27.521	129.86
27.531	130.01
27.541	128.59
27.551	129.31
27.561	134.11
27.571	131.12
27.581	129.42
27.591	135.18
27.641	116.98
27.651	116.47
27.661	117.44
27.671	117.19
27.681	116.26
27.691	115.27
27.701	115.81
27.711	115.99
27.721	116.23
27.731	116.34
27.741	116.82
27.751	116.75
27.761	117.57
27.771	116.87
27.781	117.71
27.791	117.25
27.801	116.46
27.811	118.51
27.821	119.93
27.831	119.68
27.841	119.81
27.851	120.72
27.861	121.19
27.871	136.88
27.881	142.41
27.931	139.33
27.941	136.67
27.951	125.47
27.961	126.28
27.971	141.25
27.981	141.8
27.991	134.46
28.001	128.48
28.011	126.68
28.021	125.33
28.031	125.75
28.041	126.91
28.051	128.54
28.061	128.87
28.071	128.48
28.081	128.93
28.091	129.16
28.101	129.69
28.111	129.97
28.121	130.53
28.131	129.97
28.141	130.14
28.151	131.29
28.161	131.63
28.171	131.7
28.181	131.55
28.191	130.96
28.201	131.27
28.211	132.87
28.221	131.95
28.231	131.02
28.241	130.18
28.251	131.27
28.261	131.14
28.271	131.56
28.281	131.41
28.291	129.54
28.301	129.14
28.311	126.14
28.321	124.75
28.451	143.27
28.461	142.96
28.471	141.76
28.481	140.38
28.491	139.24
28.501	138.96
28.511	135.45
28.521	134.34
28.531	133.91
28.541	133.91
28.551	133.87
28.561	132.41
28.571	129.39
28.581	128.26
28.591	126.17
28.601	128.18
28.611	135.45
28.621	138.44
28.631	107.41
28.641	102.32
28.651	109.74
28.661	114.48
28.671	115.24
28.681	115.62
28.691	113.51
28.701	112.19
28.711	112.35
28.721	113.55
28.731	109.59
28.741	111.89
28.751	116.54
28.761	116.02
28.771	125.53
28.781	133.13
28.791	131.91
28.801	132.51
28.811	133.28
28.821	129.31
28.831	128.59
28.841	128.36
28.851	129
28.861	129.54
28.871	129.51
28.881	128.78
28.891	126.97
28.901	126.55
28.911	128.32
28.921	128.87
28.931	129.09
28.941	128.42
28.951	128.36
28.961	129.61
28.971	129.33
28.981	129.8
28.991	128.96
29.001	128.76
29.011	128.59
29.021	129.04
29.031	128.68
29.041	127.83
29.051	127
29.061	126.09
29.071	127.44
29.081	126.52
29.091	128.36
29.101	128.4
29.111	127.46
29.121	127.32
29.131	126.82
29.141	124.79
29.151	126.21
29.161	122.89
29.171	123.77
29.181	124.39
29.191	124.14
29.201	121.95
29.211	122.07
29.221	122.17
29.231	121.65
29.241	118.79
29.251	118.08
29.261	114.69
29.271	117.28
29.281	119.84
29.291	119.69
29.301	117.52
29.311	119.48
29.321	126.75
29.331	126.88
29.521	131.96
29.531	131.76
29.541	131.98
29.551	129.97
29.561	129.97
29.571	132.31
29.581	132.51
29.591	132.81
29.601	134.38
29.611	134.44
29.621	134.72
29.631	133.36
29.641	129.65
29.651	129.02
29.661	134.31
29.671	134.27
29.681	133.82
29.781	132.83
29.791	132.77
29.801	133.34
29.811	133.58
29.821	133.71
29.831	133.98
29.841	133.92
29.851	132.93
29.861	131.7
29.871	133.44
29.881	133.44
29.891	133.54
29.901	133.33
29.911	134.74
29.921	131.07
29.931	130.24
29.941	132.32
29.981	127.1
29.991	122.62
30.001	121.77
30.011	118.47
30.021	117.16
30.031	123.68
30.041	123.19
30.051	116.42
30.061	116.48
30.071	124.55
30.081	120.58
30.171	128.27
30.181	128.55
30.191	127.1
30.201	126.29
30.211	125.03
30.221	124.53
30.231	125.65
30.241	127.51
30.251	125.31
30.261	126.41
30.271	127.69
30.281	128.02
30.361	148.61
30.371	148.63
30.381	149.42
30.391	147.85
30.401	147.19
30.411	149.87
30.421	150.02
30.431	142.58
30.441	141.71
30.451	135.51
30.461	139.32
30.471	141.88
30.481	141.92
30.491	140.2
30.501	132.62
30.511	129.99
30.521	126.67
30.531	123.64
30.541	129.05
30.551	137.96
30.561	132.57
30.571	133.21
30.581	130.96
30.591	132.05
30.601	141.76
30.611	148.53
30.621	149.59
30.631	152.53
30.641	154.8
30.651	157.13
30.661	158.44
30.671	160.33
30.681	160.79
30.691	160.7
30.701	158.25
30.711	156.46
30.721	154.61
30.731	150.18
30.741	146.34
30.751	143.15
30.761	134.64
30.771	127.16
30.781	127.43
30.791	123.33
30.801	122.37
30.811	124.52
30.821	121.9
30.831	120.89
30.841	123.31
30.851	124.43
30.861	125.35
30.871	126.43
30.881	128.1
30.891	129.11
30.901	129
30.911	131.37
30.921	131.01
30.931	132.62
30.941	132.52
30.951	134.25
30.961	133.63
30.971	132.1
30.981	133.95
30.991	133.82
31.001	130.54
31.011	128.05
31.021	123.72
31.031	127.79
31.041	130.65
31.151	129.14
31.161	129.42
31.171	128.77
31.181	123.41
31.191	125.12
31.201	126.8
31.211	127.9
31.221	126.84
31.231	126.56
31.241	129.75
31.251	134.07
31.261	133.5
31.271	132.37
31.281	133.25
31.291	135.4
31.301	136.11
31.311	137.76
31.321	137.88
31.331	140.24
31.341	142.43
31.351	141.88
31.361	145.68
31.371	146.18
31.381	145.57
31.391	148.56
31.401	147.37
31.411	148.52
31.421	148.21
31.431	147.59
31.441	146.52
31.451	144.6
31.461	142.93
31.471	145.31
31.481	146.96
31.491	144.54
31.501	144.05
31.511	145.67
31.521	145.53
31.531	142.03
31.541	143.53
31.551	143.3
31.561	141.4
31.571	115.75
31.581	114.89
31.591	115.78
31.601	114.44
31.611	114.06
31.621	122.34
31.631	120.62
31.641	124.01
31.651	122.82
31.661	122.49
31.671	119.82
31.681	123.34
31.691	121.98
31.701	122.29
31.711	121.36
31.721	122.31
31.731	123.07
31.741	122.96
31.751	118.69
31.761	122.16
31.771	122.95
31.781	128
31.791	129.42
31.801	126.28
31.811	128.52
31.821	134.85
31.831	134.23
31.841	134.07
31.851	133.48
31.861	135.77
31.871	135.26
31.881	128.23
31.891	136.31
31.901	137.89
31.911	139.44
31.921	141.37
31.931	141.01
31.941	139.55
31.951	138.12
31.961	137.07
31.971	136.65
32.021	138.99
32.031	141.83
32.041	141.49
32.051	144.08
32.061	148.02
32.071	150.49
32.081	146.4
32.091	142.51
32.101	141.3
32.111	138.16
32.121	137.56
32.131	134.02
32.141	132.4
32.151	130.45
32.161	129.37
32.171	127.1
32.181	126.98
32.191	123.63
32.201	122.12
32.211	121.09
32.221	121.7
32.241	102.45
32.251	101.61
32.261	123.67
32.271	123.52
32.281	121.04
32.291	119.29
32.301	118.76
32.311	117.59
32.321	118.14
32.331	117.52
32.341	117.61
32.351	118.09
32.361	117
32.371	115.66
32.381	117.97
32.391	119.66
32.401	120.76
32.411	120.84
32.421	121.37
32.431	120.51
32.441	125.19
32.451	125.01
32.461	123.2
32.471	123.85
32.481	123.64
32.491	123.37
32.501	123.61
32.511	123.28
32.521	122.65
32.531	123.24
32.541	122.76
32.551	121.65
32.561	120.26
32.571	119.46
32.581	118.83
32.591	119.32
32.601	119.67
32.611	118.77
32.621	117.35
32.631	117.23
32.641	117.74
32.651	116.96
32.661	117.37
32.671	119.14
32.681	120
32.691	118.31
32.701	120.16
32.711	119.3
32.721	118.46
32.731	117.69
32.741	118.36
33.191	132.1
33.201	132.11
33.211	129.73
33.221	127.83
33.231	126.95
33.241	124.9
33.251	125.6
33.261	123.32
33.271	121.62
33.281	121.76
33.291	118.15
33.301	118.75
33.311	121.37
33.321	117.1
33.331	118.42
33.341	123.38
33.351	122
33.401	126.41
33.411	125.34
33.421	125.52
33.431	126.54
33.441	126.78
33.451	125.29
33.461	124.85
33.471	124.79
33.481	127.84
33.491	126.21
33.501	123.97
33.511	121.67
33.521	119.23
33.531	120.47
33.541	123.54
33.551	125
33.561	128.38
33.591	126.52
33.601	125.56
33.611	124.91
33.621	120.81
33.781	139.41
33.791	144.02
33.801	136.78
33.811	135.34
33.821	135.71
33.831	135.78
33.841	136.07
33.851	135.93
33.861	136.77
33.871	136.45
33.881	135
33.891	134.54
33.901	135.28
33.911	135.88
33.921	129.78
34.051	140.03
34.061	140.34
34.091	134.81
34.101	134
34.111	132.5
34.121	132.22
34.131	132.89
34.271	119.58
34.281	117.48
34.291	119.18
34.301	119.6
34.311	117.18
34.321	117.76
34.331	117.96
34.341	118.56
34.351	117.95
34.361	117.37
34.371	115.94
34.381	115.4
34.391	111.71
34.401	114.14
34.411	116.77
34.421	116.34
34.431	115.7
34.441	113.38
34.451	112.87
34.461	111.59
34.471	114.09
34.481	113.82
34.491	114.4
35.121	137.85
35.131	138.79
35.141	140.35
35.151	134.84
35.161	131.55
35.171	127.28
35.181	126.92
35.191	126.74
35.201	128.84
35.211	129.76
35.221	128.95
35.231	127.43
35.241	124.06
35.251	120.27
35.261	117.71
35.271	117.31
35.281	117.66
35.291	117.43
35.301	115.91
35.311	117.47
35.321	116.89
35.331	118.05
35.341	119.13
35.351	120.64
35.361	126.8
35.371	126.69
35.381	95.6
35.391	99.59
35.441	117.9
35.451	118.92
35.461	116.74
35.471	116.97
35.481	117.77
35.531	144.38
35.541	144.33
35.631	107.67
35.641	112.4
35.651	114.37
35.681	216.31
35.691	216.87
35.701	219.6
35.711	227.78
35.721	234.34
35.731	217.77
35.751	119.27
35.761	120.27
35.771	117.45
35.781	119.32
35.791	116.05
35.801	114.27
35.811	110.51
35.821	109.87
35.831	108.42
35.841	106.99
35.851	107.72
35.861	106.61
35.871	106.36
35.881	105.69
35.891	105.86
35.901	106.89
35.911	107.34
35.921	108.69
35.931	109.65
35.941	110.17
35.951	111.46
35.961	114.94
35.971	118.05
35.981	118.43
35.991	126.68
36.001	123.79
36.011	133.31
36.021	121.95
36.031	128.57
36.051	209.6
36.061	202.85
36.091	123.33
36.101	136.13
36.111	135.44
36.121	146.65
36.131	146.61
37.201	126.47
37.211	124.38
37.221	122.76
37.231	122.39
37.241	120.74
37.251	124.08
37.261	131.12
37.271	128.46
37.281	128.55
37.291	129.58
37.301	127.78
37.311	124.56
37.321	123.68
37.331	123.68
37.341	125.08
37.351	125.9
37.361	126.02
37.411	123.94
37.421	122.72
37.431	122.56
37.441	123.06
37.451	121.92
37.461	120.13
37.471	119.81
37.481	119.62
37.491	120.43
37.501	120.22
37.511	119.92
37.521	119.63
37.531	118.23
37.541	118.55
37.551	117.66
37.561	119.02
37.571	120.56
37.581	118.56
37.591	119.95
37.601	123.28
37.611	123.06
37.621	121.08
37.631	120.33
37.641	121.11
37.651	121.35
37.661	121.24
37.671	121.48
37.681	120.32
37.691	121.02
38.381	126.9
38.391	129.71
38.401	131.72
38.411	130.16
38.421	131.62
38.431	128.59
38.441	120.74
38.451	123.96
38.461	129.76
38.471	131.53
38.481	131.32
38.491	138.77
38.501	142.35
38.511	143.48
38.521	136.82
38.531	134.57
38.541	133.16
38.551	131.84
38.561	131.95
38.571	131.92
38.581	132.15
38.591	131.24
38.601	132.14
38.611	132.63
38.621	132.41
38.631	132.61
38.641	132.45
38.651	131.83
38.661	132.42
38.671	132.4
38.681	129.91
38.691	128.75
38.701	130.06
38.711	133.32
38.721	133.05
38.731	132.69
38.741	130.77
38.751	127.98
38.761	130.39
38.771	134.16
38.781	134.28
38.791	133.22
38.801	131.35
38.811	130.46
38.821	129.66
38.831	128.59
38.841	130.12
38.851	132.52
38.861	131.13
38.871	130.26
38.881	130.65
38.891	129.44
38.901	129.37
38.911	129.48
38.921	130.12
38.931	130.4
38.941	130.72
38.951	129.87
38.961	130.27
38.971	129.61
38.981	131.21
38.991	131.48
39.051	137.75
39.061	136
39.071	131.5
39.081	130.91
39.091	129.47
39.101	127.97
39.111	123.55
39.121	129.1
39.131	130.24
39.141	130.63
39.151	130.05
39.161	131.2
39.171	129.12
39.181	127.63
39.191	132.12
39.201	133.8
39.211	129.59
39.221	125.26
39.231	126.15
39.241	124.59
39.251	124.91
39.261	128.76
39.271	122.96
39.281	119
39.291	117.42
39.301	117.68
39.311	122.32
39.321	126.52
39.331	127.76
39.341	128.02
39.351	128.12
39.361	128.64
39.371	128.95
39.381	129.6
39.391	130.41
39.401	133.63
39.411	133.18
39.421	132.99
39.431	133.76
39.441	134.55
39.451	137.02
39.461	139.82
39.471	141.62
39.481	143.38
39.491	143.93
39.501	144.13
39.511	141.3
39.521	139.86
39.531	139.11
39.541	140.53
39.551	142.66
39.561	141.86
39.571	141.19
39.581	141.78
39.591	141.05
39.601	144.3
39.611	146.3
39.621	148.75
39.631	147.84
39.641	141.32
39.651	136.3
39.661	133.51
39.671	130.59
39.681	129.38
39.691	127.11
39.701	127.42
39.711	122.9
39.721	127.66
39.731	126.81
39.741	126.67
39.751	127.05
39.761	126.15
39.771	127.46
39.781	131.41
39.791	120.33
39.801	126.9
39.811	124.3
39.821	127.27
39.831	131.27
39.841	129.32
39.851	131.01
39.861	132.54
39.871	132.61
39.881	140.5
39.891	141.1
39.901	141.59
39.911	147.21
39.921	140.69
39.931	136.72
39.941	140.75
39.951	148.94
39.961	148.64
39.971	148.62
40.011	153.7
40.021	151.92
40.031	149.25
40.041	145.43
40.051	139.85
40.061	133.74
40.071	131.05
40.081	129.84
40.091	131.98
40.101	132.53
40.141	152.94
40.151	155.92
40.161	158.69
40.171	158.48
40.181	163.85
40.191	184.88
40.201	189.31
40.211	189.59
40.221	198.53
40.231	205.82
40.241	207.66
40.251	208.58
40.261	209.09
40.271	210.07
40.281	210.16
40.291	209.71
40.301	208.42
40.311	205.09
40.321	203
40.331	203.98
40.341	207.46
40.351	208.7
40.361	204.68
40.371	205.16
40.381	205.61
40.391	205.84
40.401	203.23
40.411	199.26
40.421	162.96
40.431	160.58
40.441	157.88
40.451	158.81
40.461	155.2
40.471	157.17
40.481	156.17
40.491	155.04
40.501	154.08
40.511	159.52
40.521	165.88
40.531	160.01
40.541	157.39
40.551	149.88
40.561	171.34
40.571	157.71
40.581	159.08
40.591	160.67
40.601	165.78
40.611	162.18
40.621	158.99
40.631	163.09
40.641	162.43
40.651	158.05
40.661	154.22
40.671	149.19
40.681	145.35
40.691	143.26
40.701	140.59
40.711	138.81
40.721	145
40.731	146.84
40.741	143.05
40.751	145.59
40.761	145.82
40.771	139.58
40.801	148.68
40.811	145.44
40.821	145.69
40.831	143.38
40.841	143.1
40.851	137.04
40.861	140.95
40.871	138.45
40.881	138.51
40.891	130.77
40.901	135.74
40.911	139.17
40.921	145.85
40.931	148.93
40.941	150.71
40.951	149.43
40.961	148.88
40.971	147.63
40.981	146.82
40.991	145.99
41.001	142.47
41.011	147.56
41.021	151.56
41.031	153.06
41.041	154.62
41.051	157.02
41.061	154.98
41.071	151.72
41.081	150.68
41.091	152.05
41.101	154.32
41.111	156.13
41.121	153.54
41.131	156.04
41.141	155.89
41.151	153.01
41.161	151.23
41.171	150.03
41.181	148.67
41.191	152.21
41.201	155.47
41.211	153.93
41.221	152.83
41.231	148.66
41.241	147.74
41.251	147.64
41.261	147.1
41.271	145.8
41.281	146.67
41.291	146.76
41.301	145.97
41.311	142.73
41.321	144.27
41.331	144
41.341	141.45
41.351	139.66
41.361	138.58
41.371	141.22
41.381	151.55
41.391	147.66
41.401	146.29
41.411	150.42
41.421	149.37
41.431	146.9
41.441	140.49
41.451	138.85
41.461	138
41.471	137.88
41.481	137.25
41.491	136.9
41.501	136.13
41.511	134.64
41.521	133.83
41.531	133.85
41.541	133.66
41.551	134.01
41.561	134.07
41.571	134.7
41.581	135.45
41.591	134.5
41.601	136.38
41.611	135.28
41.621	133.47
41.631	134.14
41.641	134.41
41.651	133.46
41.661	134.1
41.671	134.02
41.681	135.71
41.691	135.32
41.701	135.56
41.711	134.64
42.421	137.89
42.431	131.19
42.441	124.64
42.451	124.22
42.461	125.85
42.501	122.77
42.511	129.24
42.521	131.03
42.531	132.99
42.541	130.6
42.551	128.81
42.561	128.39
42.571	128.36
42.581	129.06
42.591	130.72
42.601	132.03
42.611	134.1
42.621	130.14
42.631	128.69
42.641	125.39
42.651	129.56
42.661	134.91
42.671	131.73
42.681	129.3
42.691	126.57
42.701	127.52
42.711	129.8
42.721	133.16
42.731	141.54
42.741	150.87
42.751	147.75
42.761	145.72
42.771	137.27
42.781	136.33
42.791	144.03
42.801	135.21
42.811	136.58
42.821	136.33
42.831	140.96
42.841	141.95
42.851	140.73
42.861	139.12
42.871	137.61
42.881	137.56
42.891	137.44
42.901	136.31
42.911	135.97
42.921	133.91
42.931	130.29
42.941	128.14
42.951	133
42.961	135.14
42.971	138.38
42.981	130.54
42.991	127.07
43.001	137.31
43.011	131.86
43.021	128.56
43.031	127.02
43.041	125.4
43.051	124.09
43.061	123.07
43.071	122.25
43.081	121.43
43.091	122.21
43.101	123.86
43.111	124.4
43.121	122.43
43.131	121.74
43.141	121.45
43.151	123.25
43.161	124.75
43.171	124.6
43.181	124.07
43.191	124.42
43.201	125.21
43.211	126.06
43.221	129.22
43.231	132.76
43.241	136.29
43.251	142.35
43.261	143.15
43.271	141.39
43.281	139.2
43.291	137.97
43.301	133.19
43.311	131.25
43.341	133.97
43.351	133.91
43.361	152.34
43.371	149.38
43.381	140.81
43.391	134.49
43.401	128.3
43.411	124.21
43.421	122.4
43.431	118.57
43.441	117.25
43.511	137.19
43.521	139.09
43.531	139.94
43.541	132.03
43.551	132.15
43.561	132.02
43.571	128.66
43.581	127.95
43.591	126.51
43.601	121.41
43.611	128.23
43.621	129.93
43.631	127.73
43.641	127.38
43.721	141.69
43.731	145.44
43.741	142.8
43.751	142.34
43.761	138.05
43.771	135.25
43.781	134.28
43.791	127
43.801	127.54
43.811	134.31
43.821	134.69
43.831	141.95
43.841	144.79
43.851	146.14
43.861	148.54
43.871	147.52
43.881	148.75
43.891	149.49
43.901	149.17
43.911	149.16
43.921	145.19
43.931	145.3
43.941	135.69
44.011	148.75
44.021	147.32
44.031	147.92
44.041	148.66
44.051	148.29
44.061	148.5
44.071	145.01
44.081	144.44
44.091	143.58
44.101	140.16
44.111	139.68
44.121	138.15
44.131	132.43
44.141	132.48
44.151	133.6
44.161	130.38
44.171	127.64
44.181	128.22
44.191	127.32
44.201	117.8
44.211	119.63
44.221	121.11
44.231	119.08
44.631	132.53
44.641	133.14
44.651	124.89
44.661	117.74
44.771	134.89
44.781	131.86
44.791	130.54
44.801	131.96
44.811	128.27
44.821	123.97
44.831	123.96
44.841	125.68
44.851	126.97
44.861	126.92
44.871	125.56
44.881	122.75
44.891	121.42
44.901	126.58
44.911	134.56
44.921	133.61
44.931	129.8
44.941	129.14
44.951	129.99
44.961	128.99
44.971	129.5
44.981	130.28
44.991	132.39
45.001	130.84
45.011	130.92
45.021	131.76
45.031	131.79
45.041	131.79
45.051	132.69
45.061	132.25
45.071	130.81
45.081	129.11
45.091	128.46
45.101	126.83
45.111	127.06
45.121	127.33
45.131	124.17
45.141	123.59
45.151	122.97
45.161	121.17
45.171	120.47
45.181	119.44
45.191	117.66
45.201	112.79
45.211	119.69
45.221	123.71
45.271	121.79
45.281	121.86
45.291	121.83
45.301	123.03
45.311	128.88
45.321	139.86
45.331	140.61
45.341	138.74
45.351	137.44
45.361	132.1
45.371	130.67
45.381	128.24
45.391	125.94
45.401	126.47
45.411	126.23
45.421	125.08
45.431	123.31
45.441	121.93
45.451	122.42
45.501	124.67
45.511	122.18
45.521	119.68
45.531	123.07
45.541	123.38
45.551	121.47
45.561	123.8
45.571	122.35
45.581	122.07
45.591	117.56
45.601	119.36
45.611	120.59
45.621	119.76
45.631	120.29
45.641	121.83
45.651	122.16
45.661	119.36
45.671	117.39
45.681	117.38
45.691	117.91
45.701	118.05
45.711	118.51
45.721	119.19
45.731	123.78
45.741	125.2
45.751	123.64
45.761	122.86
45.771	122.7
45.781	121.64
45.791	120.6
45.801	120.6
45.811	120.47
45.821	121.79
45.831	122.42
45.841	122.57
45.851	122.65
45.861	123.48
45.871	123.33
45.881	124.21
45.891	124.25
45.901	124.13
45.911	123.99
45.921	124.7
45.931	126.33
45.941	127.58
47.601	136.49
47.611	133.89
47.631	122.75
47.641	122.11
47.651	121.35
47.661	121.66
47.671	123.75
47.681	123.65
47.691	123.8
47.701	123.95
47.711	122.45
47.721	124.79
47.731	123.67
47.741	124.07
47.751	123.9
47.761	120.38
47.771	126.23
47.781	123.85
47.791	148.94
47.801	148.79
47.811	143.67
47.821	143.78
47.831	142.49
47.841	139.21
47.851	134.71
47.861	132.24
47.871	132.23
47.881	122.68
47.891	123.42
47.901	129.29
47.911	139.53
47.921	131.57
47.931	137.25
47.941	131.29
47.951	125.58
47.961	124.65
47.971	122.05
47.981	122.53
47.991	116.11
48.001	116.56
48.011	124.82
48.021	122.2
48.031	108.03
48.041	125.21
48.051	121.63
48.061	137.58
48.071	141.3
48.081	136.81
48.091	127.55
48.101	126.65
48.111	124.21
48.121	119.87
48.131	121.92
48.141	123.76
48.151	121.49
48.161	120.98
48.171	121.79
48.181	120.15
48.191	120.18
48.201	117.78
48.211	117.68
48.221	114.78
48.231	116.68
48.241	120.67
48.251	119.01
48.261	118.99
48.271	116.13
48.281	119.15
48.291	123.69
48.301	125.38
48.311	123.17
48.321	122.39
48.331	123.3
48.341	123.79
48.351	122.72
48.361	122.38
48.371	124.26
48.381	125.52
48.391	124.33
48.401	123.76
48.411	124.13
48.421	124.61
48.431	124.69
48.441	124.87
48.451	125.17
48.461	127.33
48.471	126.19
48.481	126.34
48.491	126.77
48.501	126.61
48.511	125.73
48.521	125.04
48.531	125.34
48.541	124.74
48.551	124.62
48.561	125.65
48.571	125.4
48.581	124.83
48.591	123.12
48.601	121.46
48.611	120.03
48.621	120.33
48.631	127.62
48.641	122.15
48.651	118.43
48.661	120.52
48.671	121.58
48.681	121.72
48.691	121.43
48.701	122
48.711	122.29
48.721	121.35
48.731	120.27
48.741	121.84
48.751	120.74
48.761	119.31
48.771	121.82
48.781	124.52
48.791	124.59
48.801	124.21
48.811	123.51
48.821	124.1
48.831	124.69
48.841	123.23
48.851	123.61
48.861	123.89
48.871	123.84
48.881	124.71
48.891	121.12
48.951	125.57
48.961	122.99
48.971	124.81
