time	f0
0.08	132.23
0.09	130.1
0.1	128.12
0.11	127.91
0.12	126.74
0.13	126.89
0.14	127.55
0.15	129.22
0.16	130.53
0.17	137.74
0.18	139.83
0.19	142.1
0.2	143.29
0.21	144.48
0.22	147.61
0.23	148.52
0.24	149.73
0.25	152.35
0.26	155.32
0.27	151
0.28	144.54
0.29	145.05
0.3	148.87
0.37	175.02
0.38	172.6
0.39	170.83
0.4	170.94
0.41	171.28
0.42	171.49
0.43	171.8
0.44	171.6
0.45	171.55
0.46	170.92
0.47	170.9
0.48	170.96
0.49	170.78
0.5	169.91
0.51	169.8
0.52	170.53
0.53	168.75
0.54	165.98
0.55	160.02
0.56	155.37
0.57	155.73
0.58	154.39
0.59	155.26
0.6	147.34
0.61	137.63
0.62	133.78
0.63	130.36
0.64	125.67
0.65	124.28
0.66	122.55
0.67	120.94
0.68	118.53
0.69	116.01
0.7	114.5
0.71	112.8
0.72	113.09
0.73	113.43
0.74	113.27
0.75	112.5
0.76	112.14
0.77	110.68
0.78	113.03
0.79	111.24
0.8	112.63
0.81	111.63
2.07	136.53
2.08	136.65
2.09	136.33
2.1	136.38
2.11	138.33
2.12	140.04
2.13	143.48
2.14	149.96
2.15	153.48
2.16	157.64
2.17	159.97
2.18	160.13
2.19	161.06
2.2	162.99
2.21	158.25
2.24	175.26
2.25	190.71
2.26	204.58
2.27	202.61
2.28	200.87
2.29	200.18
2.3	197.76
2.31	193.83
2.32	188.18
2.33	185.23
2.34	178.69
2.35	171.1
2.36	161.39
2.37	156.25
2.38	152.04
2.39	150.04
2.4	150.45
2.48	167.1
2.49	166.7
2.5	165.52
2.51	163.01
2.52	163.01
2.53	163.83
2.54	164.31
2.55	164.06
2.56	163.69
2.57	162.7
2.58	163.05
2.59	163.74
2.6	164.22
2.61	164.32
2.62	163.71
2.63	161.32
2.64	157.76
2.65	157.52
2.66	155.76
2.67	152.16
2.68	149.19
2.69	146.51
2.7	141.58
2.71	138.33
2.72	136.17
2.73	134.2
2.74	132.77
2.75	130.41
2.76	131.01
2.77	130.51
2.78	130.48
2.79	130.07
2.8	127.68
2.81	130.21
2.9	121.87
2.91	122.07
2.92	122.31
2.93	123.87
2.94	123.82
2.95	123.68
2.96	123.2
2.97	123.98
2.98	124.53
2.99	125.57
3	126.36
3.01	126.91
3.02	125.93
3.03	124.42
3.04	125
3.05	124.78
3.06	125.65
3.07	125.53
3.08	127.23
3.09	128.99
3.1	131.4
3.11	133.97
3.12	134.34
3.13	132.63
5.27	163.58
5.28	161.04
5.29	159.19
5.3	159.02
5.31	158.25
5.32	157.23
5.33	156.63
5.34	157.28
5.35	158.35
5.36	158.96
5.37	158.74
5.38	158.12
5.39	158.04
5.4	159.12
5.41	159.68
5.42	159.91
5.43	158.57
5.44	161.81
5.45	154.03
5.53	192.38
5.54	193.63
5.55	196.74
5.56	193.54
5.57	188.88
5.58	184.27
5.59	179.69
5.6	176
5.61	168.39
5.62	169.92
5.63	165.28
5.64	145.05
5.65	142.13
5.66	143.53
5.67	137.09
5.68	127.7
5.69	123.97
5.7	122.22
5.71	120.29
5.72	118.26
5.73	115.6
5.74	113.84
5.75	111.93
5.76	110.99
5.77	106.81
5.78	108.18
5.79	108.4
5.8	105.49
5.81	106.83
5.82	109.21
5.83	108.1
5.84	110.75
5.92	151.91
5.93	151.15
5.94	149.23
5.95	147.75
5.96	145.84
5.97	144.32
5.98	143.67
5.99	142.39
6	140.62
6.01	137.62
6.02	126.34
6.03	131.25
6.04	133.78
6.05	133.27
6.06	136.33
6.07	142.15
6.08	141.68
6.09	141.57
6.1	141.67
6.11	141.42
6.12	140.87
6.13	139.98
6.14	138.11
6.15	137.35
6.16	136.99
6.17	135.83
6.18	134.56
6.19	132.66
6.2	131.39
6.21	129.91
6.22	127.81
6.23	126.1
6.24	125.46
6.25	120.77
6.26	119.86
6.27	118.34
6.28	117.05
6.29	114.46
6.3	115.01
6.31	113.11
6.32	110.74
6.33	107.51
6.34	105.31
8.58	123.79
8.59	123.98
8.6	123.49
8.61	123.36
8.62	123.27
8.63	122.73
8.64	121.41
8.65	120.28
8.66	120.22
8.67	119.48
8.68	118.7
8.69	117.33
8.7	117.09
8.71	117.4
8.72	116.68
8.73	116.76
8.74	116.92
8.75	117.58
8.76	117.91
8.77	117.59
8.78	117.68
8.79	117.21
8.8	116.97
8.81	117.02
8.82	117.08
8.83	117.52
8.84	117.11
8.85	117.12
8.86	116.85
8.87	117.11
8.88	116.76
8.89	116.65
8.9	117.02
8.91	117.6
8.92	117.81
8.93	117.24
8.94	116.63
8.95	115.9
8.96	115.63
8.97	115.39
8.98	114.93
8.99	114.07
9	112.89
9.01	112.34
9.02	112.33
9.03	111.66
9.04	111.82
9.05	112.23
9.06	113.16
9.07	113.7
9.08	114.5
9.09	113.4
10.44	127.26
10.45	128.59
10.46	128.69
10.47	126.93
10.48	124.54
10.49	123.86
10.5	123.74
10.51	124.23
10.52	125.22
10.53	125.91
10.54	126.54
10.55	127.42
10.56	130.25
10.57	132.86
10.58	137.16
10.59	141.5
10.6	143.45
10.61	148.31
10.62	150.87
10.63	153.66
10.64	152.55
10.65	150.12
10.66	143.19
10.67	140.66
10.75	195.62
10.76	195.6
10.77	193.36
10.78	189.34
10.79	184.22
10.8	178.91
10.81	169.86
10.82	163.89
10.83	159.02
10.84	158.36
10.85	160.91
10.86	158.1
10.87	157.82
10.88	136.65
10.94	182.93
10.95	186.18
10.96	185.07
10.97	182.76
10.98	180.19
10.99	175.7
11	170.61
11.01	165.66
11.02	156.61
11.03	136.83
11.04	137.98
11.05	133
11.06	133.29
11.07	132.57
11.08	138.96
11.09	151.07
11.1	153.25
11.11	151.25
11.12	148.3
11.13	145.77
11.14	143.05
11.15	142.26
11.16	141.58
11.17	141.74
11.18	142.37
11.19	142.9
11.2	144.43
11.21	145.18
11.22	145.52
11.23	144.19
11.24	140.87
11.25	136.51
11.34	125.32
11.35	125.1
11.36	124.97
11.37	125.52
11.38	123.66
11.39	122.71
11.4	120.27
11.41	118.44
11.42	121
11.43	125.45
11.44	128.06
11.45	132.24
11.46	133.09
11.47	132.37
11.48	133.15
11.49	131.61
11.5	128.63
11.51	123.36
11.52	118.89
11.53	122.93
11.54	122.93
11.55	146.95
11.56	138.47
11.57	137.55
11.58	136.97
11.59	136.22
11.6	134.97
11.61	132.96
11.62	130.63
11.63	128.95
11.64	126.14
11.65	126.06
11.66	125.4
11.67	123.02
11.68	122.38
11.69	120.07
11.7	118.35
11.71	117.44
11.72	116.12
11.73	115.57
11.74	115.5
11.75	115.05
11.76	114.36
11.77	113.2
11.78	111.81
11.79	111.9
11.8	109.5
11.81	105.88
11.82	102.63
11.83	101.35
11.84	97.25
11.85	107.1
11.86	100.3
13.07	139.87
13.08	139.66
13.09	141.57
13.1	143
13.11	143.64
13.12	144.87
13.13	146.29
13.14	147.19
13.15	147.42
13.16	147.21
13.17	147.21
13.18	147.44
13.19	147.83
13.2	149.45
13.21	149.26
13.22	149.94
13.23	151.6
13.24	160.99
13.25	162.9
13.26	162.94
13.27	162.5
13.28	156.85
13.29	147.19
13.3	146.47
13.36	144.65
13.37	170.45
13.38	175.25
13.39	170.75
13.4	163.22
13.41	160.48
13.42	159.03
13.43	156.64
13.44	155.12
13.45	154.85
13.46	154.5
13.47	154.82
13.48	155.52
13.49	155.65
13.5	156.08
13.51	156.6
13.52	156.78
13.53	157.28
13.54	159.1
13.55	159.88
13.56	161.48
13.57	162.41
13.58	162.75
13.59	163.19
13.6	164.25
13.61	166.11
13.62	168.81
13.63	173.73
13.64	174.94
13.65	176.36
13.66	176.63
13.67	176.42
13.68	175.78
13.69	173.9
13.7	169.53
13.71	166.78
