time	f0
0.022	80.97
0.032	81.51
0.872	304.23
0.882	296.56
0.892	281.52
0.902	299.63
0.912	315.84
0.922	318.35
0.932	310.29
0.942	289.37
0.952	307.69
0.962	348.41
0.972	347.11
0.982	348.71
0.992	338.03
1.002	319.21
1.012	338.4
1.052	119.95
1.062	117.91
1.072	116.24
1.082	118.56
1.092	117.19
1.102	117.3
1.112	115.1
1.122	114.1
1.132	112.17
1.142	113.43
1.152	114.66
1.162	114.5
1.172	115.43
1.182	116.24
1.192	116.39
1.202	115.47
1.212	115.34
1.222	114.99
1.232	110.23
1.242	106.13
1.252	104.79
1.262	103.09
1.272	103.38
1.282	103.54
1.292	103.09
1.302	103.07
1.312	104.69
1.322	105.36
1.332	105.43
1.342	104.75
1.352	104.53
1.362	104.97
1.372	106.38
1.382	106.35
1.392	105.51
1.402	105.64
1.412	106.34
1.422	107.73
1.432	105.36
1.442	105.23
1.452	103.94
1.462	103.62
1.472	102.56
1.482	102.45
1.492	103.01
1.502	102.04
1.512	101.07
1.522	101.28
1.552	101.06
1.562	100.58
1.572	101.55
1.582	100.65
1.592	101
1.602	101.14
1.612	100.75
1.622	100.16
1.632	99.41
1.642	99.77
1.652	99.72
1.662	98.67
1.672	98.22
1.682	99.06
1.692	100.25
1.702	100.74
1.712	100.83
1.722	99.57
1.752	100.77
1.762	102.35
1.772	97.47
1.782	98.9
1.792	99.57
1.802	101.46
1.812	99.39
1.822	99.38
1.832	99.39
1.842	99.25
1.852	99.46
1.862	98.87
1.872	100.16
1.882	99.35
1.892	99.27
1.902	100.3
1.912	100.15
1.922	99.55
2.132	111.04
2.142	111.34
2.152	104.55
2.162	104.29
2.172	107.42
2.192	314.62
2.202	311.15
2.212	315.24
2.222	328.61
2.232	326.46
2.252	105.67
2.262	103.98
2.272	104.04
2.282	105.66
2.292	105.33
2.302	104.2
2.312	104.56
2.322	106.04
2.332	107.13
2.342	108.02
2.352	109.75
2.362	117.74
2.372	117.91
2.382	85.63
2.392	83.44
2.402	83.45
2.412	127.33
2.422	126.53
2.622	106.17
2.632	108.05
2.642	109.66
2.652	110.06
2.662	110.95
2.672	111.78
2.682	111.85
2.692	112.79
2.702	111.85
2.712	111.31
2.722	110.59
2.732	109.5
2.742	111.09
2.752	111.5
2.762	110.58
2.772	111.17
2.782	111.32
2.792	112.53
2.802	111.69
2.812	102.38
2.822	100.26
2.832	99.71
2.842	99.6
2.852	98.85
2.862	97.59
2.872	97.31
2.902	296.37
2.912	300.24
2.922	292.64
2.932	285.57
2.942	287.72
2.952	293.62
3.032	94.86
3.042	94.81
3.052	95.67
3.062	95.73
3.072	95.29
3.082	95.83
3.092	95.69
3.102	94.64
3.112	94.6
3.122	89.46
3.132	92.34
3.142	92.97
3.182	95.31
3.192	95.05
3.202	94.32
3.212	94.42
3.222	95.43
3.232	95.38
3.242	93.99
3.252	94.08
3.262	94.67
3.532	102.34
3.542	98.27
3.552	97.67
3.562	97.79
3.572	98.11
3.582	95.5
3.592	94.11
3.602	95.2
3.612	93.73
3.622	93.22
3.632	95.98
3.642	95.4
3.652	97.1
3.662	96.08
3.672	95.35
3.802	103.91
3.812	107.74
3.822	104.72
3.832	104.85
3.842	104.44
3.852	104.61
3.862	104.95
3.872	104.71
3.882	105.58
3.892	104.81
3.902	83.47
3.912	104.86
3.922	104.06
3.932	104.06
3.942	103.29
3.952	102.84
3.962	103.09
3.972	102.98
3.982	103.17
3.992	103.52
4.002	104.84
4.012	105.91
4.022	106.01
4.032	105.78
4.042	106.04
4.052	106.15
4.062	106.59
4.072	106.39
4.082	105.65
4.092	106.94
4.102	106.9
4.112	105.82
4.122	104.11
4.142	87.22
4.152	90.09
4.162	89.91
4.202	285.82
4.212	293.78
4.222	320.95
4.232	304.55
4.242	304.99
4.252	298.39
4.282	395.84
4.292	363.4
4.302	335.08
4.312	353.92
4.322	298.37
4.332	305.48
4.342	324.66
4.352	338.81
4.362	319.81
4.502	117.3
4.512	116.45
4.522	116.53
4.532	116.91
4.542	117.85
4.552	118.62
4.562	117.81
4.572	117.19
4.582	117.55
4.592	118.73
4.602	117.44
4.612	117.42
4.622	117.8
4.632	117.36
4.642	120.58
4.652	120.2
4.662	117
4.672	114.91
4.822	77.2
4.832	80.61
4.842	80.61
4.852	80.67
6.152	355.63
6.162	351.05
6.172	333.95
6.182	335.22
6.192	310.94
6.202	101.71
6.212	100.68
6.222	99.07
6.232	97.96
6.242	98.81
6.252	98.59
6.262	98.29
6.272	98.07
6.282	98.04
6.292	97.84
6.302	97.45
6.312	96.77
6.322	97.21
6.332	98.16
6.342	96.45
6.352	95.96
6.362	97.51
6.372	96.53
6.382	96.95
6.392	95.79
6.422	193.83
6.432	192.32
6.442	194.79
6.452	194.02
6.642	129.82
6.652	129.37
6.662	130.8
6.672	131.94
6.682	130.29
6.692	130.23
6.702	129.98
6.942	101.78
6.952	98.03
7.052	106.08
7.062	106.39
7.072	107.75
7.082	109.52
7.092	109.89
7.102	110.42
7.112	110.88
7.122	111.17
7.132	111.44
7.142	111.51
7.152	111.16
7.162	111.34
7.172	111.63
7.322	106.52
7.332	104.26
7.342	103.92
7.352	104.08
7.362	102.46
7.372	106.15
7.382	106.09
7.392	105.79
7.402	104.2
7.412	102.41
7.422	98.84
7.442	301.95
7.452	311.64
7.462	316.39
7.472	299.99
7.482	314.19
7.492	316.16
7.502	343.51
7.512	342.27
7.522	329.12
7.532	302.74
7.552	127.66
7.562	133.12
7.572	133.98
7.582	135.54
7.592	135.36
7.602	135.24
7.612	135.09
7.622	133.5
7.632	132.56
7.642	132.62
7.652	131.94
7.672	326.07
7.682	324.32
7.692	293.13
7.702	278.68
7.712	306.19
7.722	288.91
7.732	131.46
7.742	132.01
7.752	134.83
7.772	384.77
7.782	382.72
7.792	376.85
7.802	379.96
7.812	366.97
7.822	351.16
7.832	336.84
7.842	350.53
7.852	360.87
7.862	355.13
8.292	97.24
8.302	98.79
8.312	103.25
8.322	103.39
8.332	105.74
8.342	105.12
8.352	106.34
8.362	107.6
8.372	105.11
8.382	109.28
8.392	105.39
8.402	105.94
8.412	106.5
8.422	107.85
8.432	107.86
8.442	109.03
8.452	108.33
8.462	106.05
8.472	105.99
8.482	109.4
8.492	111.59
8.512	326.4
8.522	329.35
8.532	345.64
8.542	336.35
8.552	301.04
8.562	321.52
8.572	326.23
8.582	351.03
8.592	327.42
8.602	314.69
8.612	301.92
8.622	319.21
8.632	325.56
8.642	308.05
8.652	300.95
8.662	297.71
8.672	301.56
8.682	302.51
8.692	299.4
8.702	294.13
8.712	299.39
8.722	305.58
8.732	308.26
8.742	312.15
8.802	116.91
8.812	117.96
8.822	118.13
8.832	118.34
8.842	120.75
8.852	123.13
8.862	124.92
8.872	128.34
8.882	131.67
8.892	134.28
8.902	88.88
8.912	90.05
8.922	89.39
8.932	140.81
8.942	140.18
8.952	140.35
8.962	141.35
8.972	142.07
8.982	139.45
8.992	137.82
9.002	138.16
9.012	134.03
9.022	125.94
9.032	127
9.042	138.38
9.052	138.58
9.062	137.1
9.072	137.12
9.082	136.1
9.092	135.96
9.102	136.52
9.112	137.1
9.192	134.61
9.202	134.62
9.212	137.07
9.222	137.36
9.232	94.95
9.242	91.46
9.252	91.42
9.262	92.24
10.002	92.27
10.012	92.18
10.022	91.75
10.032	92.31
10.042	92.27
10.052	92.69
10.062	92.53
10.072	92.02
10.082	92.27
10.092	93.63
10.102	93.74
10.112	93.39
10.122	95.55
10.132	92.36
10.152	376.16
10.162	351.75
10.172	327.85
10.182	303.93
10.192	318.45
10.202	330.35
10.212	333.75
10.222	372.66
10.252	98.99
10.262	98.26
10.272	97.6
10.282	95.88
10.292	96.55
10.302	101.23
10.312	102.26
10.322	104.39
10.332	105.97
10.342	104.57
10.352	104.41
10.362	105.95
10.372	106.12
10.382	102.18
10.392	103.54
10.402	105.8
10.412	107.16
10.422	111.94
10.432	119.33
10.442	113.08
10.452	114.84
10.462	115.51
10.472	115.4
10.482	117.67
10.492	118.85
10.502	115.5
10.512	115.21
10.522	118.54
10.532	115.86
10.542	113.86
10.552	106.35
10.562	105.1
10.572	104.36
10.582	108.55
10.652	105.33
10.662	104.82
10.672	104.3
10.682	103.17
10.692	103.75
10.702	94.2
10.712	101.45
10.722	99.86
10.732	100.08
10.742	99.43
10.762	327.47
10.772	334.23
10.782	332.29
10.792	321.25
10.802	313.02
10.812	327.51
10.822	319.99
10.832	317.29
10.842	327.49
10.852	301.42
10.862	327.45
10.872	313.85
10.882	303.74
10.892	335.25
10.922	345.29
10.932	369.93
10.942	385.15
10.952	352.66
10.962	343.05
10.972	361.28
10.982	342.81
10.992	297.88
11.002	294.73
11.012	308.15
11.022	308.26
11.032	324.98
11.582	107.12
11.592	106.09
11.602	105.16
11.612	104.04
11.682	100.41
11.692	99.54
11.702	99.91
11.842	86.03
11.852	84.09
11.862	89.2
11.872	87.84
11.882	82.6
11.892	84.44
11.902	85.18
11.912	82.98
11.922	115.44
11.932	117.7
11.942	118.67
11.962	303.2
11.972	307.46
11.982	335.58
11.992	358.77
12.002	347.18
12.012	339.15
12.022	358.58
12.032	346.56
12.042	356.82
12.052	335.27
12.062	342.28
12.072	355.85
12.142	279.43
12.152	312.6
12.162	319.01
12.172	310.4
12.182	317.07
12.752	110.85
12.762	109.84
12.772	109.43
12.782	99.92
13.352	106.3
13.362	105.73
13.372	105.52
13.382	105.99
13.392	106.64
13.402	106.77
13.442	358.62
13.452	342.24
13.462	344.64
13.472	363.42
13.482	356.9
13.492	352.86
13.502	372.5
13.512	357.73
13.522	351.17
13.532	344.63
13.542	319.13
13.552	322.59
13.562	326.84
13.572	365.23
13.582	352.04
13.592	351.67
13.602	391.91
13.612	390.97
13.622	352.24
13.632	353.29
13.642	329.76
13.652	333.12
13.662	343.58
13.672	328.8
13.682	321.89
13.692	307.05
13.702	313.49
13.712	346.97
13.722	349.17
13.732	371.43
13.742	378.45
14.032	373.46
14.042	354.64
14.052	358.39
14.062	319.49
14.072	285.23
14.082	335.25
14.092	333.35
14.102	335.69
14.112	335.07
14.122	334.07
14.132	320.08
14.142	297.98
14.152	295.07
