time	f0
0.235	129.75
0.245	132.08
0.255	134.64
0.265	136.49
0.275	142.98
0.285	145.72
0.295	145.93
0.305	146.7
0.315	145.75
0.325	142.92
0.335	142.46
0.345	140.83
0.355	134.65
0.445	112.54
0.455	113.97
0.465	115.02
0.475	115.02
0.485	114.98
0.495	114.98
0.505	115.77
0.515	120.53
0.525	121.82
0.535	127.46
0.545	127.47
0.555	121.98
0.565	122.81
0.575	123.72
0.585	123.68
0.595	124.1
0.605	126.17
0.615	126.11
0.625	126.24
0.635	126.29
0.675	111.36
0.685	106.38
0.695	103.26
0.705	101.71
0.715	100.6
0.725	102.21
0.735	101.68
0.745	100.75
0.755	99.03
0.765	99.32
0.775	100.7
0.785	101.42
0.885	108.57
0.895	106.74
0.905	105.77
0.915	103.64
0.925	100.68
0.935	99.1
0.945	98.21
0.955	96.28
0.965	98.33
0.975	99.76
0.985	100.4
1.105	125.83
1.115	121.57
1.125	123.22
1.135	125.33
1.145	126.24
1.155	123.26
1.165	125.06
1.245	84.82
1.255	85.19
1.305	98.91
1.315	101.78
1.325	99.66
1.335	99.56
1.345	99.37
1.385	99.02
1.395	77.88
1.405	78.69
1.415	79.95
1.505	95.91
1.515	96.97
1.525	97.03
1.535	99.24
1.635	129.63
1.645	134.34
1.655	132.75
1.665	131.02
1.675	134.36
1.685	134.29
1.695	133.26
1.705	130.21
1.715	134.36
1.725	132.28
1.735	130.85
1.745	137.15
1.755	139.73
1.765	137.96
1.775	132.36
1.785	135.14
1.795	136.06
1.805	141.33
1.815	139.91
1.825	131.15
1.835	133.19
1.845	135.71
1.855	137.22
1.865	135.8
1.875	133.7
1.885	135.19
1.895	130.59
1.905	132.22
1.915	136.58
1.925	137.95
2.025	113.46
2.035	114.4
2.045	113.02
2.055	110.54
2.065	110.36
2.075	110.86
2.085	109.82
2.095	109.04
2.105	105.53
2.115	103.86
2.145	104.9
2.155	106.13
2.165	104.64
2.175	104.1
2.185	104.1
2.195	104.68
2.205	105.02
2.215	105.37
2.225	107
2.235	110.17
2.245	116.04
2.255	117.77
2.375	108.43
2.385	106.66
2.395	105.08
2.405	104.21
2.415	104.12
2.425	104.56
2.435	104.81
2.445	104.95
2.455	106.13
2.465	107.84
2.475	109.39
2.485	110.66
2.495	111.34
2.505	110.64
2.515	109.84
2.525	109.31
2.535	108.84
2.545	108.17
2.555	107.52
2.565	107.03
2.575	106.18
2.585	105.12
2.595	104.15
2.605	103.01
2.615	102.35
2.625	101.11
2.635	98.86
2.645	97.51
2.655	97.13
2.665	96.64
2.675	95.16
2.685	94.82
2.695	94.83
2.705	94.09
2.715	93.61
2.725	93.33
2.735	93.05
2.745	92.51
2.755	92.2
2.765	92.3
2.775	92.49
2.785	92.3
2.795	91.68
2.805	91.58
2.815	91.52
2.825	91.51
2.835	91.37
2.845	91.65
2.855	91.84
2.965	97.46
2.975	94.42
2.985	95.43
2.995	95.14
3.005	94.98
3.015	95.12
3.025	95.03
3.035	95.61
3.045	96.01
3.055	95.94
3.065	94.66
3.075	94.77
3.085	94.88
3.095	94.96
3.105	93
3.115	106.91
3.125	107.03
3.135	105.99
3.145	106.13
3.155	105.23
3.165	104.7
3.175	104.1
3.185	103.65
3.195	103.67
3.205	103.72
3.215	103.09
3.225	101.89
3.235	101.76
3.245	100.88
3.255	101.34
3.305	111.75
3.315	108.78
3.325	104.91
3.335	102.98
3.345	101.21
3.355	95.94
3.365	97.98
3.375	99.53
3.385	99.13
3.395	98.45
3.405	99.12
3.415	99.48
3.425	99.02
3.435	98.61
3.445	98.39
3.455	98.32
3.465	97.11
3.475	95.38
3.485	94.49
3.495	95.75
3.505	96.01
3.515	95.35
3.525	94.79
3.535	94.15
3.545	93.48
3.555	92.94
3.565	92.54
3.575	92.86
3.585	92.78
3.595	92.83
3.605	93.33
3.615	93.46
3.625	93.27
3.635	92.83
3.645	92.81
3.655	92.64
3.665	92.27
3.675	91.57
3.775	90.32
3.785	90.64
3.795	90.64
3.805	90.55
3.815	90.16
3.825	89.75
3.835	90.28
3.845	90.93
3.855	90.65
3.865	90.28
3.875	89.69
4.015	96.24
4.025	97.29
4.035	96.53
4.045	95.82
4.055	95.28
4.065	94.84
4.075	94.33
4.085	94.3
4.095	94.82
4.105	94.85
4.115	94.11
4.125	93.54
4.135	92.33
4.145	91.82
4.155	90.96
4.185	90.16
4.195	90.57
4.205	90.67
4.215	90.82
4.225	91.21
4.235	91.37
4.245	91.87
4.255	92.26
4.265	92.08
4.275	91.71
4.355	90.1
4.365	90.48
4.375	90.48
4.385	90.24
4.395	90.52
4.405	90.65
4.415	91
4.425	91.3
4.435	91.07
4.445	89.83
4.455	88.2
4.465	87.21
4.475	86.32
4.485	84.81
4.525	101.72
4.535	101.33
4.545	98.17
4.555	96.37
4.565	96.46
4.575	138.04
4.585	136.13
4.595	135.13
4.605	140.95
4.615	146.05
4.735	111.19
4.745	111.36
4.755	111.05
4.765	111.64
4.775	112.3
4.785	114.03
4.795	115.6
4.805	115.65
4.815	115.55
4.825	115.35
4.835	113.88
4.845	112.27
4.855	111.28
4.865	111.63
4.875	114.53
4.885	116.39
4.895	116.48
4.905	116.88
4.915	116.24
4.925	114.81
4.935	114.56
4.945	115.41
4.955	116.12
4.965	118.91
4.975	121.6
4.985	124.27
4.995	126.23
5.005	128.32
5.015	129.28
5.025	130.56
5.035	130.35
5.045	130.09
5.055	130.63
5.065	132.05
5.075	132.35
5.085	136.68
5.185	114.83
5.195	112.58
5.205	110.12
5.215	108.41
5.225	107.18
5.235	108.35
5.245	108.11
5.255	106.06
5.475	106.46
5.485	105.66
5.495	104.83
5.505	103.45
5.515	101.95
5.525	100.03
5.535	97.97
5.545	101.99
5.555	102.64
5.565	102.83
5.575	102.06
5.585	100.48
5.595	97.94
5.605	98.54
5.615	99.17
5.625	99.24
5.635	97.26
5.675	71.03
5.705	134.07
5.715	139.79
5.725	141.57
5.745	90.88
5.755	89.1
5.765	88.18
5.775	89.46
5.785	92.56
5.795	91.96
5.805	91.76
5.815	91.73
5.825	91.66
5.835	91.08
5.845	90.59
5.855	90.03
5.865	90.46
5.875	90.82
5.885	90.84
5.895	90.84
5.905	90.66
5.915	90.5
5.925	90.22
5.935	90.27
5.945	90.22
5.955	89.61
5.965	89.05
5.975	88.65
5.985	88.24
5.995	87.81
6.005	87.56
6.015	87.85
6.025	88.36
6.035	88.77
6.045	89.56
6.055	89.12
6.065	88.07
6.075	87.02
6.085	84.36
6.095	84.55
6.105	84.7
6.175	81.97
6.185	92.03
6.195	93.33
6.205	95.96
6.215	97.7
6.225	98.67
6.235	99.06
6.245	99.4
6.255	100.14
6.265	100.5
6.275	100.31
6.285	100.38
6.295	100.49
6.305	100.41
6.425	138.62
6.435	138.48
6.445	142.38
6.455	140.49
6.675	97.25
6.685	96.65
6.695	96.13
6.705	95.47
6.715	95.23
6.725	95.28
6.735	94.8
6.745	95.21
6.755	95.19
6.765	95.07
6.775	95.15
6.785	94.8
6.795	94.62
6.805	94.39
6.815	94.3
6.825	93.98
6.835	93.74
6.845	93.83
6.855	93.25
6.865	93.15
6.875	93.35
6.885	93.47
6.895	93.02
6.905	92.96
6.915	93.28
6.925	92.93
6.935	93.06
6.945	93.44
6.955	93.16
7.135	89.64
7.145	89.58
7.155	89.57
7.165	89.29
7.175	89.19
7.185	89.59
7.195	89.55
7.205	89.24
7.215	89.41
7.225	89.4
7.235	89.95
7.245	90.41
7.255	90.35
7.265	89.64
7.275	88.96
7.285	89.27
7.295	89.12
7.305	89.52
7.315	89.4
7.325	89.71
7.335	90.54
7.815	82.56
7.825	79.94
7.835	74.45
7.845	73.21
7.855	74.57
7.895	75.66
7.905	78.06
7.915	78.62
7.925	81.55
7.935	82.87
7.945	84.14
7.955	85.46
7.965	85.72
7.995	83.61
8.005	84.91
8.015	82.18
8.075	79.93
8.085	77.91
8.095	77.05
8.105	77.59
8.115	78.27
8.125	79.88
8.135	79.7
8.145	78.47
8.155	77.11
8.165	73.24
8.175	72.23
8.285	84.91
8.295	81.68
8.305	82.43
8.645	98.93
8.655	104.1
8.665	103.84
8.675	105.12
8.685	106.79
8.695	107.01
8.705	107.69
8.715	107.56
8.725	107.42
8.735	107.63
8.745	108.22
8.755	109.54
8.765	111.18
8.775	111.56
8.785	110.33
8.795	107.79
8.805	108.05
8.815	106.83
8.825	106.84
8.835	107.97
8.845	105.53
8.855	105.54
8.865	107.43
8.875	107.93
8.885	108.39
8.895	108.74
9.045	110.69
9.055	108.89
9.065	108.31
9.075	106.88
9.085	104.2
9.095	101.17
9.105	98.83
9.115	98.41
9.125	98.05
9.135	97.57
9.145	97.25
9.155	96.72
9.165	97.15
9.175	96.93
9.185	96.37
9.195	96.66
9.205	95.84
9.215	95.37
9.225	96.4
9.235	95.64
9.245	95.34
9.255	96.11
9.265	95.54
9.275	96.32
9.285	96.32
9.295	94.97
9.395	112.98
9.405	112.11
9.415	107.64
9.425	103.79
9.565	121.45
9.575	116.51
9.585	118.04
9.595	106.1
9.605	106.39
9.615	103.88
9.625	103.42
9.635	104.35
9.645	104.09
9.655	103.34
9.735	94.62
9.745	97.48
9.755	97.78
9.765	98.28
9.775	98.74
9.785	98.1
9.795	97.14
9.805	97.48
9.815	97.34
9.825	95.82
9.835	95.68
9.845	95.96
9.855	95.4
9.865	95.4
9.875	95.82
9.885	143.81
9.895	143.48
9.905	139.42
9.945	99.39
9.955	99.77
9.965	99.95
9.975	106.63
9.985	108.36
9.995	109.53
10.005	115.86
10.015	113.4
10.025	98.39
10.035	100.54
10.045	102.24
10.475	141.85
10.485	137.09
10.495	103.12
10.505	102.68
10.515	102.54
10.525	102.68
10.535	102.27
10.545	100.96
10.555	99.12
10.565	98.86
10.575	98.43
10.585	99.36
10.595	100.19
10.605	100.39
10.615	100.74
10.625	99.6
10.635	99.95
10.645	99.4
10.655	99.58
10.665	98.66
10.715	102.15
10.725	103.6
10.735	78.97
10.745	80.91
10.755	79.94
10.765	80.57
10.895	113.28
10.905	102.38
10.915	102.22
10.925	101.61
10.935	101.35
10.945	101.51
10.955	100.65
10.965	99.24
10.975	98
10.985	96.97
10.995	94.79
11.005	92.49
11.015	91.36
11.025	90.68
11.035	90.37
11.045	91.28
11.055	91.66
11.065	77.89
11.075	78.73
11.085	76.82
11.095	76.47
11.105	76.44
11.115	77.54
11.175	95.18
11.185	94.75
11.195	95.31
11.205	95.18
11.215	95.51
11.225	95.08
11.235	94.28
11.245	94.41
11.255	94.5
11.265	94.79
11.275	94.67
11.285	94.71
11.295	94.32
11.305	94.32
11.315	94.35
11.325	94.02
11.335	93.8
11.345	93.87
11.355	93.98
11.365	93.46
11.375	92.73
11.385	92.2
11.395	92.28
11.405	93.58
11.415	93.87
11.425	94.58
11.435	94.95
11.445	94.46
11.455	95.15
11.465	95.42
11.475	94.96
11.485	95.06
11.495	94.99
11.505	94.53
11.515	94.09
11.525	93.58
11.535	93.18
11.545	93.39
11.555	94.05
11.565	94.44
11.575	96.26
11.625	71.12
11.635	76.48
11.725	102.14
11.735	101.44
11.745	100.4
11.755	96.49
11.765	99.16
11.775	99.87
11.785	100.35
11.795	99.73
11.805	98.73
11.815	100.95
11.825	101.19
11.855	96.49
11.865	99.35
11.875	136.79
11.885	136.4
11.895	135.75
11.905	134.51
12.105	101.27
12.115	102.88
12.125	138.73
12.135	140.4
12.145	136.38
12.155	135.4
12.165	134.19
12.195	137.05
12.205	135.84
12.385	105.29
12.395	105.92
12.405	107.07
12.415	104.12
12.525	107.38
12.535	102.56
12.545	99.59
12.555	96.43
12.565	136.52
12.575	133.84
12.585	131.84
12.595	98.05
12.605	96.99
12.615	95.74
12.625	95.34
12.635	94.82
12.645	94.66
12.655	95.33
12.665	95.69
12.675	95.64
12.685	95.8
12.695	96.06
12.705	95.91
12.715	95.79
12.725	95.32
12.735	94.65
12.745	102
12.755	100.39
12.765	101.72
12.775	102.08
12.785	103.6
12.795	104.01
12.805	103.31
12.815	101.22
12.825	102.1
12.835	103.19
12.845	104.29
12.855	102.23
12.865	103.33
12.875	104.34
12.885	107.41
12.895	114.75
12.905	122.12
12.915	120.27
12.925	121.14
12.935	122.83
12.945	123.42
12.955	122.23
12.965	122.4
12.975	121.68
12.985	121.26
12.995	125.01
13.005	122.07
13.015	121.93
13.025	121.42
13.035	119.27
13.095	106.98
13.105	105.22
13.115	104.33
13.125	141.67
13.135	140.01
13.145	99.59
13.155	97.1
13.165	96.14
13.175	96.59
13.185	97.06
13.195	99.88
13.205	101.16
13.215	99.08
13.225	96.83
13.235	97.45
13.245	95.49
13.255	95.02
13.265	94.27
13.275	93.93
13.285	93.73
13.295	92.8
13.305	92.92
13.315	92.63
13.325	91.71
13.335	91.8
13.345	91.62
13.355	91.01
13.365	90.41
13.375	89.09
13.385	89.49
13.395	89.58
13.405	89.98
13.415	90.43
13.425	90.49
13.435	90.2
14.415	99.04
14.425	102.43
14.435	112.12
14.445	116.58
14.455	116.62
14.465	116.13
14.475	116.02
14.485	116.06
14.495	116.37
14.505	116.26
14.515	106.61
14.525	108.14
14.535	110.27
14.545	108.6
14.555	107.54
14.565	108.25
14.575	106.38
14.585	106.53
14.595	106.75
14.605	106.3
14.615	109.35
14.625	110.48
14.635	108.86
14.645	108.51
14.655	108.19
14.665	108.1
14.675	108.38
14.685	105.97
14.695	108.69
14.705	110.81
14.715	111.47
14.725	113.83
14.735	116.33
14.745	118.7
14.755	121.17
14.765	123.8
14.775	123.27
14.785	119.58
14.795	119.32
14.805	118.39
14.815	116.48
14.865	106.82
14.875	104.74
14.885	102.05
14.895	98.97
14.905	96.72
14.915	96.42
14.925	95.24
14.935	93.87
14.945	93.93
14.955	93.56
14.965	92.92
14.975	92.64
14.985	92.07
15.225	141.04
15.235	141.57
15.265	106.42
15.275	105.22
15.285	104.74
15.295	104.15
15.305	102.99
15.315	101.42
15.325	99.33
15.335	98.67
15.345	98.33
15.355	97.74
15.365	97.27
15.375	98.46
15.385	97.15
15.395	100.5
15.405	104.35
15.415	142.41
15.425	141.3
15.435	142.55
15.445	142.41
15.455	146.36
15.465	141.89
15.475	142.39
15.485	142.41
15.495	146.35
15.505	145.98
15.515	143.72
15.525	140.19
15.535	137.94
15.545	139.97
15.555	137.85
15.565	134.92
15.575	135.32
15.605	104.2
15.615	101.71
15.625	99.86
15.635	97.52
15.645	95.03
15.755	110.34
15.765	105.67
15.775	103.24
15.785	102.74
15.795	94.51
15.805	97.15
15.815	104.25
15.825	110.8
15.835	110.45
15.845	108.89
15.855	106.92
15.865	104.71
15.875	103.72
15.885	92.59
15.895	97.71
15.905	105.47
15.915	107.44
15.925	85.71
15.935	85
15.945	102.94
15.955	96.3
15.965	96.55
15.975	100.17
15.985	105.51
16.255	97.47
16.265	95.09
16.275	95.8
16.285	96.1
16.295	97.83
16.375	126.9
16.385	117.37
16.395	117.31
16.405	119.16
16.415	118.91
16.425	119.46
16.435	120.91
16.445	121.92
16.455	119.76
16.465	115.34
16.475	111.87
16.485	108.11
16.495	104.64
16.585	89.89
16.595	89.11
16.605	89.38
16.615	89.96
16.625	89.39
16.635	89.28
16.645	89.52
16.655	87.71
16.665	84.09
16.675	81.64
16.685	83.18
16.695	86.14
16.705	86.76
16.905	100.33
16.915	95.93
16.925	88.05
16.935	85.32
16.945	86.25
16.955	86.61
16.965	83.07
16.975	84.53
16.985	86.53
16.995	83.77
17.305	94.44
17.315	95.56
17.325	94.13
17.335	93.3
17.345	77.41
17.355	82.32
17.365	82.31
17.375	82.28
17.385	87.37
17.395	91.11
17.495	72.18
17.505	73.93
17.515	76.06
17.525	81.14
17.535	79.16
17.545	80.89
17.695	72.03
17.705	72.58
17.715	142.01
17.725	141.75
17.855	93.91
17.865	93.09
17.875	93.08
17.885	93.28
17.895	92.87
17.905	93.3
17.915	93.79
17.925	93.68
17.935	93.29
18.055	140.08
18.065	136.68
18.075	140.46
18.085	143.61
18.095	140.11
18.205	101.2
18.215	102.57
18.225	103.77
18.235	102.99
18.245	101.97
18.255	102.61
18.265	101.28
18.275	99.98
18.285	99.88
18.295	99.94
18.305	100.07
18.315	99.8
18.325	100.01
18.715	132.88
18.725	134.8
18.745	134.01
18.755	139.72
18.765	140.88
18.775	138.95
18.785	135.61
18.795	136.3
18.805	136.77
18.815	137.01
18.825	140.17
18.835	137.18
18.845	138.06
18.855	138.14
18.865	137.04
19.015	86.71
19.025	86.18
19.035	88.49
19.045	90.36
19.335	82.12
19.345	83.87
19.355	84.06
19.365	83.38
19.375	82.74
19.385	81.95
19.535	83.7
19.545	83.49
19.555	84.83
19.735	141.75
19.745	145.83
19.755	144.16
19.765	145.7
19.935	137.92
19.945	140.37
19.955	142.79
19.965	140.88
19.975	139.47
19.985	134.99
19.995	137.13
20.005	142.97
20.015	144.4
20.025	147.14
20.035	147.98
20.215	109.54
20.225	106.69
20.235	105.36
20.245	105.62
20.255	108.02
20.265	103.91
20.275	103.9
20.285	106.32
20.295	107.66
20.305	106.61
20.315	105.66
20.325	106.97
20.335	109.71
20.355	113.49
20.365	112.41
20.375	111.82
20.385	111.01
20.395	110.39
20.405	110.47
20.415	110.11
20.425	110.18
20.435	110.39
20.445	109.99
20.455	109.36
20.465	109.13
20.475	109.39
20.485	109.87
21.265	108.72
21.275	107.72
21.285	106.75
21.435	126.58
21.445	124.46
21.455	122.73
21.465	119.51
21.475	116.93
21.485	114.09
21.495	112.51
21.505	109.8
21.515	108.31
21.525	106.42
21.535	103.07
21.545	100.81
21.555	99.65
21.565	99.55
21.575	99.81
21.585	100.76
21.595	102.08
21.605	104.42
21.615	106.24
21.625	107.56
21.635	108.95
21.645	109.87
21.655	111.31
21.665	112.66
21.675	114.57
21.685	116.19
21.695	121.91
21.705	122.48
21.715	122.12
21.725	121.56
21.735	120.92
21.745	119.58
21.755	117.87
21.765	116.8
21.775	111.49
21.785	110.52
21.795	107.83
21.805	106.73
21.815	104.66
21.825	104.64
21.935	123.92
21.945	120.38
21.955	113.65
21.965	108.61
21.975	105.75
21.985	103.11
21.995	101.05
22.005	98.92
22.015	99.48
22.025	99.15
22.035	98.35
22.045	98.97
22.055	100.13
22.065	100.17
22.075	99.5
22.085	99.49
22.095	99.84
22.105	101.4
22.115	102.85
22.125	106.07
22.135	106.46
22.145	105.84
22.155	105.07
22.165	103.48
22.175	102.08
22.185	99.84
22.195	100.29
22.205	101
22.215	100.82
22.225	98.94
22.235	97.12
22.245	98.44
22.255	99.02
22.265	97.02
22.275	96.49
22.285	98.67
22.295	98.15
22.305	95.48
22.315	96.89
22.325	101.31
22.335	104.68
22.345	105.38
22.355	104.15
22.365	101.83
22.375	98.9
22.385	97.46
22.395	97.56
22.405	98.07
22.415	96.91
22.425	93.94
22.435	94.5
22.445	97.67
22.455	96.83
22.465	96.32
22.475	98.94
22.485	98.63
22.495	96.3
22.555	85.3
22.565	84.85
22.575	80.83
22.585	136.47
22.595	135.25
22.605	139.11
22.615	140.63
22.625	95.54
22.635	100.26
22.645	99.59
22.655	98.7
22.665	96.91
22.675	97.49
22.685	100.22
22.695	99.55
22.705	96.34
22.765	125.72
22.775	124.15
22.785	122.59
22.795	121.64
22.805	120.82
22.815	119.6
22.825	117.27
22.835	85.41
22.845	85.52
22.855	95.02
22.865	94.51
22.975	102.52
22.985	101.97
22.995	100.67
23.005	98.2
23.015	96.26
23.025	95.5
23.035	94.32
23.045	94.2
23.055	94.99
23.065	94.36
23.075	93.9
23.085	93.67
23.095	93.46
23.105	93.45
23.115	93.07
23.125	92.67
23.135	92.31
23.145	91.5
23.155	90.27
23.165	88.93
23.175	88.23
23.185	88.37
23.195	88.45
23.205	88.39
23.215	88.51
23.225	88.13
23.235	87.8
23.245	87.51
23.255	86.88
23.265	87.31
23.275	87.19
23.285	87.32
23.295	87.06
23.305	86.66
23.315	86.28
23.325	85.73
23.335	85.67
23.345	85.15
23.355	84.42
23.365	85.18
23.375	84.6
23.475	97.92
23.485	97.1
23.495	94.5
23.505	92.65
23.515	91.15
23.525	90.44
23.535	89.52
23.545	87.74
23.555	86.78
23.565	86.25
23.575	86.56
23.585	87.32
23.595	87.7
23.605	88.13
23.615	87.53
23.625	87.37
23.635	86.92
23.645	86.34
23.655	86.33
23.665	86.82
23.675	85.84
23.685	84.56
23.695	86.3
23.875	95.45
23.885	80.26
23.895	81.56
23.905	82.08
23.915	78.5
23.925	76.24
23.935	75.66
23.945	81.55
23.955	82.7
23.965	84.09
23.975	85.67
23.985	83.73
23.995	82.64
24.325	120.16
24.335	118.77
24.345	118.72
24.355	111.02
24.365	107.35
24.375	106.05
24.385	107.16
24.395	105.54
24.405	101.83
24.415	102.5
24.425	105.59
24.435	105.78
24.445	103.37
24.455	103.27
24.465	103.63
24.475	102.75
24.485	101.91
24.495	100.7
24.505	99.79
24.515	98.96
24.525	100.6
24.535	100.57
24.545	100
24.555	98.71
24.565	97.77
24.575	98.25
24.585	100.85
24.595	102.46
24.605	104.09
24.615	107.76
24.625	109.09
24.635	109.7
24.645	117.83
24.655	117.37
24.665	118.49
24.675	118.57
24.685	118.38
24.695	117.59
24.705	115.86
24.715	113.28
24.725	111.52
24.735	108.64
24.745	106.21
24.755	105.87
24.765	104.28
24.775	97.79
24.785	97.96
24.795	97.65
24.805	96.43
24.815	94.26
24.825	93.65
24.835	95.33
24.845	94.82
24.855	95.01
24.865	95.09
24.875	95.33
24.885	95.43
24.895	94.55
24.905	93.43
24.915	93.44
24.925	93.22
24.935	92.46
24.945	93.88
24.955	94.38
24.965	94.33
24.975	93.9
24.985	144.75
24.995	142
25.005	139.16
25.015	139.14
25.075	98.34
25.085	97.64
25.095	97.59
25.105	97.79
25.115	98
25.125	97.51
25.135	96.51
25.145	96.14
25.155	95.59
25.165	94.56
25.175	94.97
25.185	97.19
25.195	100.28
25.205	99.96
25.215	99.08
25.225	98.71
25.235	99.5
25.245	100.95
25.255	102.51
25.265	104.59
25.275	108.05
25.285	106.64
25.295	106.11
25.305	107.55
25.315	108.7
25.325	103.33
25.335	104.06
25.455	94.63
25.465	93.33
25.475	145.83
25.485	147.18
25.695	82.23
25.705	84.47
25.715	84.01
25.725	83.47
25.735	84
25.745	85.37
25.755	86.64
25.765	87.38
25.775	87.49
25.785	87.24
25.845	100.18
25.855	100.32
25.865	100.45
25.875	101.59
25.885	101.86
25.895	100.49
25.905	99.68
25.915	99.11
25.925	98.63
25.935	98.4
25.945	97.65
25.955	97.8
25.965	97.65
25.975	98.35
25.985	99.33
25.995	99.08
26.005	100.03
26.015	100.21
26.025	100.47
26.035	99.66
26.045	98.43
26.055	97.84
26.065	97.41
26.075	97.55
26.085	97.17
26.095	96.66
26.105	96.19
26.115	95.95
26.125	96.15
26.135	95.99
26.145	96.52
26.155	96.91
26.165	97.71
26.175	96.81
26.185	95.37
26.205	127.56
26.215	134.52
26.225	146.1
26.235	146.77
26.245	142.86
26.255	143.65
26.265	153.03
26.275	162.56
26.285	147.8
26.295	145.93
26.305	148.8
26.315	147.06
26.325	98.33
26.335	98.35
26.345	96.33
26.355	95.75
26.365	95.06
26.375	94.23
26.435	105.95
26.445	93.61
26.455	94.97
26.465	94.85
26.475	93.5
26.485	91.21
26.495	90.96
26.505	94.18
26.515	98.29
26.525	101.41
26.535	100.95
26.545	97.78
26.555	96.59
26.565	97.08
26.575	99.06
26.585	99.17
26.595	99.26
26.605	100.86
26.615	101.88
26.625	100.99
26.635	100.88
26.645	99.65
26.655	98.08
26.665	97.12
26.675	98.35
26.685	98.38
26.695	97.41
26.705	96.61
26.715	94.53
26.725	94.06
26.735	96.55
26.745	96.34
26.755	96.09
26.765	97.66
26.895	98.13
26.905	98.17
26.915	98.55
26.995	94.12
27.005	96.67
27.015	98.95
27.025	100.41
27.035	101.16
27.045	101.81
27.055	103.14
27.065	104.23
27.075	105.83
27.085	107.71
27.095	108.31
27.105	109.89
27.115	113.24
27.125	112.24
27.135	107.31
27.145	106.6
27.155	102.92
27.325	91.48
27.335	90.04
27.345	89.97
27.355	93.29
27.365	98.24
27.375	98.45
27.385	99.26
27.395	98.21
27.405	98.29
27.415	97.42
27.425	95.64
27.435	94.86
27.445	94.42
27.455	93.51
27.465	93.55
27.475	93.8
27.485	93.94
27.495	94.39
27.505	95.49
27.515	96.76
27.525	96.88
27.535	96.53
27.545	96.44
27.555	96.53
27.565	96.73
27.575	96.8
27.585	96.65
27.595	96.25
27.605	95.39
27.615	93.74
27.625	145.84
27.635	147.48
27.645	145.26
27.655	146.87
27.665	143.92
27.675	140.6
27.685	142.1
27.695	144.36
27.705	86.52
27.715	86.13
27.725	87.95
27.735	89.32
27.745	87.81
27.755	86.5
27.765	86.71
27.775	88.14
27.785	94.17
27.795	97.84
27.805	95.05
27.815	93.82
27.825	93.51
27.835	92.74
27.845	92.56
27.855	92.46
27.865	92.14
27.875	91.94
27.885	91.62
27.895	91.28
27.905	91.01
27.915	90.99
27.925	91.24
27.935	91.54
27.945	91.88
28.525	84.42
28.535	99.64
28.545	101.79
28.555	101.96
28.645	108.81
28.655	107.35
28.665	107.46
28.675	106.27
28.685	106.32
28.695	106.38
28.705	107.1
28.715	107.66
28.725	108.12
28.735	108.2
28.745	107.29
28.755	106.66
28.805	71.17
28.815	71.6
28.825	85.79
28.835	85.56
28.845	84.8
28.855	84.67
29.265	142.89
29.275	143.75
29.285	144.14
29.425	116.23
29.435	114.82
29.445	113.03
29.455	109.41
29.465	107.46
29.475	106.14
29.485	104.05
29.495	102.54
29.505	100.49
29.515	97.66
29.525	97.93
29.535	98.2
29.545	97.06
29.555	94.93
29.565	93.28
29.575	93.13
29.585	92.3
29.595	91.53
29.605	91.05
29.615	90.36
29.625	89.55
29.635	88.63
29.645	88.51
29.655	88.68
29.665	88.57
29.675	88.3
29.685	86.86
29.695	86.1
29.705	86.68
29.715	89.27
29.725	92.58
29.735	91.74
29.745	90.79
29.755	90.46
29.765	90.71
29.775	90.79
29.785	90.3
29.795	90.21
29.805	89.68
29.815	89.37
29.825	79.82
29.835	88.49
29.845	89.12
29.855	89.54
29.865	89.24
29.925	95.72
29.935	93.29
29.945	90.42
29.955	87.14
29.965	92.32
29.975	93.01
29.985	92.7
29.995	92.22
30.005	92.16
30.015	92.02
30.025	90.65
30.035	89.95
30.045	91.06
30.055	90.52
30.065	88.74
30.075	87.4
30.085	87.5
30.095	87.85
30.105	88.78
30.115	88.96
30.165	106.96
30.175	109.42
30.185	108.22
30.195	107.2
30.205	106.62
30.215	105.69
30.225	105.26
30.235	141.63
30.245	139.74
30.255	140.2
30.265	141.49
30.275	105.67
30.285	105.63
30.435	107.05
30.445	104.91
30.455	105.04
30.465	142.95
30.475	140.7
30.485	138.99
30.495	104.96
30.505	104.8
30.515	106.86
30.525	106.24
30.535	104.38
30.545	102.79
30.555	102.31
30.565	101.84
30.575	101.33
30.585	101.24
30.595	98.28
30.605	98.14
30.615	98.84
30.625	96.1
30.635	95.59
30.645	97.55
30.655	97.38
30.665	95.97
30.675	95.9
30.685	97.75
30.695	95.97
30.805	105.78
30.815	105.16
30.825	104.72
30.835	104.22
30.845	103.7
30.855	103.48
30.865	143.24
30.875	142.15
30.885	143.99
30.895	146.57
30.905	89.95
30.915	88.09
30.925	87.68
30.935	86.69
30.945	85.09
30.955	85.49
30.965	85.52
30.975	84.74
30.985	137.15
30.995	138.5
31.005	141.48
31.015	145.98
31.025	144.08
31.035	140.95
31.045	141.77
31.135	89.92
31.145	89.08
31.155	90.53
31.165	92.15
31.175	91.15
31.185	90.65
31.195	90.54
31.205	89.79
31.215	89.54
31.225	89.71
31.235	89.64
31.245	89.47
31.255	73.79
31.265	104
31.275	104.08
31.285	143.04
31.295	142.03
31.305	139.21
31.315	137.86
31.455	99.13
31.465	99.09
31.475	99.35
31.485	98.81
31.495	97.96
31.505	101.56
31.515	101.93
31.525	100.36
31.535	100.31
31.545	99.43
31.555	99.46
31.565	100.44
31.575	102.15
31.585	102.39
31.595	101.92
31.605	101.86
31.615	100.82
31.625	98.29
31.635	98.13
31.645	99.11
31.655	97.56
31.665	96.74
31.675	96.23
31.685	97.13
31.695	98.26
31.705	96.29
31.715	94.88
31.725	94.15
31.735	93.8
31.745	93.36
31.755	93.43
31.765	93.66
31.775	93.69
31.785	92.93
31.795	93.3
31.805	94.45
31.815	94.14
31.825	93.7
31.835	93.72
31.845	93.93
31.855	94.15
31.865	93.95
31.875	93.65
31.885	93.47
32.045	92.22
32.055	95.61
32.065	95.25
32.075	92
32.085	91.99
32.095	94.17
32.105	95.04
32.115	93.36
32.125	91.62
32.135	90.6
32.145	91.37
32.155	91.65
32.165	91.95
32.175	92.45
32.185	93.29
32.195	92.55
32.205	90.8
32.215	90.07
32.225	90.55
32.235	90.59
32.245	91.1
32.255	91.67
32.265	91.98
32.275	92.56
32.285	93.51
32.295	93.8
32.305	95.21
32.315	96.6
32.325	96.51
32.335	96.23
32.345	96.06
32.355	96.42
32.365	97.17
32.375	97.23
32.385	96.59
32.395	95.78
32.405	95.19
32.415	94.71
32.425	95.06
32.435	95.9
32.445	95.04
33.505	106.59
33.515	107.32
33.525	105.49
33.535	102.03
33.545	100.89
33.555	101
33.565	99.63
33.575	97.48
33.585	99.02
33.595	98.96
33.605	97.71
33.615	97.87
33.625	98.02
33.635	98.21
33.645	98.34
33.655	98.61
33.665	99.53
33.675	99.61
33.685	98.86
33.695	97.92
33.705	96.07
33.715	93.24
33.745	94.04
33.755	97.1
33.765	96.77
33.775	96.74
33.785	98.11
33.815	108.44
33.825	106.22
33.835	102.83
33.845	100.99
33.855	99.64
33.865	99.28
33.875	99.83
33.885	100.51
33.895	101.66
33.905	103.46
33.915	103.71
33.925	103.23
33.935	102.77
33.945	102.4
33.955	96.58
33.985	142.52
33.995	149.57
34.005	142.6
34.015	141.44
34.025	145.22
34.035	141.01
34.225	103.3
34.235	101.44
34.245	99.74
34.255	97.74
34.265	96.6
34.275	95.84
34.285	95.76
34.295	93.91
34.305	96.32
34.315	101.43
34.325	104.62
34.335	106.84
34.345	106.73
34.355	105.65
34.365	104.57
34.375	103.84
34.385	103.53
34.395	102.8
34.405	100.9
34.415	98.17
34.425	98.4
34.435	98.8
34.445	97.73
34.455	96.49
34.465	95.9
34.475	95.53
34.485	95.99
34.495	96.32
34.505	96.39
34.515	93.06
34.525	84.54
34.675	94.43
34.685	92.46
34.695	94.04
34.705	98.84
34.715	96.85
34.725	95.33
34.735	94.85
34.745	94.42
34.755	94.36
34.765	93.38
34.775	93.47
34.785	93.02
34.795	92.49
34.805	92.19
34.815	91.69
34.825	91.33
34.835	91
34.845	91.52
34.855	92.32
34.865	92.43
34.875	93.35
34.885	98.04
34.895	100.43
34.905	99.13
34.915	99.61
34.925	101.52
34.935	101.52
34.945	101.8
34.955	103.64
34.965	105.15
34.975	106.37
34.985	107.71
34.995	108.29
35.005	108.94
35.015	108.76
35.025	108.23
35.035	108.26
35.045	108.33
35.055	106.91
35.065	106.28
35.075	107.37
35.085	106.77
35.095	106.83
35.105	105.4
35.115	104.9
35.125	102.88
35.135	98.7
35.145	96.45
35.155	95.59
35.165	95.69
35.175	94.69
35.185	99.14
35.195	101.93
35.205	102.89
35.215	102.91
35.225	102.46
35.235	102.26
35.245	102.98
35.255	103.65
35.265	103.92
35.275	104.08
35.285	104.41
35.295	104.03
35.305	102.72
35.315	103.04
35.325	101.33
35.335	103.19
35.525	110.05
35.535	109.05
35.545	108.04
35.555	107.54
35.565	107.13
35.575	105.85
35.585	103.9
35.595	101.22
35.625	86.26
35.635	85.44
35.645	85.93
35.655	86.92
35.665	86.62
35.675	87.73
35.685	145.84
35.695	145.38
35.705	142.01
35.715	144.11
35.725	149.17
35.805	137.53
35.815	142.14
35.825	141.81
35.835	139.42
35.845	136.56
35.855	132.63
35.865	130.21
35.875	129.74
35.885	126.57
35.895	118.73
35.905	130.72
35.915	125.99
35.925	131.05
35.935	88.63
35.945	86.73
35.955	83.62
35.965	82.35
36.095	110.01
36.105	109.11
36.115	108.9
36.125	108.72
36.135	108.39
36.145	107.51
36.155	107.9
36.165	108.41
36.175	108.65
36.185	108.42
36.305	108.12
36.315	107.48
36.325	106.2
36.335	103.81
36.345	102.7
36.355	102.96
36.365	102.46
36.375	101.8
36.685	104.76
36.695	103.08
36.705	102.65
36.965	133.75
36.975	127.65
36.985	121.22
36.995	119.18
37.005	116.7
37.015	116.13
37.025	115.44
37.035	114.9
37.045	113.89
37.055	112.62
37.065	110.81
37.075	109.37
37.085	107.08
37.305	137.31
37.315	141.27
37.325	144.18
37.335	144.35
37.345	141.12
37.385	85.99
37.395	86.52
37.405	87.85
37.415	106.08
37.425	106.62
37.435	107.25
37.445	107.36
37.455	106.73
37.465	105.47
37.475	137.14
37.485	140.9
37.495	143.91
37.505	141.6
37.515	142.48
37.575	108.06
37.585	109.06
37.595	109.43
37.605	108.57
37.615	107.23
37.625	106.73
37.635	106.73
37.645	106.76
37.655	103.67
37.665	101.66
37.675	103.52
37.685	102.16
37.695	101.06
37.705	103.16
37.715	105.35
37.725	107.88
37.735	107.77
37.745	106.26
37.755	105.72
37.765	107.28
37.775	106.77
37.785	105.91
37.795	106.28
37.805	109.37
37.815	109.71
37.825	106.36
37.835	103.09
37.845	99.87
37.855	97.84
37.865	97.49
37.875	98.55
37.885	100.49
37.895	100.54
37.925	110.16
37.935	109.06
37.945	107.55
37.955	106.95
37.965	106.41
37.975	105.19
37.985	102.37
37.995	96.47
38.005	98.53
38.015	137.95
38.025	135.78
38.085	98.45
38.095	98.57
38.105	98.66
38.115	99.06
38.125	99.15
38.135	98.48
38.145	98.14
38.155	99.84
38.165	100.7
38.175	100.47
38.185	98.81
38.195	98.13
38.205	98.27
38.215	99.75
38.225	97.8
38.235	98.47
38.245	100.49
38.275	88.43
38.285	84.8
38.295	84.62
38.305	84.58
38.315	85.32
38.325	83.94
38.335	82.7
38.345	83.16
38.405	148.57
38.415	150.9
38.425	145.17
38.435	145.24
38.445	149.34
38.455	139.87
38.465	100.2
38.475	98.98
38.485	95.63
38.505	85.81
38.515	86.65
38.525	84.9
38.535	85.85
38.545	86.36
38.555	83.03
38.565	81.37
38.575	82.95
38.585	72.14
38.635	113.02
38.645	110.92
38.655	107.81
38.665	107.5
38.675	106.68
38.685	106.25
38.695	106.72
38.705	108.63
38.715	111.87
38.895	97.6
38.905	96.45
38.915	95.57
38.925	97.73
38.935	98.45
38.945	97.63
38.955	103
38.965	104.85
38.975	105.76
38.985	107.15
38.995	107.37
39.005	107.89
39.015	108.08
39.025	107.67
39.035	106.58
39.045	105.68
39.055	104.86
39.065	104.58
39.075	104.44
39.085	103.35
39.095	103.04
39.105	103.42
39.115	102.89
39.125	101.87
39.135	99.71
39.145	99.47
39.155	101.05
39.165	100.3
39.175	98.19
39.185	97.51
39.195	98.32
39.205	98.91
39.215	100.26
39.225	101.83
39.235	103.68
39.245	105.38
39.255	105.08
39.265	103.87
39.275	102.65
39.285	95.31
39.295	99.09
39.305	100.21
39.315	100.05
39.325	98.15
39.335	93.37
39.345	91.63
39.355	92.04
39.365	91.72
39.375	94.11
39.385	95.18
39.395	92.46
39.405	89.77
39.415	90.59
39.425	90.78
39.435	91.9
39.445	93.69
39.455	92.52
39.465	91.85
39.475	92.45
39.485	93.56
39.495	93.52
39.505	92.57
39.515	91.27
39.525	89.84
39.535	89.9
39.545	91.12
39.555	90.55
39.565	90.82
39.575	90.53
39.585	89.45
39.595	90.07
39.605	91.61
39.875	143.38
39.885	145.41
39.895	144.93
39.905	140.24
39.915	140.15
39.925	140.92
39.935	143.16
39.945	146.61
39.955	136.82
39.965	91.1
39.975	98.3
39.985	99.18
39.995	98.21
40.005	98.17
40.015	97.75
40.025	97.21
40.035	96.53
40.045	95.08
40.055	94.63
40.065	95.76
40.075	97.27
40.085	96.24
40.095	95.19
40.105	95.99
40.115	94.76
40.125	92.1
40.155	90.34
40.165	86.58
40.175	86.2
40.185	86.27
40.195	85.16
40.205	84.45
40.215	88.15
40.225	96.98
40.235	100.03
40.315	71.89
40.325	72.87
40.335	72.26
40.345	142.51
40.355	143.52
40.365	144.19
40.375	143.89
40.385	143.76
40.395	143.83
40.405	142.74
40.415	140.08
40.425	140.94
40.435	143.15
40.445	140.43
40.455	139.47
40.525	92.93
40.535	94.93
40.545	95.78
40.775	99.44
40.785	100.44
40.845	104.17
40.855	105.94
41.085	109.08
41.095	109.11
41.105	109.41
41.115	109.12
41.125	110.13
41.135	113.39
41.145	112.75
41.155	110.71
41.165	104.49
41.175	136.46
41.535	103.12
41.545	102.52
41.555	101.96
41.565	101.81
41.575	100.42
41.585	101.17
41.595	100.18
41.605	98.86
41.615	98.94
41.625	98.25
41.635	97.32
41.645	98
41.655	98.56
41.665	98.72
41.675	99.34
41.685	99.41
41.695	99.37
41.705	99.45
41.715	99.45
41.725	99.55
41.735	99.92
41.745	99.88
41.755	100.35
41.765	100.41
41.775	100.77
41.785	101.38
41.795	101.28
41.805	101.37
41.815	100.8
42.355	111.17
42.365	112.08
42.375	110.32
42.385	109.57
42.395	108.63
42.405	107.5
42.415	108.06
42.425	108.89
42.435	108.63
42.445	108.54
42.455	107.38
42.465	108.07
42.475	106.75
42.485	106.51
42.495	107.86
42.505	108.39
42.515	107.51
42.525	106.96
42.535	107.2
42.825	148.12
42.835	145.7
42.845	140.54
42.855	140.11
42.865	139.69
42.875	141.22
42.885	145.82
42.895	145.53
43.005	142.59
43.015	141.48
43.035	110.53
43.045	109.45
43.055	109.2
43.065	110.13
43.075	110.26
43.085	110
43.095	109.9
43.105	109.14
43.115	109.04
43.125	108.54
43.135	108.28
43.145	107.85
43.155	107.03
43.165	106.37
43.175	105.46
43.185	105.08
43.195	105.33
43.205	106.11
43.215	105.6
43.245	111.49
43.255	110.73
43.265	108.75
43.275	107.54
43.285	105.99
43.295	105.44
43.305	106.11
43.315	106.76
43.325	104.19
43.335	103.64
44.155	107.64
44.165	110.18
44.175	106.05
44.185	103.82
44.195	103.5
44.205	104.13
44.215	102.69
44.225	105.62
44.235	104.41
44.245	102.13
44.255	99.16
44.265	97.73
44.275	100
44.285	100.04
44.295	97.93
44.305	95.73
44.315	97.83
44.325	100.97
44.335	101.83
44.345	103.54
44.355	106.35
44.365	108.65
44.375	107.53
44.385	106.32
44.395	106.97
44.405	106.65
44.415	105.12
44.425	104.63
44.435	104.66
44.445	104.6
44.455	104.1
44.465	103.96
44.475	103.72
44.595	92.02
44.605	90.62
44.615	88.18
44.625	86.46
44.635	86.37
44.645	85.72
44.655	86.2
44.665	88.24
44.675	91
44.685	92.8
44.695	93.42
44.705	95.17
44.715	97.37
44.725	98.71
44.735	99.02
44.745	97.15
44.755	97.53
44.765	98.41
44.775	98.58
44.785	100.17
44.795	101.19
44.805	99.95
45.125	107.78
45.135	107.3
45.145	104.91
45.155	103
45.165	101.78
45.175	102.26
45.185	103.08
45.195	102.07
45.205	101.05
45.215	99.5
45.225	98.44
45.235	97.75
45.245	97.46
45.255	96.92
45.265	96.54
45.275	96.29
45.285	95.91
45.295	95.66
45.305	95.61
45.315	95.39
45.325	94.96
45.335	94.64
45.345	94.33
45.355	93.99
45.365	93.47
45.375	93.32
45.385	93.14
45.395	92.61
45.405	93.48
45.415	93.43
45.425	93.26
45.435	93.2
45.445	93.08
45.455	92.78
45.465	92.95
45.475	92.86
45.485	92.66
45.495	92.56
45.505	92.28
45.515	92.18
45.525	92.15
45.535	91.97
45.545	92.27
45.555	92.22
45.565	92.44
45.575	92.72
45.585	93.15
45.595	93.98
45.605	94.04
45.615	93.81
45.625	93.71
45.635	93.57
45.645	93.52
45.655	93.54
45.665	92.92
45.675	92.54
45.685	92.18
45.695	92.87
45.705	88.84
46.005	74.08
46.015	83.89
46.025	84.7
46.035	97.77
46.045	97.7
46.055	96.89
46.065	96.18
46.075	95.37
46.085	93.51
46.205	96.62
46.215	99.13
46.225	100.7
46.235	101.5
46.245	98.16
46.255	95.74
46.265	97.68
46.275	96.69
46.285	95.8
46.295	95.29
46.305	95.82
46.315	101.42
46.325	99.6
46.335	98.33
46.345	98.05
46.355	97.97
46.365	97.88
46.375	98.11
46.385	97.74
46.395	97.13
46.405	96.76
46.415	97.08
46.425	96.96
46.435	96.27
46.445	97.84
46.455	100.14
46.465	100.16
46.475	101.31
46.485	100.93
46.495	101.04
46.505	96.99
46.515	98.06
46.525	99.95
46.635	98.16
46.645	98.51
46.655	100.46
46.665	100.68
46.675	99.1
46.685	98.48
46.695	98.91
46.705	98.84
46.715	98.98
46.725	99.39
46.735	98.65
46.745	99.12
46.755	101.72
46.765	101.55
46.775	102.09
46.785	99.96
46.795	101.91
46.815	83.16
46.825	81.53
46.835	85.75
46.845	86.92
46.855	86.08
46.865	85.69
46.875	87.16
46.885	84.01
46.895	82.18
46.905	81.37
46.915	84.45
46.925	92.72
46.935	94.63
46.945	99.84
46.955	99.92
46.965	98.96
46.975	99.45
46.985	99.07
46.995	99.26
47.005	99.52
47.015	99.56
47.025	99.5
47.035	99.11
47.045	98.81
47.055	98.63
47.065	98.6
47.075	99.98
47.085	97.86
47.095	97.9
47.105	97.82
47.205	95.1
47.215	94.92
47.225	93.9
47.235	91.9
47.245	92.41
47.255	93.1
47.265	92.13
47.275	91.62
47.285	91.38
47.295	92.31
47.305	93.73
47.405	110.17
47.415	107.93
47.425	106.2
47.435	104.93
47.445	103.83
47.455	102.54
47.465	101.34
47.475	101.05
47.485	101.66
47.495	101.64
47.505	100.9
47.515	99.95
47.525	99.32
47.535	97.88
47.545	98.06
47.555	96.5
47.565	93.88
47.575	93.53
47.585	94.36
47.595	93.37
47.605	93.39
47.615	90.25
47.625	92.28
47.635	90.92
47.645	89.65
47.655	90.7
47.665	90.28
47.675	90.57
47.685	89.67
47.695	93.69
48.175	101.08
48.185	99.46
48.195	101.14
48.205	100.01
48.305	104.54
48.315	104.45
48.325	105.46
48.335	105.66
48.405	106.9
48.415	105.23
48.425	102.25
48.435	102.94
48.445	105.67
48.455	104.92
48.465	102.76
48.795	147.86
48.805	143.18
48.815	142.03
48.825	141.67
48.835	142.31
48.845	144.25
48.855	146.27
48.865	147.44
48.875	146.19
48.885	144.98
48.895	145.51
48.905	149.83
48.915	151.46
48.925	151.63
48.935	149.14
48.945	151.66
48.955	155.11
49.075	109.67
49.085	112.78
49.095	115.44
49.105	116.85
49.115	116.89
49.125	116.41
49.135	115.52
49.145	111.8
49.155	110.11
49.165	110.88
49.175	113.43
49.185	120.29
49.195	119.25
49.205	118.9
49.295	120.85
49.305	120.91
49.315	118.78
49.325	115.19
49.335	113.48
49.345	112.71
49.355	112.49
49.365	111.81
49.375	109.38
49.385	110.56
49.395	111.14
49.405	111.43
49.415	110.93
49.425	110.33
49.435	110.41
49.445	106.1
49.775	129.19
49.785	126.43
49.795	124.85
49.805	125.24
49.815	125.25
49.825	124.36
49.835	126.78
49.845	126.68
49.855	126.6
50.125	127.75
50.135	125.88
50.145	120.41
50.155	117.47
50.165	115.66
50.175	113.8
50.185	111.89
50.195	110.44
50.205	109.41
50.215	110.16
50.225	110.74
50.235	110.83
50.245	111.16
50.255	111.15
50.265	110.8
50.275	110.05
50.285	108.88
50.295	108.17
50.305	107.19
50.315	105.53
50.325	102.93
50.335	102.17
50.505	119.98
50.515	117.4
50.525	116.7
50.535	116.46
50.545	116.07
50.555	116.04
50.565	115.7
50.575	115.4
50.585	114.26
50.595	112.82
50.605	110.35
50.615	105.74
50.625	108.14
50.635	111.74
51.225	120.17
51.235	116.28
51.245	111.79
51.255	107.97
51.265	105.92
51.275	105.27
51.285	104.99
51.295	105.07
51.305	105.07
51.315	105.55
51.325	105.86
51.335	105.58
51.345	105.44
51.355	105.8
51.365	105.55
51.375	107.21
51.385	109.96
51.395	112.23
51.405	114.84
51.415	116.12
51.425	116.7
51.435	116.92
51.445	117.93
51.455	119.35
51.465	119.75
51.475	119.37
51.485	116.52
51.495	113.37
51.505	112.25
51.515	111.3
51.525	110.42
51.535	108.6
51.545	107.36
51.555	107.61
51.565	107.12
51.575	106.44
51.585	105.44
51.595	103.05
51.605	102.39
51.615	101.47
51.625	100.83
51.635	100.39
51.645	100.94
51.655	100.11
51.665	99.22
51.675	96.15
51.685	94.11
51.695	94.79
51.705	93.18
51.715	95.05
51.725	95.61
51.735	96.85
51.745	96.68
51.755	96.81
51.765	97.54
51.775	98.4
51.785	98.22
51.795	98.55
51.805	97.68
51.815	96.94
51.825	96.59
51.835	95.81
51.845	95.37
51.855	94.62
51.865	93.64
51.875	93.19
51.885	93.11
51.895	93
51.905	92.37
51.915	91.67
51.925	91.44
51.935	90.88
51.945	89.81
51.955	87.6
51.965	83.34
51.975	87.21
51.985	85.05
51.995	87.08
52.065	138.67
52.075	139.64
52.085	141.94
52.095	143.28
52.105	145.81
52.145	106.83
52.155	107.04
52.165	110.51
52.175	111.16
52.335	93.12
52.345	94.42
52.355	99.33
52.365	100.96
52.375	102.31
52.385	102.17
52.395	101.36
52.585	90.22
52.595	93.26
52.605	87.26
52.615	84.49
52.625	86.2
52.635	86.03
52.645	82.23
52.775	102.42
52.785	102.68
52.795	99.97
52.805	96.64
52.815	94.77
52.825	145.88
52.835	143.15
53.215	104.75
53.225	103.26
53.235	101.65
53.245	93.81
53.255	93.64
53.265	98.04
53.275	81.43
53.285	81.53
53.395	89.37
53.405	89.06
53.415	90.43
53.425	91.67
53.435	91.62
53.445	90.93
53.455	90.49
53.465	91.66
53.475	94.42
53.485	95.91
53.495	92.13
53.505	94.98
53.515	95.25
53.525	94.27
53.535	94.48
53.545	95
53.555	94.56
53.565	93.81
53.575	93.88
53.585	94.21
53.595	94.05
53.605	93.57
53.615	92.66
53.625	90.57
53.635	89.33
53.645	89.6
53.725	92.33
53.735	91.26
53.745	87.96
53.755	86.68
53.765	86.36
53.775	87.19
53.785	87.8
53.795	89.56
53.805	89.52
53.815	89.18
53.825	89.21
53.835	89.99
53.985	111.15
53.995	113.02
54.005	113.98
54.015	113.23
54.025	112.78
54.035	115.49
54.045	115.94
54.055	115.8
54.065	115.56
54.075	114.58
54.085	112.99
54.095	110.12
54.105	106.93
54.115	104.64
54.125	102.54
54.135	97.34
54.145	96.07
54.155	96.57
54.165	95.89
54.175	94.68
54.185	96.38
54.195	95.63
54.205	95.36
54.215	95.56
54.225	95.88
54.235	95.29
54.245	97.86
54.255	143.32
54.265	141.84
54.275	144
54.285	143.11
54.295	140.77
54.305	142.73
54.315	137.64
54.915	109.34
54.925	106.37
54.935	104.33
54.945	101.99
54.955	98.84
54.965	96.63
54.975	95.62
54.985	94.74
54.995	94.91
55.005	94.4
55.015	93.36
55.025	92.89
55.035	92.28
55.045	91.49
55.055	90.82
55.065	90.62
55.075	90.24
55.085	89.31
55.095	89.77
55.105	89.43
55.115	89.08
55.125	88.59
55.135	88.44
55.145	88.12
55.155	87.45
55.165	87.36
55.175	86.49
55.185	85.91
55.195	85.44
55.205	85.65
55.215	85.63
55.225	85.72
55.235	85.99
55.245	86.45
55.255	86.29
55.265	86.39
55.275	86.43
55.285	86.61
55.295	86.81
55.305	86.94
55.315	87.29
55.325	87.49
55.335	87.64
55.345	87.69
55.355	87.41
55.365	86.82
55.375	86.62
55.385	86.18
55.395	85.53
55.405	85
55.415	84.68
55.425	84.98
55.435	85.58
55.445	86.38
55.455	87.06
55.465	87.7
55.475	87.86
55.485	87.58
55.495	87.04
55.505	86.93
55.515	87.03
55.525	86.6
56.625	107.98
56.635	106.62
56.645	100.87
56.655	97.57
56.665	95.75
56.675	94.47
56.685	92.71
56.695	93.12
56.705	91.85
56.715	92.03
56.725	92.38
56.735	92.07
56.745	92.05
56.755	93.52
56.765	93.15
56.775	92.78
56.785	92.67
56.795	91.36
56.805	91.06
56.815	90.98
56.825	90.47
56.835	89.77
56.845	89.91
56.855	89.1
56.865	87.72
56.875	87.22
56.885	88.15
56.895	89.02
56.905	89.11
56.915	89.2
56.925	89.78
56.935	90.55
56.945	89.88
56.955	89.73
56.965	90.3
56.975	89.77
57.475	118.41
57.485	117.85
57.495	114.5
57.505	109.29
57.515	106.91
57.525	104.09
57.535	103.37
57.545	105.34
57.555	107.87
57.565	109.45
57.575	112.17
57.585	113.94
57.595	116.43
57.605	118.75
57.615	119.2
57.625	119.85
57.635	118.65
57.705	149.59
57.715	143.12
57.725	141.67
57.735	140.06
57.745	144.1
57.755	144.05
57.765	142.86
57.775	143.82
57.785	140.52
57.795	141.49
57.805	96.14
57.815	94.42
57.825	93.44
57.835	72.85
57.845	93.01
57.855	93.75
57.865	94.31
57.875	95.35
57.885	98.25
57.895	99.44
57.905	98.54
57.915	97.1
57.925	96.6
57.935	96.92
57.945	99.23
57.955	105.64
57.965	107.03
57.975	108.44
57.985	110.04
57.995	109.98
58.005	109.02
58.015	107.23
58.025	105.85
58.035	105.21
58.045	104.72
58.135	117.25
58.145	111.3
58.155	104.93
58.165	102.81
58.175	100.81
58.185	98.92
58.195	98.55
58.205	98.36
58.215	97.83
58.225	97.15
58.235	96.97
58.245	97.89
58.255	98.21
58.265	97.9
58.275	98.7
58.285	99.46
58.325	89.36
58.335	89.29
58.345	91.54
58.355	114.75
58.365	111.12
58.375	107.36
58.385	105.18
58.395	103.68
58.405	100.99
58.415	94.66
58.425	93.73
58.435	92.43
58.445	91.53
58.455	94
58.465	93.49
58.475	93.54
58.485	95.11
58.495	95.07
58.515	97.75
58.525	104.05
58.535	108.02
58.545	108.4
58.555	107.61
58.565	106.75
58.575	105.67
58.585	105.21
58.595	105.28
58.605	104.58
58.615	104.02
58.625	103.78
58.635	102.79
58.645	99.78
58.655	97.53
58.665	95.79
58.675	97.51
58.685	97.56
58.695	98.55
58.705	99.95
58.715	99.88
58.725	100.14
58.735	100.16
58.745	99.45
58.755	99.94
58.765	99.22
58.775	97.17
58.785	96.16
58.795	96.96
58.805	94.53
58.995	99.21
59.005	99.62
59.015	99.2
59.025	98.27
59.035	95.42
59.045	97.42
59.055	97.79
59.065	97.55
59.075	98.58
59.085	98.91
59.095	100.55
59.105	100.58
59.115	100.49
59.125	100.61
59.185	114.55
59.195	114.82
59.205	113.7
59.215	111.88
59.225	109.12
59.235	106.38
59.245	105.67
59.255	105.1
59.265	103.31
59.275	100.03
59.285	97.32
59.295	98.04
59.305	97.21
59.315	102.27
59.325	101.99
59.335	99.85
59.345	98.16
59.355	97.95
59.495	91.1
59.505	93.41
59.515	87.06
59.525	87.16
59.535	96.05
59.545	95.14
59.555	86.4
59.565	89.8
59.575	89.87
59.585	90.06
59.655	102.79
59.665	101.05
59.675	99.7
59.685	101.43
59.695	106.36
59.705	102.69
59.715	101.29
59.725	97.94
59.735	98.02
59.745	100.6
59.755	74.37
59.765	75.9
60.195	87.62
60.205	85.58
60.215	109.53
60.225	85.66
60.235	86.6
60.245	87.42
60.575	92.46
60.585	91.55
60.595	92.39
60.605	89.88
60.615	92.53
60.625	91.51
60.635	89.27
60.645	84.89
60.655	86
60.665	85.69
60.675	84.9
60.685	84.81
60.695	84.63
60.705	84.73
60.715	86.44
60.725	86.36
60.735	84.8
60.745	85.88
60.925	86.54
60.935	85.48
60.945	85.58
60.955	86.2
60.965	86.59
60.975	86.88
60.985	87.86
60.995	90.39
61.005	90.27
61.015	90.06
61.025	89.95
61.035	89.15
61.045	88.4
61.055	91.35
61.065	93.21
61.075	93.15
61.085	91.64
61.095	91.31
61.105	94.09
61.115	95.54
61.125	94.62
61.135	93.73
61.145	92.1
61.155	89.55
61.165	87.35
61.175	91.98
61.185	92
61.195	95.76
61.205	98.95
61.215	99.26
61.225	96
61.235	95.56
61.245	95.02
61.255	94.9
61.265	94.5
61.275	94.38
61.285	94.34
61.295	108.85
61.305	110.98
61.315	119.81
61.325	118.91
61.335	125.74
61.345	126.85
61.485	114.08
61.495	111.56
61.505	109.12
61.515	105.64
61.525	103.88
61.535	102.17
61.545	99.14
61.685	105.24
61.695	105.23
61.705	106.81
61.715	104.26
61.725	99.38
61.735	99.31
61.745	97.31
61.755	98.91
61.765	98.84
61.775	102.54
61.805	128.23
61.815	118.11
61.825	111.63
61.835	111.75
61.845	119.45
61.855	120
61.865	120.74
61.875	121.69
61.885	120.91
61.895	121.57
61.905	84.22
61.915	81.87
61.925	82.93
61.935	84.49
61.945	82.35
62.175	85.02
62.185	83.9
62.195	85.57
62.205	75.48
62.255	87.12
62.265	85.86
62.275	85.45
62.285	84.95
62.395	85.34
62.405	85.7
62.415	86.74
62.425	87.16
62.435	87.03
62.445	88.25
62.455	89.76
62.465	91.25
62.485	99.5
62.495	101.01
62.505	102.78
62.515	102.72
62.525	100.42
62.535	108.83
62.675	83.12
62.685	82.61
62.695	82.14
62.705	84.43
62.715	86.69
62.725	87.85
62.735	86.09
62.745	85.1
62.915	100.84
62.925	142.47
62.935	142.77
62.945	141.17
62.955	144.38
62.965	147.26
62.975	146.91
63.155	145.16
63.165	147.3
63.615	119.79
63.625	115.81
63.635	113.89
63.645	112.88
63.655	112.85
63.665	111.81
63.675	109.08
63.685	106.05
63.695	105.87
63.705	106.36
63.715	106.89
63.725	106.96
63.735	103.87
63.745	103.9
63.755	109.07
63.765	101.24
63.775	99.29
63.785	99.1
63.795	100.69
63.805	103.51
63.815	103.99
63.825	103.49
63.835	103.4
63.845	102.47
63.855	101.05
63.865	100.21
63.875	100.81
63.885	100.56
63.895	101.26
63.905	103.01
64.025	101
64.035	103.14
64.045	104.67
64.055	104.85
64.065	103.97
64.075	103.52
64.085	103.38
64.095	100.83
64.105	106.76
64.115	108.48
64.125	109.81
64.135	109.79
64.145	109.77
64.155	110.76
64.165	110.47
64.175	111.08
64.185	111.42
64.195	111.74
64.205	112.17
64.215	111.77
64.225	112.55
64.595	166.69
64.605	164.96
64.805	97.53
64.815	99.19
64.825	102.21
64.835	102.68
64.845	101.09
64.855	100.46
64.865	99.49
64.875	97.79
64.885	97.58
64.895	98.5
64.905	97.66
64.915	98.15
64.925	99.8
65.085	92.24
65.095	95.38
65.105	94.29
65.115	92.95
65.125	92.74
65.135	93.3
65.145	96.51
65.155	97
65.165	96.35
65.175	96.88
65.185	96.64
65.195	98.59
65.205	100.61
65.215	102.51
65.225	103.57
65.235	104.38
65.245	104.8
65.255	106.29
65.265	104.16
65.275	102.31
65.285	102.65
65.295	99.49
65.305	100.45
65.315	103.28
65.395	132.53
65.405	139.31
65.415	143.91
65.425	143.38
65.435	142.46
65.445	144.39
65.455	145.15
65.465	143.1
65.475	142.39
65.945	97.62
65.955	96.64
65.965	96.34
65.975	98
65.985	97.17
65.995	97.8
66.005	98.11
66.015	99.34
66.025	102.54
66.035	100.7
66.045	99.98
66.055	99.95
66.065	99.84
66.075	99.48
66.085	99.19
66.095	97.79
66.105	96.07
66.115	95.6
66.125	96.3
66.135	94.56
66.145	95.52
66.155	96.12
66.165	95.71
66.175	95.73
66.185	96.08
66.195	97.24
66.205	94.96
66.215	93.22
66.315	98.99
66.325	100.32
66.335	97.35
66.345	95.7
66.355	95
66.365	94.36
66.395	73.29
66.405	74.37
66.415	108.02
66.425	106.28
66.435	106.3
66.445	104.65
66.455	103.8
66.465	103.14
66.475	104.73
66.485	104.49
66.525	99.78
66.535	100.69
66.545	96.46
66.555	95.59
66.565	95.68
66.575	96.65
66.585	96.38
66.595	95.72
66.605	96.18
66.615	96.89
66.625	97.53
66.635	98.49
66.645	100.04
66.655	105
66.665	104.51
66.675	106.59
66.685	108.19
66.695	108.67
66.705	110.76
66.715	112.39
66.725	111.98
66.735	110.8
66.745	107.91
66.755	107.54
66.765	108.62
66.775	107.77
66.785	110.4
66.795	109.99
66.805	109.86
66.815	109.89
66.825	109.97
66.875	104.95
66.885	104.14
66.895	103.15
66.905	100.8
66.915	100.32
66.925	100.16
66.935	98.19
66.945	101.05
66.955	101.64
67.025	98.03
67.035	100.17
67.045	98.95
67.055	98.01
67.065	97.13
67.075	96.89
67.085	98.1
67.095	96.53
67.105	95.17
67.115	96.88
67.125	93.43
67.255	111.2
67.265	109.28
67.275	108.66
67.285	107.1
67.295	105.7
67.305	105.89
67.315	106.42
67.325	106.24
67.335	104.71
67.345	102.34
67.355	97.58
67.365	97.11
67.375	96.71
67.385	96.44
67.395	96.22
67.405	95.09
67.415	94.76
67.425	95.06
67.435	94.58
67.445	94.64
67.455	94.78
67.465	94.84
67.475	94.89
67.485	94.16
67.495	94.89
67.505	95.43
67.515	96.49
67.525	97.66
67.535	98.29
67.545	98.12
67.555	97.44
67.565	97.24
70.135	113.4
70.145	115.81
70.155	114.27
70.165	113.38
70.195	108.11
70.205	103.78
70.215	107.92
70.225	108.28
70.235	108.75
70.245	109.37
70.255	110.04
70.265	110.94
70.275	110.59
70.285	108.82
70.295	108.21
70.305	109.12
70.315	108.71
70.325	108.9
70.335	109.41
70.345	108.88
70.355	108.11
70.365	108.12
70.375	107.31
70.385	105.46
70.395	104.06
70.405	103.05
70.415	103.41
70.425	105.11
70.435	104.42
70.445	107.27
70.455	106.96
70.465	105.42
70.475	107.11
70.485	108.01
70.495	106.57
