time	f0
0.53	240.77
0.54	223.06
0.55	217.28
0.56	215.88
0.57	215.03
0.58	211.01
0.59	210.94
0.6	210.58
0.61	209.97
0.62	209.96
0.63	210.21
0.64	210.62
0.65	211.73
0.66	211.44
0.67	209.25
0.68	208.83
0.69	205.87
0.7	206.91
0.71	206.24
0.72	206.36
0.73	205.41
0.74	202.95
0.75	201.08
0.76	204.18
0.77	202.69
0.78	202.5
0.79	201.8
0.8	203.33
0.81	203.66
0.82	203.76
0.83	204.94
0.84	205.12
0.85	204.95
0.86	203.68
0.87	203.32
0.88	203.19
0.89	203.8
0.9	203.25
0.91	203.93
0.92	204.33
0.93	204.56
0.94	204.34
0.95	205.07
0.96	205.38
0.97	207.33
0.98	207.51
0.99	206.64
1	208.19
1.01	208.08
1.02	207.53
1.03	210.46
1.04	208.5
1.05	209.24
1.06	206.44
1.07	253.1
1.08	218.7
1.09	219.26
1.1	226.54
1.11	216.88
1.72	270.48
1.73	226.89
1.74	225.88
1.75	225.4
1.76	223.62
1.77	223.6
1.78	222.96
1.79	223.38
1.8	223.29
1.81	221.73
1.82	219.79
1.83	220.48
1.84	221.62
1.85	222.97
1.86	225.14
1.87	227.59
1.88	230.37
1.89	232.49
1.9	231.54
1.91	231.05
1.92	229.24
1.93	228.11
1.94	227.03
1.95	226.34
1.96	225.33
1.97	224.4
1.98	223.47
1.99	223.66
2	223.71
2.01	222.56
2.02	220.66
2.03	220.76
2.04	219.94
2.05	219.7
2.06	219.02
2.07	218.3
2.08	218.17
2.09	216.93
2.1	216.8
2.11	216.19
2.12	214.61
2.13	212.83
2.14	210.82
2.15	210.81
2.16	210.67
2.17	211.81
2.18	211.37
2.19	216.71
2.2	287.06
2.21	279.9
2.22	278.3
2.23	209.19
2.24	214.5
2.25	211.19
2.26	213.17
2.27	212.57
2.28	210.21
2.38	247.04
2.39	248.84
2.4	247.68
2.41	246.32
2.42	247.32
2.43	246.45
2.44	246.88
2.45	247.85
2.46	247.35
2.47	244.88
2.48	247.79
2.49	246.83
2.5	245.85
2.51	246.27
2.52	247.67
2.53	264.66
2.54	256.45
2.55	253.22
2.56	252.49
2.57	245.77
2.58	239.01
2.59	234.11
2.6	228.61
2.61	221.06
2.62	223.84
2.63	236.99
2.64	218.39
2.65	208.68
2.66	216.94
2.67	213.54
2.68	211.63
2.69	210.74
2.7	209.56
2.71	207.82
2.72	206.82
2.73	205.37
2.74	203.49
2.75	202.73
2.76	202.84
2.77	202.72
2.78	201.01
2.79	199.68
2.8	201.07
2.81	200.21
2.82	202.03
2.83	200.01
2.84	200.87
2.85	201.71
2.86	225.18
2.87	221.51
2.88	212.35
2.89	208.62
2.9	209.73
2.91	209.94
2.92	209.57
2.93	208.02
2.94	204.98
2.95	204.74
2.96	209.66
2.97	195.77
2.98	210.32
2.99	211.52
3	206.41
3.01	211.86
3.02	208.19
3.03	216.27
3.04	213.88
3.05	210
3.06	209.48
3.07	214.22
3.08	213.67
3.09	216.01
3.1	217.02
3.11	218.82
3.12	220.8
3.13	221.38
3.14	222.98
3.15	224.38
3.16	225.26
3.17	227.11
3.18	224.48
3.19	225.45
3.2	227.22
3.21	224.35
3.22	221.99
3.23	221.02
3.31	254.72
3.32	240.65
3.33	243.56
3.34	227.09
3.35	222.18
3.36	219.45
3.37	215.23
3.38	217.36
3.39	210.46
3.4	209.24
3.41	209.24
3.42	207.19
3.43	207.94
3.44	202.04
3.45	200.3
3.46	203.19
3.47	205.5
3.48	205.68
3.49	206.7
3.5	201.73
3.51	202.73
3.52	204.79
3.62	226.97
3.63	220.66
3.64	221.86
3.65	224.21
3.66	224.78
3.67	225.84
3.68	227.4
3.69	227.31
3.7	226.81
3.71	227.44
3.72	226.61
3.73	225.93
3.74	224.14
3.75	220.43
3.76	222.96
3.77	226.73
3.78	226.45
3.79	227.73
3.8	224.01
3.81	225.4
3.82	215.84
3.83	220.66
3.84	219.59
3.85	217.09
3.86	214.59
3.87	210.98
3.88	208.49
3.89	207.94
3.9	207.29
3.91	213.24
3.92	207.61
3.93	210.35
3.94	210.2
3.95	209.73
3.96	211.9
3.97	214.19
3.98	215.97
3.99	215.33
4	214.61
4.01	214.03
4.02	213.66
4.03	212.4
4.04	209.87
4.05	208.63
4.06	207.76
4.07	209.03
4.08	209.26
4.09	208.34
4.1	209.23
4.11	209.63
4.12	209.93
4.13	218.79
4.14	220.39
4.15	222.08
4.16	224.92
4.17	228.75
4.18	231.98
4.19	235.74
4.2	238.53
4.21	244.32
4.22	245.31
4.23	248.59
4.24	241.8
4.25	239.47
4.26	237.78
4.27	234.05
4.28	232.16
4.29	233.5
4.3	241.68
4.31	224.46
4.32	229.89
4.33	227.74
4.34	218.69
4.35	217.02
4.36	198.31
4.37	215.59
4.38	207.31
4.39	210.32
4.4	210.05
4.41	207.54
4.45	206.97
4.48	209.68
4.49	209.85
4.5	212.5
4.51	212.6
4.52	209.3
4.53	208.33
4.54	206.93
4.55	205.24
4.56	205.86
4.57	204.97
4.58	205.92
4.59	206.35
4.6	206.53
4.61	209.19
4.65	199.65
4.66	197.71
4.67	195.98
4.68	197.74
4.69	198.44
4.76	222.56
4.77	221.61
4.78	221.66
4.79	221.21
4.8	221.42
4.81	222.91
4.82	223.59
4.83	224.36
4.84	223.52
4.85	226.43
4.86	227.47
4.87	232.3
4.88	237.03
4.89	245.31
4.9	241.15
4.91	240.07
4.92	245.65
4.93	248.45
4.94	246.18
4.95	243.74
5.07	234.16
5.08	233.89
5.09	228.89
5.1	228.68
5.11	222.73
5.12	222.62
5.13	223.44
5.14	223.15
5.15	223.81
5.16	227.59
5.17	219.23
5.18	222.45
5.19	221.69
5.2	219.78
5.21	225.1
5.22	224.16
5.27	217.84
5.28	218.45
5.29	210.32
5.3	206.59
5.31	207.74
5.32	206.97
5.33	204.97
5.34	204.2
5.35	200.3
5.36	201.69
5.37	203.48
5.38	199.79
5.39	199.5
5.4	199.79
5.45	206.61
5.46	203.22
5.47	203.34
5.48	203.46
5.49	202.7
5.5	202.28
5.51	201.56
5.52	201.31
5.53	200.82
5.54	201.63
5.55	199.38
5.56	200.38
5.57	201.19
5.58	202.09
5.59	202.88
5.6	202.78
5.61	202.56
5.62	204.24
5.63	204.46
5.64	204.54
5.65	206.1
5.66	207.74
5.67	208.1
5.68	207.36
5.69	205.19
5.7	207.07
5.71	208.08
5.72	206.23
5.73	205.21
5.74	202.5
5.76	198.75
5.77	198.21
5.78	196.92
5.79	198.67
5.88	232.93
5.89	228.39
5.9	239.79
5.91	248.89
5.92	249.51
5.93	251.94
5.94	251.78
5.95	254.29
5.96	256.44
5.97	260.27
5.98	261
5.99	261.99
6	261.02
6.01	258.82
6.02	255.71
6.03	251.97
6.04	246.67
6.05	240.66
6.06	236.93
6.07	231.55
6.08	224.18
6.09	229.76
6.1	229.63
6.11	227.53
6.12	228.71
6.13	232.47
6.14	216.8
6.15	209.41
6.16	210.96
6.17	209.14
6.18	214
6.19	206.73
6.2	213.14
6.21	211.63
6.22	210.5
6.23	210.89
6.24	208.86
6.25	208.05
6.26	213.84
6.27	217.33
6.28	215.23
6.89	219.85
6.9	208.6
6.91	206.37
6.92	206.36
6.93	205.71
6.94	206.64
6.95	203.69
6.96	205.11
6.97	205.27
6.98	204.76
6.99	205.02
7	204.56
7.01	202.92
7.02	202.85
7.03	202.87
7.04	201.66
7.05	201.38
7.06	201.77
7.07	201.6
7.08	201.49
7.09	201.6
7.1	200.97
7.11	200.41
7.12	199.42
7.13	199.7
7.14	199.83
7.15	200.2
7.16	198.77
7.17	198.6
7.18	198.52
7.19	197.05
7.2	197.98
7.21	198.14
7.22	197.98
7.23	198.55
7.24	200.07
7.25	199.92
7.26	202.68
7.27	204.32
7.28	204.41
7.29	202.7
7.3	201.05
7.31	194.59
7.32	198.27
7.33	196.23
7.34	195.02
7.35	195
7.36	193.83
7.37	192.65
7.38	192.8
7.39	193.78
7.4	205.23
7.41	230.67
7.42	213.86
7.43	208.25
7.44	202.62
7.45	203.17
7.46	203.03
7.47	206.8
7.48	205.29
7.49	208.75
7.5	213.65
7.51	212.06
7.52	207.98
7.53	206.1
7.54	205.6
7.55	201.66
7.56	202.52
7.57	200.45
7.65	230.05
7.66	228.2
7.67	227.44
7.68	227.64
7.69	227.13
7.7	228.93
7.71	230.11
7.72	232.69
7.73	235.2
7.74	237.2
7.75	237.96
7.76	240.65
7.77	242.26
7.78	241.32
7.79	241.6
7.8	240.37
7.81	238.88
7.82	238.31
7.83	237.84
7.84	238.91
7.85	238.11
7.86	236.74
7.87	234.92
7.88	227.61
7.89	227.4
7.9	225.04
7.91	223.16
7.92	217.55
7.93	215.18
7.94	212.65
7.95	209.51
7.96	210.29
7.97	205.51
7.98	204.51
7.99	200.01
8	199.82
8.01	198.85
8.02	197.8
8.03	197.19
8.04	198.79
8.05	195.66
8.06	195.34
8.07	191.15
8.08	189.66
8.09	188.39
8.1	196.35
8.11	189.84
8.12	187.82
8.13	196.96
8.14	203.28
8.15	227.67
8.16	198.41
8.17	194.02
8.18	189.6
8.19	187.75
8.2	185.87
8.21	190.2
8.22	199.11
8.23	205.21
8.24	204.07
8.25	213.62
8.26	220.55
8.27	223.95
8.28	216.28
8.29	171.51
8.3	186.73
8.31	181.81
8.32	185.62
8.33	189.34
8.34	191.08
8.35	196.92
8.36	196.86
8.37	199.19
8.39	214.04
8.4	217.9
8.61	244.41
8.62	250.19
8.63	252.18
8.64	250.83
8.65	251.28
8.66	252.74
8.67	253.56
8.68	254.19
8.69	257.15
8.7	259.25
8.71	265.6
8.72	270.24
8.73	276.46
8.74	271.01
8.75	273.76
8.76	284.9
8.77	274.4
8.78	273.58
8.79	284.83
8.8	285.8
8.81	282.83
8.91	271.12
8.92	241.15
8.93	235.97
8.94	241.96
8.95	241.08
8.96	242.8
8.97	234.88
8.98	235.26
8.99	236.68
9	235.75
9.01	233.83
9.02	232.3
9.03	231
9.04	230
9.05	228.73
9.06	228.41
9.07	225.3
9.08	221.43
9.09	217.99
9.1	216.4
9.11	214.29
9.12	211.71
9.13	210.15
9.14	209.77
9.15	207.61
9.16	204.19
9.17	204.12
9.18	202.17
9.19	201.72
9.2	201.71
9.21	201.19
9.22	190.39
9.23	189.31
9.24	202.12
9.25	201.28
9.26	196.83
9.27	202.55
10.29	222.03
10.3	215.34
10.31	217.84
10.32	216.94
10.33	215.33
10.34	213.58
10.35	212.72
10.36	211.08
10.37	210.27
10.38	210.58
10.39	206.93
10.4	205.99
10.41	204.15
10.42	204.16
10.43	204.01
10.44	202.52
10.45	201.41
10.46	201.24
10.47	201.22
10.48	201.33
10.49	200.48
10.5	199.56
10.51	199.66
10.52	198.66
10.53	198.99
10.54	198.56
10.55	198.93
10.59	199.66
10.6	199.18
10.61	199.7
10.62	199.49
10.63	199.61
10.64	199.23
10.65	199.7
10.66	200.18
10.74	195.28
10.75	196.22
10.76	200.01
10.77	197.49
10.78	197.57
10.79	197.73
11.07	207.72
11.08	218.13
11.09	213.9
11.1	212.71
11.11	211.21
11.12	210.62
11.13	210.3
11.14	209.53
11.15	210.68
11.16	212.12
11.17	210.5
11.18	209.58
11.19	213.52
11.2	210.42
11.21	209.73
11.22	209.43
11.23	210.73
11.24	210.58
11.25	212.81
11.26	215.44
11.27	215.82
11.28	209.55
11.29	211.74
11.3	217.47
11.35	232.09
11.36	231.97
11.37	231.72
11.38	232.2
11.39	232.04
11.4	234.38
11.41	236.74
11.42	239.77
11.43	241.24
11.44	242.61
11.45	242.12
11.46	240.01
11.47	235.37
11.48	234.91
11.49	237.17
11.5	234.42
11.6	236.76
11.61	229.45
11.62	225.24
11.63	221.35
11.64	215.58
11.65	213.44
11.66	211.32
11.67	213.02
11.68	212.19
11.69	206.04
11.7	207.33
11.71	202.06
11.72	206.73
11.73	206.95
11.74	212.59
11.75	209.43
11.76	209.04
11.77	209.61
11.78	205.32
11.79	204.32
11.8	207.17
11.81	205.02
11.82	204.39
11.83	204.65
11.84	206.24
11.85	205.91
11.86	203.79
11.87	202.38
11.88	200.51
11.89	206.95
11.9	207.41
11.91	209.62
11.92	214.61
11.93	217.77
11.94	216.97
11.95	218.64
11.96	218.89
11.97	216.47
11.98	214.48
11.99	215.81
12	216.06
12.01	213.63
12.02	216.55
12.03	210.2
12.04	221.1
12.05	229.75
12.06	236.86
12.07	239.52
12.08	238.26
12.09	239.55
12.1	235.75
12.11	255.59
12.12	239.86
12.13	239.47
12.14	238.64
12.15	249.27
12.16	238.83
12.17	237.21
12.18	312.54
12.19	302.25
12.2	272.74
12.21	252.3
12.22	242.76
12.23	251.2
12.24	251.73
12.25	250.84
12.26	251.41
12.27	251.84
12.28	251
12.29	249.16
12.3	244.73
12.31	241.32
12.32	234.91
12.33	224.27
12.34	221.59
12.35	216.45
12.36	211.42
12.37	206.25
12.38	208.36
12.39	208.81
12.4	198.09
12.41	201.89
12.42	197.18
12.43	195.9
12.44	193.95
12.45	192.85
12.46	205.05
12.47	198.53
12.48	193.39
13.5	202.86
13.51	219.29
13.52	200.99
13.53	198.22
13.61	224.6
13.62	226.48
13.63	222
13.64	218.1
13.65	214.08
13.66	213.6
13.67	213.2
13.68	211.68
13.69	212.56
13.7	211.18
13.71	209.37
13.72	211.95
13.73	210.63
13.74	205.81
13.75	208.85
13.76	209.33
13.77	210.95
13.78	209.4
13.79	212.48
13.8	211.4
13.81	209.86
13.82	216.66
13.84	240.1
13.85	214.16
13.86	209.17
13.87	201.24
13.88	201.39
13.89	203.98
13.9	195.62
13.91	202.94
13.92	192.39
13.93	200.01
13.94	201.43
13.95	198.09
13.96	199.55
13.97	198.21
13.98	197.17
13.99	196.41
14	201.2
14.01	195.1
14.02	194
14.03	195.16
14.06	203.64
14.07	200.73
14.08	196.73
14.09	198.89
14.1	194.9
14.11	196.32
14.12	192.86
14.13	187.83
14.14	189.52
14.15	197.15
14.16	200.54
14.17	201.79
14.18	199.2
14.19	197.66
14.2	197.33
14.21	194.94
14.22	196.26
14.23	200.49
14.24	198.5
14.25	193.34
14.26	196.98
14.27	212.51
14.28	198.46
14.29	205.53
14.3	213.51
14.31	211.78
14.32	208.95
14.33	205.71
14.34	204.97
14.35	205.57
14.36	206.15
14.37	203.62
14.38	204.79
14.39	206.4
14.4	204.56
14.41	198.81
14.42	200.93
14.43	206.88
14.44	203.25
14.45	196.66
14.57	215.74
14.58	204.78
14.59	195.55
14.6	193.17
14.61	192.15
14.62	191.07
14.63	189.89
14.64	189.38
14.65	190.07
14.66	192.23
14.67	193.63
14.68	193.91
14.69	192.82
14.7	194.24
14.71	194.73
14.72	192.31
14.73	189.56
14.74	188.89
14.75	188.56
14.76	187.15
14.77	186.58
14.78	186.3
14.79	185.47
14.8	185.22
14.81	192.25
14.82	193.21
14.83	193.38
14.84	193.57
14.85	195.68
14.86	192.81
14.87	192.78
14.88	190.16
14.89	189.54
14.9	187.59
14.91	188.48
14.92	187.9
14.93	187.5
14.94	187.66
14.95	189
14.96	189.07
14.97	188.33
14.98	206.07
14.99	193.19
15	190.58
15.01	190.07
15.02	189.6
15.03	189.22
15.04	187.33
15.05	185.18
15.06	187.34
15.07	187.69
15.08	186.2
15.09	185.69
15.1	182.49
15.11	186.23
15.12	195.14
15.13	182.48
15.14	180.39
15.15	183.49
15.16	183.33
15.17	182.55
15.18	181.43
15.19	178.43
15.2	178.69
15.21	179.13
15.22	176.68
15.23	179.02
15.24	183.27
15.25	182.5
15.26	181.79
15.27	181.92
15.28	180.34
15.29	178.5
15.3	184.88
15.31	205.62
15.32	210.69
15.33	188.7
15.34	200.2
