time	f0
0.356	99.97
0.366	108.71
0.376	108.56
0.396	198.03
0.406	196.61
0.416	193.48
0.426	188.2
0.436	180.5
0.446	173.22
0.456	173.95
0.466	175.02
0.476	175.05
0.486	174.15
0.496	172.62
0.506	170.36
0.516	167.41
0.526	164.27
0.536	159.3
0.546	156.9
0.556	154.5
0.566	152.79
0.576	150.91
0.586	147.11
0.596	145.43
0.606	144.05
0.616	142.19
0.626	137.68
0.636	136.34
0.646	133.37
0.656	125.46
0.666	117.98
0.676	113.21
0.686	109.16
0.696	107.48
0.706	104.09
0.716	101.29
0.726	98.46
0.736	98.07
0.746	110.24
0.756	116.69
0.766	120.61
0.776	122.48
0.786	123.15
0.796	119.35
0.806	119.37
0.816	119.59
0.826	119.62
0.836	119.56
0.846	118.86
0.856	117.52
0.866	113.69
0.876	112.18
0.886	111.27
0.896	109.65
0.906	107.78
0.916	105.69
0.926	102.22
0.936	100.28
0.946	98.37
0.956	97.92
0.966	96.57
0.976	96.34
0.986	95.23
0.996	94.35
1.006	93.1
1.016	90.98
1.026	90.59
1.036	88.89
1.046	87.96
1.056	88.22
1.066	87.84
1.076	87.68
1.086	88.18
1.096	88.23
1.106	88.53
1.116	88.74
1.126	88.23
1.136	87.81
1.146	87.94
1.156	88.09
1.166	88.39
1.176	88.36
1.186	88.62
1.196	88.75
1.206	89.13
1.216	89.5
1.226	88.82
1.236	88.05
1.246	87.82
1.256	86.8
1.266	86.64
1.276	86.84
1.286	86.93
1.296	87.06
1.306	86.58
1.316	86.09
1.326	85.99
1.336	85.28
1.346	85.29
1.356	85.24
1.366	85.82
1.376	87.13
1.386	87.7
1.396	86.35
1.406	85.81
1.416	86.37
1.426	87.49
1.436	88.32
1.506	92.5
1.516	92.61
1.526	92.38
1.536	90.97
1.666	128.25
1.676	124.17
1.686	119.54
1.696	114.29
1.706	110.18
1.716	105.02
1.726	99.08
1.736	97.2
1.746	94.63
1.756	95.2
1.766	93.38
1.776	92.66
1.806	94.6
1.816	94.72
1.826	94.6
1.836	94.07
1.846	92.43
1.856	89.73
1.866	83.26
1.876	83.15
1.886	87.87
1.896	94.98
1.906	100.05
1.916	100.32
1.926	101.2
1.936	100.49
1.946	99.54
1.956	100.57
1.966	101.19
1.976	101.95
1.986	102.97
1.996	104.54
2.006	109.73
2.016	110.01
2.026	110.11
2.036	110.34
2.046	110.79
2.056	109.83
2.066	107.85
2.076	105.69
2.086	102.42
2.096	101.05
2.106	103.58
2.116	119.73
2.126	120.83
2.136	115.13
2.146	113.09
2.156	113.04
2.166	113.18
2.176	112.62
2.186	114.3
2.196	117.68
2.206	117.66
2.216	117
2.226	118.45
2.236	122.17
2.246	123.59
2.256	124.15
2.266	123.42
2.276	121.14
2.286	114.13
2.296	106.86
2.306	106.16
2.316	106.6
2.366	110
2.376	112.25
2.386	112.17
2.396	109.49
2.406	106.49
2.416	102.99
2.426	98.88
2.436	95.82
2.446	95.39
2.456	98.05
2.466	97.04
2.476	97.24
2.486	97.3
2.496	96.94
2.506	96.82
2.516	95.54
2.526	93.35
2.536	90.51
2.546	93
2.646	141.19
2.656	143.21
2.666	145.6
2.676	148.63
2.686	151.29
2.696	152.6
2.706	154.4
2.716	155.24
2.726	155.57
2.736	155.52
2.746	155.92
2.756	157.22
2.766	158.5
2.776	158.95
2.786	158.55
2.796	157.16
2.806	155.15
2.816	151.89
2.826	147.05
2.836	143.5
2.846	139.75
2.856	129.55
2.866	125.82
2.876	112.32
2.886	110.21
2.896	107.22
2.906	104.91
2.916	103.84
2.926	103.13
2.936	100.32
2.946	98.92
2.956	97.44
2.966	95.34
2.976	95.41
2.986	95.15
2.996	95.19
3.006	95.24
3.016	94.84
3.026	94.41
3.036	94.46
3.046	94.66
3.056	94.45
3.066	96.4
3.076	99.62
3.086	99.59
3.096	99.11
3.106	98.32
3.116	97.12
3.126	98.21
3.136	100.63
3.146	95.87
3.156	93.65
3.166	91.59
3.176	91.6
3.186	92.77
3.196	96.27
3.206	100.05
3.216	101.66
3.226	102.33
3.236	101.78
3.246	101.03
3.256	100.9
3.266	100.57
3.276	99.93
3.286	99.38
3.296	98.86
3.306	97.99
3.316	96.88
3.326	95.98
3.336	94.98
3.346	94.39
3.356	93.89
3.366	93.62
3.376	93.65
3.386	93.78
3.396	93.97
3.406	94.29
3.416	94.54
3.426	94.65
3.436	94.65
3.446	94.42
3.456	94.07
3.466	93.91
3.476	93.93
3.486	93.98
3.496	94.04
3.506	94.41
3.516	94.99
3.526	95.15
3.536	94.92
3.546	94.95
3.556	95.08
3.566	95.15
3.576	94.76
3.586	94.27
3.596	94.32
3.606	94.22
3.616	93.78
3.626	93.45
3.636	93.13
3.646	92.7
3.656	92.32
3.666	92.3
3.676	92.22
3.686	91.94
3.696	91.47
3.706	91.03
3.716	90.61
3.726	90.4
3.736	90.52
3.746	90.97
3.756	91.62
3.766	91.79
3.776	91.42
3.786	91.16
3.796	90.72
3.806	90.38
3.816	90.22
3.826	90.08
3.836	90.06
3.846	90.06
3.856	90.03
3.866	89.64
3.876	89.51
3.886	89.57
3.896	89.49
3.906	89.19
3.916	88.67
3.926	88.42
3.936	88.9
3.946	89.39
3.956	89.61
3.966	89.72
3.976	89.52
3.986	89.32
3.996	89.62
4.006	90.05
4.016	90.01
4.026	89.58
4.036	88.77
4.046	88.19
4.056	87.78
4.066	87.29
4.076	86.68
4.086	86.81
4.096	87.47
4.106	87.84
4.116	88.47
4.126	89.12
4.136	89.57
4.146	89.94
4.156	89.41
4.306	127.47
4.316	123.12
4.326	121.3
4.336	119.39
4.346	118.8
4.356	118.59
4.366	118.4
4.376	117.38
4.386	115.49
4.396	112.81
4.406	110.34
4.416	108.77
4.426	106.63
4.436	104.92
4.446	104.64
4.456	105.52
4.466	106.45
4.476	113.41
4.486	117.59
4.496	113.85
4.506	114.08
4.516	117.21
4.526	117.4
4.536	113.02
4.546	112.96
4.556	116.18
4.566	116.71
4.576	118.43
4.586	113.95
4.596	110.09
4.606	105.32
4.656	94.87
4.666	94.91
4.676	93.29
4.686	93.34
4.696	91.28
4.706	89.53
4.716	87.69
4.786	100.84
4.796	101.04
4.806	101.49
4.816	198.05
4.826	196.65
4.896	111.19
4.906	110.06
4.916	107.12
4.926	106.91
4.936	107.23
4.946	107.68
4.956	108.34
4.966	109.28
4.976	110.15
4.986	110.5
4.996	110.89
5.006	110.6
5.016	110.34
5.026	110.98
5.036	111.45
5.046	111.1
5.056	111.6
5.066	112.97
5.076	114.13
5.086	115.44
5.096	117.41
5.106	119.73
5.116	122.65
5.126	126.66
5.136	131.13
5.146	134.46
5.156	139.51
5.166	139.44
5.176	143.97
5.186	152.44
5.196	147.1
5.206	140.51
5.216	141.1
5.226	148.07
5.236	155.46
5.356	99.69
5.366	97.76
5.376	94.97
5.386	95.35
5.396	95.62
5.406	93.54
5.416	91.35
5.426	93.82
5.436	93.9
5.446	95
5.456	97.64
5.466	103.94
5.486	98.13
5.496	98.83
5.506	100.06
5.516	101.31
5.526	102.91
5.536	104.2
5.546	105.74
5.556	107.66
5.566	111.06
5.576	113.99
5.586	112.52
5.596	110.22
5.606	110.36
5.856	98.6
5.866	97.13
5.876	94.01
5.886	88.55
5.896	106.96
5.906	105.57
5.916	100.96
5.926	101.15
5.936	102.74
5.946	104.79
5.956	106.66
5.966	108.05
5.976	109.71
5.986	111.54
5.996	114.02
6.006	116.58
6.016	119.27
6.026	120.26
6.036	121.27
6.046	121.62
6.056	121.61
6.066	120.83
6.076	119.65
6.086	117.33
6.096	114.51
6.106	111.05
6.116	108.01
6.726	117.42
6.736	113.58
6.746	110.02
6.836	131.61
6.846	128.07
6.856	124.41
6.866	122.24
6.876	122.88
6.886	123.94
6.896	124.21
6.906	123.11
6.916	120.54
6.926	116.94
6.936	114.03
6.946	111.92
6.956	106.4
7.046	146.52
7.056	143.91
7.066	145.02
7.076	149.03
7.086	153.31
7.096	160.9
7.106	172.09
7.116	179.45
7.126	178.85
7.136	175.42
7.146	163.49
7.156	164.61
7.166	165.26
7.216	163.95
7.226	153.74
7.236	151.41
7.246	149.51
7.256	148.19
7.266	147.43
7.276	146.61
7.286	145.34
7.296	144.32
7.306	143.88
7.316	142.74
7.326	143.63
7.336	144.19
7.346	142.76
7.356	141.5
7.366	139.63
7.376	137.5
7.386	135.85
7.396	134.28
7.406	131.66
7.416	135.83
7.426	137.42
7.436	124.02
7.446	121.16
7.456	118.57
7.466	114.32
7.476	111.86
7.486	110.51
7.496	110.01
7.506	109.45
7.516	108.94
7.526	108.36
7.536	106.83
7.546	105.35
7.556	104.48
7.566	103.23
7.576	100.29
7.586	98.61
7.596	97.65
7.606	95.46
7.616	93.32
7.626	91.84
7.636	88.82
7.646	79.81
7.656	80.04
7.666	79.78
7.676	89.81
7.686	104.87
7.696	104.88
7.736	100.33
7.746	101.03
7.756	103.58
7.766	105.79
7.776	105.45
7.786	104
7.796	101.98
7.806	99.59
7.816	98.51
7.826	98.75
7.836	99.2
7.846	100.31
7.856	101.05
7.866	101.73
7.876	102.12
7.886	101.98
7.896	101.71
7.906	101.38
7.916	100.74
7.926	100.17
7.936	99.62
7.946	98.81
7.956	98.2
7.966	98.37
7.976	98.36
7.986	98.24
7.996	98.36
8.006	98.61
8.016	98.51
8.026	97.88
8.036	97.17
8.046	96.48
8.056	95.84
8.066	96.08
8.076	95.78
8.086	95.84
8.096	96.57
8.106	96.81
8.116	96.82
8.126	96.75
8.136	96.93
8.146	96.95
8.156	96.15
8.166	95.43
8.176	95.58
8.186	95.77
8.196	95.43
8.206	95.28
8.216	94.54
8.226	93.97
8.236	94.41
8.246	94.85
8.256	94.78
8.266	94.31
8.276	93.09
8.286	92.85
8.296	93.09
8.306	93.64
8.316	93.91
8.326	93.35
8.336	93.5
8.346	93.83
8.356	93.71
8.366	93.41
8.376	93.21
8.386	92.51
8.396	91.94
8.406	91.74
8.416	91.73
8.426	91.79
8.436	91.78
8.446	90.97
8.456	90.26
8.466	89.52
8.476	89.66
8.486	90.43
8.496	91.19
8.506	91.15
8.516	91.04
8.526	91.37
8.536	90.82
8.546	90.3
8.556	89.86
8.566	90.25
8.576	90.39
8.586	89.88
8.596	89.83
8.606	90.54
8.616	90.68
8.626	90.86
8.636	90.87
8.646	90.49
8.656	90.29
8.666	90.25
8.676	90.08
8.686	89.72
8.696	88.98
8.706	88.61
8.716	88.51
8.726	88.39
8.736	88.15
8.746	87.82
8.756	88.06
8.766	88.34
8.776	87.76
8.786	85.54
8.796	81.76
8.806	78.35
8.816	75.22
9.126	108.96
9.136	108.52
9.146	108.36
9.156	108.61
9.166	109.37
9.176	110.56
9.186	111.06
9.196	111.12
9.206	110.53
9.216	109.37
9.226	107.28
9.236	105.13
9.246	104.17
9.256	103.45
9.266	102.95
9.276	102.6
9.286	102.42
9.296	102.26
9.306	102.42
9.316	103.01
9.326	103.57
9.336	104.33
9.346	105.11
9.356	105.96
9.366	106.62
9.376	105.79
9.386	103.53
9.396	103.3
9.406	103.65
9.416	104.15
9.426	104.54
9.436	104.48
9.446	104.02
9.456	103.51
9.466	102.81
9.476	101.47
9.486	100.16
9.496	99.72
9.506	99.06
9.516	97.15
9.946	89.23
9.956	90.39
9.966	90.91
9.976	90.45
9.986	89.45
9.996	88.13
10.006	86.22
10.016	83.83
10.026	82.3
10.036	80.83
10.046	78.15
10.056	75.98
10.066	75.05
10.076	73.64
10.086	73.09
10.096	72.54
10.146	81.33
10.156	82.85
10.166	83.44
10.176	83.89
10.186	84.68
10.196	85.09
10.206	84.76
10.216	84.33
10.226	85.38
10.236	87.25
10.246	88.76
10.296	91.14
10.306	90.99
10.316	90.6
10.326	89.82
10.336	88.84
10.346	88.51
10.356	88.46
10.366	87.84
10.406	104.4
10.416	105.04
10.426	105.73
10.436	106.77
10.446	107.28
10.456	107.19
10.466	105.08
10.526	103.75
10.536	105.38
10.546	106.31
10.556	106.68
10.566	106.88
10.576	107.74
10.586	109.5
10.596	110.93
10.606	114.87
10.616	118.46
10.626	121.91
10.636	103.15
10.646	105.08
10.656	105.86
10.666	107.29
10.676	156.44
10.686	158.23
10.696	158.26
10.706	157.32
10.716	155.1
10.726	152.88
10.736	154.4
10.886	101.93
10.896	97.46
10.906	94.92
10.916	92.8
10.926	90.54
10.936	90.48
10.946	90.03
10.956	87.08
10.966	88.27
10.976	89.22
10.986	90.48
10.996	90.56
11.006	87.06
11.016	83.13
11.026	80.42
11.036	84.74
11.156	100.94
11.166	100.89
11.176	101.58
11.186	102.59
11.196	104.13
11.206	104.72
11.216	104.7
11.226	105.14
11.236	106.48
11.246	108.68
11.256	110.19
11.266	111.42
11.276	113.18
11.286	115.77
11.296	117.97
11.306	120.05
11.316	123
11.326	125.96
11.336	129.27
11.346	132.17
11.356	136.27
11.366	139.79
11.376	141.59
11.386	142.02
11.396	140.32
11.406	140.29
11.416	138.97
11.426	136.15
11.436	133.39
11.446	130.46
11.586	92.57
11.596	93.99
11.606	96.47
11.616	97.31
11.626	96.33
11.636	93.81
11.646	90.95
11.656	86.39
11.666	86.01
11.676	88.35
11.686	90.26
11.696	90.81
11.706	90.48
11.716	90.41
11.726	90.69
11.736	90.83
11.746	90.56
11.756	90.43
11.766	89
11.776	87.23
11.786	84.47
11.796	83.19
11.806	84.25
11.976	98.44
11.986	98.35
11.996	94.21
12.006	94.02
12.096	101.18
12.106	99.07
12.116	97.64
12.126	95.29
12.136	94.65
12.146	94.56
12.156	94.63
12.166	94.58
12.176	94.5
12.186	94.45
12.196	94.34
12.206	94.15
12.216	95.22
12.226	94.9
12.236	94.02
12.246	91.58
12.256	90.82
12.266	90.86
12.276	91.89
12.286	93.56
12.296	94.67
12.306	96.03
12.316	97.63
12.326	99.55
12.336	101.38
12.346	103.67
12.356	106.8
12.366	110.69
12.376	114.47
12.386	119.84
12.396	123
12.406	123.14
12.416	125.79
12.426	127.18
12.436	126.86
12.446	125.09
12.456	126.19
12.466	126.35
12.526	115.71
12.536	114.16
12.576	84.6
12.586	82.84
12.596	77.72
12.606	77.31
12.616	77.44
12.626	81.81
12.636	83.12
12.646	87.56
12.656	87.25
12.666	86.79
12.676	86.67
12.686	85.3
12.696	78.44
12.706	79.33
12.716	80.81
12.726	80.71
12.736	80.28
12.746	79.66
12.756	78.56
12.766	77.03
12.776	85.03
12.786	86.14
12.796	86.7
12.806	87.12
12.816	88.82
12.826	90.51
12.836	91.73
12.846	92.19
12.856	79.45
12.866	97.26
12.876	98.41
12.886	98.99
12.896	100.44
12.906	102.55
12.916	103.28
12.926	103.08
12.936	102.21
12.946	101.06
12.996	80.17
13.006	80.68
13.016	79.82
13.026	78.83
13.036	75.14
13.046	75.95
13.056	75.05
13.066	74.16
13.236	96.64
13.246	97.94
13.256	98.4
13.266	98.34
13.276	97.36
13.286	96.02
13.296	94.21
13.306	91.69
13.316	90.95
13.326	90.42
13.336	89.68
13.346	88.6
13.356	88.3
13.366	88.16
13.376	88.24
13.386	88.4
13.396	88.6
13.406	89.07
13.416	88.82
13.426	88.18
13.436	87.56
13.446	87
13.456	86.34
13.466	85.6
13.476	85.3
13.486	85.25
13.496	85.2
13.506	85.04
13.516	85.04
13.526	85.07
13.536	85.02
13.546	85.03
13.556	85.28
13.566	85.33
13.576	85.2
13.586	85.23
13.596	85.42
13.606	85.51
13.616	85.38
13.626	84.98
13.636	84.51
13.646	84.25
13.656	84.38
13.666	84.53
13.676	84.56
13.686	84.31
13.696	83.66
13.706	82.85
13.716	82.19
13.726	82.06
13.736	82.28
13.746	82.6
13.756	83.12
13.766	84.14
13.776	84.25
13.786	84.08
13.796	84.03
13.806	83.77
13.816	83.55
13.826	83.51
13.836	83.17
13.846	81.59
13.856	80.46
13.866	80.17
13.876	81.35
13.886	81.42
13.896	79.94
13.906	76.99
14.016	102.29
14.026	100.73
14.036	96.54
14.046	93.47
14.076	93.01
14.086	92.89
14.096	93.26
14.106	93.89
14.116	97.15
14.126	103.53
14.136	103.35
14.146	101.83
14.156	102.49
14.166	103.63
14.176	104.85
14.186	106.29
14.196	107.61
14.206	110.28
14.216	109.61
14.226	109.35
14.236	114.47
14.246	117.22
14.256	117.35
14.266	115.33
14.276	112.14
14.286	114.58
14.296	118.52
14.306	116.83
14.316	117.55
14.326	77.5
14.336	77.28
14.346	89.02
14.356	89.01
14.366	89
14.376	89.04
14.386	88.45
14.596	99.53
14.606	98.71
14.616	96.17
14.626	95.9
14.636	95.7
14.646	95.13
14.656	95.13
14.666	92.35
14.676	89.73
14.686	86.75
14.746	83.86
14.756	83.87
14.766	83.79
14.776	82.47
14.786	82.01
14.796	79.39
14.806	77.86
14.816	78.27
14.826	79.25
14.836	79.79
14.846	80.45
14.856	80.64
14.866	81.32
14.876	80.63
15.616	119.56
15.626	120.13
15.636	116.48
15.646	111.45
15.656	107.87
15.666	104.37
15.726	87
15.736	87.93
15.746	88.79
15.756	92.19
15.766	92.22
15.776	91.83
15.786	91.38
15.796	90.77
15.806	90.19
15.816	89.55
15.826	87.73
15.836	88.35
15.846	88.31
15.856	88.52
15.866	88.33
15.876	88.39
15.886	88.39
15.896	88.51
15.906	88.64
15.916	87.99
15.926	87.36
15.936	86.9
15.946	87.17
15.956	86.95
15.966	86.77
15.976	87.43
15.986	87.72
15.996	87.13
16.006	88.59
16.016	88.6
16.226	101.63
16.236	98.43
16.246	95.59
16.256	88.67
16.296	85.68
16.306	84.2
16.316	83.27
16.326	84.69
16.336	84.28
16.346	87.36
16.356	87.34
16.476	126.62
16.486	123.74
16.496	122.49
16.506	121.08
16.516	121.87
16.526	122.72
16.536	125.43
16.546	127.75
16.556	129.08
16.566	130.98
16.576	132.52
16.586	132.7
16.596	133.21
16.606	135.67
16.616	132.93
16.626	130.65
16.636	129.14
16.646	126.7
16.656	123.25
16.666	119.11
16.676	114.04
16.686	109.73
16.696	106.93
16.706	98.94
16.716	98.55
16.726	98.86
16.736	82.3
16.746	80.8
16.816	87.8
16.826	86.38
16.836	84.42
17.046	96.76
17.056	95.34
17.066	94.43
17.076	94.92
17.086	96.65
17.096	99.39
17.106	101.01
17.116	102.48
17.126	103.29
17.136	104.45
17.146	104.77
17.156	113.78
17.166	113.95
17.176	117.08
17.186	119.85
17.196	123.07
17.206	127.98
17.216	135.07
17.226	143.03
17.236	147.13
17.246	147.94
17.256	152.94
17.266	153.95
17.276	159.73
17.286	160.42
17.296	161.13
17.306	160.85
17.316	159.89
17.326	158.75
17.336	159.11
17.346	159.65
17.356	161.61
17.366	162.97
17.376	162.82
17.386	162.18
17.396	160.81
17.406	160.24
17.416	160.55
17.426	161.41
17.436	161.53
17.446	157.92
17.456	154.78
17.466	149.84
17.476	151.08
17.486	152.83
17.496	153.13
17.506	154.51
17.516	157.8
17.546	120.48
17.556	122.51
17.566	127.5
17.576	128.9
17.586	127.91
17.596	125
17.606	119.58
17.616	116.67
17.626	115.32
17.636	113.62
17.646	112.19
17.656	111.18
17.666	109.54
17.676	108.36
17.686	106.58
17.696	104.22
17.706	103.07
17.716	102.7
17.726	102.32
17.736	101.79
17.746	101.17
17.756	99.95
17.766	98.09
17.776	96.61
17.786	96.44
17.796	96.13
17.806	94.83
17.816	94.25
17.826	94.24
17.836	94.14
17.846	92.38
17.856	91.8
17.866	91.9
17.876	90.98
17.886	90.79
17.896	90.74
17.906	90.46
17.916	90.16
17.926	89.77
17.936	89.7
17.946	89.86
17.956	89.72
17.966	89.56
17.976	89.15
17.986	88.69
17.996	88.1
18.006	87.59
18.016	87.66
18.026	87.99
18.036	88.03
18.046	88.01
18.056	87.84
18.066	87.92
18.076	88.11
18.086	87.96
18.096	87.67
18.106	87.49
18.116	87.38
18.126	87.24
18.136	87.01
18.146	86.7
18.156	86.52
18.166	86.32
18.176	86.34
18.186	86.32
18.196	86.02
18.206	85.79
18.216	85.72
18.226	85.52
18.236	85.2
18.246	85.09
18.256	85.02
18.266	84.91
18.276	85.26
18.286	85.48
18.296	85.47
18.306	85.45
18.316	85.48
18.326	85.67
18.336	85.63
18.346	85.13
18.356	84.62
18.366	84.2
18.376	83.77
18.386	83.45
18.396	83.41
18.406	83.65
18.416	83.47
18.426	83.29
18.436	83.37
18.446	83.55
18.456	83.41
18.466	83.13
18.476	82.81
18.486	82.73
18.496	82.85
18.506	82.78
18.516	82.75
18.526	82.62
18.536	82.32
18.546	81.84
18.556	81.13
18.566	80.82
18.576	81.01
18.586	81.45
18.596	82.06
18.606	82.61
18.616	82.7
18.626	82.39
18.636	81.81
18.646	81.57
18.656	81.19
18.666	80.96
18.676	80.99
18.686	80.7
18.696	79.55
18.706	77.12
18.716	74.97
18.726	74.25
18.736	74.87
18.746	76.82
18.756	78.77
18.766	79.52
18.776	79.62
18.786	79.72
18.796	80.17
18.806	80.31
18.816	80.1
18.826	79.8
18.836	79.79
18.846	79.74
18.856	79.46
18.866	79.22
18.876	79.27
18.886	78.88
18.896	78.24
18.906	77.72
18.916	77.65
18.926	78.31
18.936	78.44
18.946	78.31
18.956	78.05
18.966	77.53
18.976	77.13
18.986	76.64
18.996	76.25
19.006	75.93
19.016	75.53
19.026	75.34
19.036	75.39
19.046	75.39
19.056	75.15
19.066	74.93
19.076	75.24
19.086	75.92
19.096	75.79
19.106	75.85
19.116	75.69
19.126	75.05
19.136	74.28
19.146	73.35
19.156	72.17
19.166	71.59
19.176	73.24
19.186	75.7
19.196	77.13
19.206	77.38
19.216	77.61
19.226	77.52
19.236	76.72
19.246	75.76
19.256	75.03
19.266	74.39
20.006	118.31
20.016	120.76
20.026	121.94
20.036	122.74
20.046	123.72
20.056	125.38
20.066	126.77
20.076	130.63
20.086	151.34
20.096	153.68
20.106	153.67
20.116	151.25
20.126	148.59
20.136	148.03
20.146	152.63
20.156	156.17
20.166	164.08
20.176	178.86
20.186	133.16
20.196	131.03
20.206	125.04
20.216	123.72
20.226	122.65
20.316	88.11
20.326	89.66
20.336	89.73
20.346	88.77
20.356	87.75
20.366	87.53
20.376	88.42
20.386	89.15
20.396	88.86
20.406	83.83
20.546	101.51
20.556	98.69
20.566	95.06
20.576	89.74
20.586	92.12
20.596	93.82
20.606	93.38
20.616	92.36
20.626	91.9
20.636	92.19
20.646	91.58
20.656	90.72
20.666	89.08
20.676	87.28
20.696	91.98
20.706	92.68
20.716	92.89
20.726	91.36
20.736	91.22
20.746	91.3
20.756	90.07
20.766	88.52
20.776	88.58
20.786	88.99
20.796	89.91
20.806	90.46
20.816	92.29
20.826	94.75
20.836	95.35
20.846	97.02
20.856	94.26
20.866	93.96
20.876	101.11
20.886	100.63
20.896	99.78
20.906	106.38
20.916	110.12
20.926	109.98
20.936	112.43
20.946	115.2
20.956	116.71
21.026	128.63
21.036	125.79
21.066	99.07
21.076	98.49
21.086	95.54
21.096	93.73
21.106	91.04
21.116	90.26
21.126	90.08
21.136	89.09
21.146	82.85
21.156	83.53
21.166	92.03
21.176	90.23
21.186	85.97
21.196	83.94
21.206	82.49
21.216	80.5
21.346	90.92
21.356	89.99
21.366	89.92
21.376	89.79
21.386	90.04
21.396	90.31
21.406	90.54
21.416	90.74
21.426	105.3
21.436	104.27
21.446	104.85
21.456	105.69
21.466	106.67
21.476	108.84
21.486	111.45
21.496	112.96
21.506	113.24
21.516	113.74
21.526	115.77
21.536	118.33
21.546	120.71
21.556	121.67
21.566	121.8
21.576	121.05
21.586	119.17
21.596	117.12
21.606	114.62
21.616	111.35
21.626	108.77
21.636	105.75
21.646	100.4
21.656	100.06
21.666	102.53
21.676	103.37
21.686	96.58
21.696	95.06
21.706	94.19
21.716	91.79
21.726	89.94
21.736	91.9
21.746	91.67
21.756	91.04
21.766	89.81
21.776	88.76
21.786	87.78
21.796	86.45
21.806	85.97
21.816	86.31
21.826	86.53
21.836	86.24
21.846	85.69
21.856	85.11
21.866	84.52
21.876	84
21.886	83.82
21.896	83.87
21.906	83.59
21.916	82.69
21.926	81.81
21.936	81.6
21.946	81.6
21.956	81.63
21.966	82.01
21.976	82.81
21.986	83.35
21.996	83.48
22.006	83.71
22.016	83.77
22.026	83.42
22.036	82.92
22.046	82.48
22.056	82.07
22.066	81.41
22.076	80.53
22.086	79.68
22.096	79.22
22.106	79.16
22.116	79.3
22.126	79.36
22.136	79.15
22.146	78.58
22.156	77.76
22.166	77.46
22.176	77.24
22.186	76.46
22.196	75.57
22.206	74.51
22.216	73.28
22.226	71.45
22.236	69.75
22.246	69.48
22.256	68.71
22.266	68.12
22.276	67
22.286	67.23
23.296	90.86
23.306	90.6
23.316	89.31
23.326	87.33
23.406	87.39
23.416	88.28
23.426	89.88
23.436	98.59
23.446	103.44
23.456	86.82
23.466	86.21
23.476	83.03
23.486	79.45
23.496	69.66
23.506	85.49
23.606	97.72
23.616	92.69
23.626	89.37
23.636	85.92
23.766	112.75
23.776	106.97
23.786	106.92
23.796	103.81
23.816	88.14
23.826	89.79
23.836	89.88
23.846	89.85
23.856	93.43
23.886	80.69
23.896	81.18
23.906	81.3
23.916	82.1
24.006	113.48
24.016	113.64
24.026	114.28
24.036	114.64
24.046	114.61
24.056	115.13
24.066	115.74
24.076	115.46
24.086	114.53
24.096	113.71
24.106	112.09
24.116	108.51
24.126	108.44
24.136	107.19
24.146	107.87
24.156	109.75
24.186	127.49
24.196	131.99
24.206	134.56
24.216	140.04
24.226	144.36
24.236	135.81
24.246	133.21
24.256	136.25
24.266	136.86
24.296	110.8
24.306	106.47
24.316	101.64
24.326	97.22
24.336	93.4
24.346	91.14
24.356	89.36
24.366	87.85
24.376	85.65
24.516	113.27
24.526	113.69
24.536	114.64
24.546	116.21
24.556	118.04
24.566	118.38
24.576	118.38
24.586	120.91
24.596	120.99
24.606	120.11
24.616	119.65
24.626	120.73
24.636	120.17
24.646	118.9
24.656	114.8
24.666	109.9
24.676	105.73
24.686	97.36
24.696	92.59
24.706	86.98
24.716	85.26
24.726	82.82
24.736	81.39
24.746	81.74
24.756	79.26
24.766	78.37
24.776	77.95
24.786	76.67
24.796	75.54
24.806	72.97
24.816	72.76
24.826	73.34
24.836	74.2
24.846	75.15
24.856	75.18
24.866	75.47
24.876	76.34
24.886	77.79
24.896	78.72
24.956	102.75
24.966	102.54
24.976	100.32
24.986	97.75
24.996	95.11
25.006	92.96
25.016	90.25
25.026	84.78
25.106	102.07
25.116	101.28
25.126	98.58
25.136	95.31
25.146	95.17
25.156	98.1
25.166	98.68
25.176	99.24
25.186	102.39
25.196	102.14
25.206	101.95
25.216	102.45
25.226	103.72
25.236	105.21
25.246	106.89
25.256	108.85
25.266	110.46
25.276	110.05
25.286	109.71
25.296	111.31
25.306	113.33
25.316	113.49
25.326	112.31
25.336	108.41
25.346	96.35
25.356	89.43
25.366	83.68
25.376	80.63
25.386	80.99
25.396	78.82
25.406	78.76
25.416	80.79
25.426	81.21
25.436	81.33
25.446	81.19
25.456	79.2
25.466	79.34
25.476	79.34
26.216	86.35
26.226	86.79
26.236	84.73
26.246	84.32
26.386	75.08
26.396	75.46
26.476	99.56
26.486	98.67
26.496	96.56
26.506	94.67
26.516	94.13
26.526	90.94
26.536	89.08
26.546	92.14
26.556	92.03
26.566	91.02
26.576	90.57
26.586	90.56
26.596	90.86
26.606	91.37
26.616	91.52
26.626	91.48
26.636	92.44
26.646	91.87
26.656	91.17
26.666	91.5
26.676	92.58
26.686	93.3
26.696	93.44
26.706	94.96
26.716	95.72
26.726	95.82
26.736	95.41
26.746	96.59
26.756	97.84
26.766	96.46
26.776	92.43
26.786	88.61
26.796	88.75
26.806	87.56
26.816	86.64
26.826	86.32
26.836	86.69
26.846	88.32
26.856	89.49
26.866	89.13
26.876	89.43
26.886	90.13
26.896	90.4
26.906	90.54
26.916	90.94
26.926	91.47
26.936	91.96
26.946	91.97
26.956	92.12
26.966	92.66
26.976	93.98
26.986	94.74
26.996	94.87
27.006	94.32
27.016	93.01
27.026	92.11
27.036	91.79
27.046	91.89
27.056	91.85
27.066	91.6
27.076	91.43
27.086	91.32
27.096	90.91
27.106	88.09
27.116	85.49
27.126	87.14
27.136	86.52
27.146	85.84
27.156	84.88
27.166	84.15
27.176	82.8
27.186	81
27.196	79.57
27.206	79.75
27.216	79.6
27.226	81
27.236	81.65
27.246	81.52
27.256	81.39
27.266	81.64
27.276	82.2
27.286	82.73
27.296	82.81
27.306	83.03
27.316	82.81
27.326	83.31
27.336	86.3
27.346	88.54
27.356	90.39
27.366	91.34
27.376	91.84
27.386	92.2
27.396	91.99
27.406	91.47
27.416	91.15
27.426	91.28
27.436	90.85
27.446	90.33
27.456	89.7
27.466	89.96
27.476	93.25
27.486	93.79
27.496	87.35
27.506	86.39
27.516	85.26
27.526	82.89
27.536	81.86
27.546	81.55
27.556	81.34
27.566	79.87
27.576	78.91
27.586	79.2
27.596	79.49
27.606	79.38
27.616	79.05
27.626	75.95
27.636	77.71
27.646	79.37
27.656	79.14
27.666	79.62
27.676	80.24
27.686	80.24
27.696	80.67
27.706	82.03
27.716	80.34
27.726	77.4
27.736	78.26
27.746	79.84
27.756	79.16
27.766	80.83
27.776	80.67
27.786	79.81
27.796	79.99
27.806	80.32
27.816	80.46
27.826	80.56
27.836	80.77
27.846	80.6
27.856	79.16
27.866	78.04
27.876	78.57
27.886	78.99
27.896	79.28
27.906	77.58
27.916	75.43
27.926	76.2
27.936	76.55
27.946	78.28
28.036	106.42
28.046	106.44
28.056	107.07
28.076	67.54
28.086	67.55
28.226	87.08
28.236	83.1
28.246	80.61
28.256	80.45
28.316	69.85
28.326	69.94
28.336	67.51
28.346	69
28.356	70.01
28.366	71.17
28.376	71.42
28.386	69.95
28.396	70.21
28.406	70.82
28.546	75.26
28.556	76.96
28.566	77.35
28.706	89.48
28.716	88.74
28.726	88.36
28.736	88.33
28.746	88.45
28.756	89.2
28.766	90.09
28.776	90.39
28.786	91.45
28.796	90.77
28.806	90.82
28.816	91.22
28.826	90.61
28.946	90.25
28.956	88.95
28.966	86.91
28.976	84.68
28.986	83.23
28.996	81.73
29.006	82.43
29.016	82.71
29.026	81.93
29.036	80.73
29.046	79.56
29.056	77.76
29.066	75.37
29.076	75.57
29.086	74.79
29.096	75.56
29.106	74.54
29.116	73.99
29.126	74.44
29.136	78.21
29.146	81.51
29.156	83.69
29.166	85.03
29.176	87
29.186	88.63
29.196	89.25
29.206	88.9
29.216	88.01
29.226	87.73
29.236	89
29.246	89.58
29.256	88.57
29.266	85.24
29.276	81.51
29.356	109.95
29.366	105.57
29.376	103.2
29.386	99.24
29.396	94.95
29.406	95.11
29.416	96.38
29.426	93.91
29.436	90.99
29.446	90.39
29.456	89.8
29.466	88.22
29.476	85.61
29.486	85.68
29.496	86.22
29.506	84.01
29.516	83.44
29.526	81.9
29.536	82.06
29.546	85.94
29.556	85.54
29.596	108.98
29.606	108.38
29.616	108.2
29.626	106.09
29.636	100.34
29.646	97.41
29.706	137.65
29.716	135.21
29.726	134.73
29.736	135.16
29.746	134.52
29.756	133.12
29.766	132.32
29.776	132.04
29.786	133.02
29.796	135.02
29.806	138.88
29.816	143.26
29.826	144.19
29.836	143.92
29.846	143.25
29.856	141.26
29.866	135.47
29.876	133.18
29.936	143.59
29.946	142.15
29.956	138.7
29.966	134.73
29.976	135.42
29.986	136.64
29.996	132.47
30.006	128.75
30.016	126.19
30.026	131.2
30.036	136.69
30.046	132.66
30.056	134.68
30.066	119.96
30.076	120.67
30.086	123.49
30.096	126
30.106	128.88
30.116	131.58
30.126	134.84
30.136	139.31
30.146	142.12
30.156	143.65
30.166	144.67
30.176	140.91
30.186	137.6
30.196	137.67
30.206	135.77
30.216	130.43
30.226	129.42
30.236	73.04
30.246	70.2
30.306	73.67
30.316	73.58
30.326	74.05
30.336	73.88
30.346	75.34
30.356	76.34
30.366	75.97
30.376	75.14
30.386	73.79
30.396	71.86
30.406	70.68
30.416	73.28
30.426	73.99
30.436	73.81
30.586	69.96
30.596	70.59
30.606	70.56
30.616	70.06
30.626	70.12
