time	f0
0.09	127.96
0.1	128.26
0.11	127.91
0.12	123.15
0.13	128.3
0.78	147.4
0.79	146.56
0.8	146.8
0.81	145.1
0.82	143
0.83	142.53
0.84	143.67
0.85	144.33
0.86	144.86
0.87	145.62
0.88	144.51
0.89	142.68
0.9	140.63
0.91	138.87
0.92	138.29
0.93	139.5
0.94	139.48
0.95	138.71
0.96	138.49
0.97	139.53
0.98	139.28
0.99	138.98
1	138.04
1.01	137.83
1.02	137.02
1.03	137.24
1.04	137.03
1.05	136.84
1.06	137.68
1.07	137.9
1.08	139.39
1.09	136.01
1.1	136.28
1.11	131.99
1.12	133.06
1.13	132.88
1.56	133.2
1.57	131.71
1.58	130.06
1.59	126.65
1.6	126.95
1.61	123.99
1.62	123.74
1.63	124.22
1.64	127.07
1.65	128.45
1.66	130.48
1.67	130.43
1.68	130.63
1.69	131.55
1.7	133.25
1.71	135.77
1.72	137.16
1.73	135.6
1.74	135.81
1.75	135.9
1.76	135.35
1.77	133.26
1.78	132.5
1.79	136.82
1.81	142.21
1.82	144.29
1.83	143.29
1.84	143.35
1.85	143.99
1.86	142.98
1.87	141.08
1.88	139.61
1.89	138.42
1.95	138.64
1.96	134.52
1.97	132.4
1.98	132.13
1.99	131.17
2	129.05
2.01	127.96
2.02	127.72
2.03	127.58
2.04	128.08
2.05	127.5
2.06	125.98
2.07	124.27
2.08	121.03
2.09	119.87
2.1	119.53
2.11	118.61
2.12	117.48
2.13	115.82
2.14	115.29
2.15	112.18
2.16	110.96
2.17	109.18
2.18	110.4
2.19	109.94
2.2	108.79
2.21	109.07
2.22	109.35
2.23	106.73
2.24	105.53
2.25	104.58
2.26	105.56
2.27	105.84
2.28	108.68
2.29	108.86
2.3	106.76
2.31	108.21
2.32	109.53
2.33	110
2.34	110.33
2.35	109.95
2.36	109.74
2.37	109.52
2.38	109.49
2.39	110.03
2.4	110.07
2.41	111.88
2.42	110.23
2.43	109.38
2.44	113.18
2.45	109.41
2.46	110
2.47	102.11
2.48	124.58
2.49	124.89
2.5	124.05
2.51	122.02
2.52	120.9
2.53	120.19
2.54	119.67
2.55	118.84
2.56	118
2.57	117.8
2.58	117.54
2.59	117.48
2.6	117.24
2.61	117.12
2.62	116.23
2.63	116.4
2.64	116.4
2.65	115.94
2.66	115.81
2.67	116.04
2.68	114.68
2.69	113.1
2.7	113.25
2.71	113.29
2.72	113.19
2.73	113.05
2.74	113.54
2.75	114.48
2.76	113.14
2.77	113.07
2.78	112.99
2.79	113.3
2.8	113.81
2.81	113.86
2.82	113.61
2.83	113.33
2.84	113.03
2.85	112.64
2.86	111.58
2.87	112.11
2.88	112.89
2.89	112.5
2.9	111.28
2.91	110.96
2.92	111.78
2.93	109.93
3.02	105.73
3.03	106.24
3.04	105.72
3.05	102.76
3.15	107.53
3.16	106.5
3.17	105.47
3.18	105.7
3.19	107.05
3.2	107.69
3.21	107.94
3.22	108.59
3.23	108.44
3.24	108.4
3.25	108.58
3.26	109.39
3.27	109.55
3.28	108.78
3.29	108.02
3.3	108.14
3.31	107.78
3.32	106.4
3.33	106.01
3.34	105.04
3.35	104.81
3.36	102.41
3.37	105.16
3.47	108.93
3.48	107.07
3.49	106.51
3.5	106.68
3.51	106.57
3.52	105.67
3.53	105.36
3.54	103.69
3.55	102.13
3.56	100.9
3.57	101.13
3.58	100.56
3.59	99.68
3.6	99.63
3.61	100.19
3.62	105.63
3.63	110.94
3.64	111.88
3.65	111.78
3.66	112.23
3.67	112.62
3.68	114.53
3.69	115.5
3.7	115.04
3.71	113.66
3.72	112.73
3.73	111.38
3.74	109.87
3.75	108.72
3.76	108.81
4.54	120.91
4.55	118.39
4.56	117.86
4.57	117.84
4.58	117.1
4.59	117.07
4.6	117.22
4.61	117.02
4.62	116.48
4.63	115.81
4.64	115.28
4.65	115.02
4.66	113.93
4.67	113.4
4.68	111.53
4.69	111.21
4.7	111
4.71	109.4
4.72	108.39
4.73	108.01
4.74	107.5
4.75	107.38
4.76	106.56
4.77	106.66
4.78	106.69
4.79	107.03
4.8	106.93
4.81	105.82
4.82	105.7
4.83	105.33
4.84	103.63
4.92	101.65
4.93	108.67
4.94	106.61
5.38	109.76
5.39	109.37
5.4	109.13
5.41	109.38
5.42	109.85
5.43	109.96
5.44	108.62
5.45	108.07
5.46	109.51
5.47	111.13
5.48	111.3
5.49	111.77
5.5	112.04
5.51	113.06
5.52	110.7
5.53	110.97
5.54	118.52
5.55	121.59
5.56	120.85
5.57	110.99
5.58	124.48
5.59	122.8
5.6	122.98
5.61	122.64
5.62	119.37
5.63	116.94
5.64	117.26
5.65	116.69
5.66	115.79
5.67	114.65
5.68	116.77
5.69	111.33
5.7	113.28
5.71	113.39
5.72	113.15
5.73	113.12
5.74	113.07
5.75	112.6
5.76	113.45
5.77	113.97
5.78	115.83
5.79	115.78
5.8	116.16
5.81	116.14
5.82	115.68
5.83	115.29
5.84	115.43
5.85	115.77
5.86	116.07
5.87	116.03
5.88	115.93
5.89	115.42
5.9	115.32
5.91	115.01
5.92	114.48
5.93	114.34
5.94	114.31
5.95	115.44
5.96	115.06
5.97	114.05
5.98	113.08
5.99	111.22
6	112.26
6.01	111.51
6.02	110.77
6.03	108.99
6.04	108.13
6.05	107.95
6.06	107.86
6.07	107.84
6.08	108.8
6.57	136.72
6.58	136.92
6.59	136.57
6.6	128.28
6.61	128.83
6.62	124.28
6.63	121.06
6.64	119.21
6.65	115.98
6.66	114.89
6.67	112.13
6.68	112.12
6.69	111.38
6.7	110.35
6.71	109.85
6.72	109.52
6.73	108.8
6.74	108.15
6.75	108.09
6.76	108.62
6.77	105.15
6.78	105.85
6.79	104.61
6.8	104.99
6.81	103.81
6.82	104.22
6.83	104.31
6.84	103.99
6.85	102.84
6.86	102.95
6.87	103.21
6.88	102.87
6.89	103
6.9	103.94
6.91	103.84
6.92	101.54
6.93	101.56
6.94	101.67
6.95	102.07
6.96	101.67
6.97	100.87
6.98	101.84
6.99	100.8
7.01	203.92
7.02	202.06
7.03	204.83
7.04	199.89
7.05	192.56
7.32	136.33
7.33	134.37
7.34	133.3
7.35	132.99
7.36	132.93
7.37	132.04
7.38	130.79
7.39	128.77
7.4	127.81
7.41	126.13
7.42	126.72
7.43	130.01
7.44	128.99
7.45	127.09
7.46	127.83
7.47	128.57
7.48	128.03
7.49	128.61
7.5	119.92
7.51	120.33
7.52	119.49
7.53	119.16
7.54	118.81
7.55	117.65
7.56	115.98
7.57	116.73
7.58	118.75
7.59	117.55
8.43	126.39
8.44	116.55
8.45	116.47
8.46	116.2
8.47	116.24
8.48	116.1
8.49	115.76
8.5	115.82
8.51	116.21
8.52	115.81
8.53	115.55
8.54	115.48
8.55	115.49
8.56	116.02
8.57	113.93
8.58	112.38
8.87	117.02
8.88	118.25
8.89	116.62
8.9	116.65
8.91	117.5
8.92	117.56
8.93	118.28
8.94	118.17
8.95	117.54
8.96	117.38
8.97	117.67
8.98	118.38
8.99	118.46
9	117.97
9.01	117.16
9.02	117.16
9.03	116.89
9.04	116.16
9.05	116.2
9.06	116.01
9.07	116.46
9.08	116.21
9.09	115.56
9.1	115.49
9.11	115.45
9.12	114.7
9.13	114.9
9.14	113.73
9.15	111.7
9.16	112.24
9.17	112.66
9.18	112.1
9.19	113.53
9.2	113.93
9.21	113.76
9.22	112.99
9.23	112.68
9.24	112.47
9.25	112.79
9.26	117.21
9.27	116.42
9.28	109.81
9.29	108.8
9.3	112.81
9.37	119.3
9.38	118.08
9.39	117.96
9.4	117.05
9.41	117.13
9.42	116.83
9.43	116.59
9.44	116.31
9.45	113.09
9.46	116.63
9.81	127.74
9.82	127.93
9.83	127.97
9.84	124.73
9.85	123.76
9.86	118.67
9.87	118.47
9.88	118.18
9.89	123.62
9.95	112.22
9.96	110.91
9.97	106.12
9.98	103.34
9.99	103.44
10	100.76
10.01	101.18
10.02	103.59
10.03	99.83
10.04	98.8
10.05	98.2
10.06	101.61
10.07	99.18
10.08	98.99
10.09	99.07
10.1	99.34
10.11	98.56
10.12	100.1
10.13	98.16
10.14	100.14
10.15	100.63
10.16	100.05
10.17	99.67
10.18	100.28
10.19	100.23
10.2	100.21
10.21	100.35
10.22	100.29
10.23	100.05
10.24	99.83
10.25	100.1
10.26	101.62
10.27	95.06
10.28	100.43
10.29	101.63
11.26	136.09
11.27	135.33
11.28	134.17
11.29	133.65
11.3	133.41
11.31	132.62
11.32	130.87
11.33	128.13
11.34	127.45
11.35	126.96
11.36	127.23
11.37	126.26
11.38	125.62
11.39	124.7
11.4	123.42
11.75	148.3
11.76	144.85
11.77	142.69
11.78	141.68
11.79	140.3
11.8	139.67
11.81	139.02
11.82	138.75
11.83	138.5
11.84	138.39
11.85	138
11.86	138.61
11.87	137.29
11.88	137.49
11.89	137.28
11.9	130.14
11.91	128.81
11.92	126.79
11.93	124.03
11.94	123.38
11.95	123.29
11.96	122.27
11.97	120.58
11.98	119.41
11.99	118.25
12	117.5
12.01	117.62
12.02	116.83
12.03	115.6
12.04	113.9
12.05	113.56
12.06	112.85
12.07	112.16
12.08	112.37
12.09	110.44
12.1	109.77
12.11	108.89
12.12	108.18
12.13	110.29
12.14	112.47
12.15	112.24
12.16	109.43
12.17	109.59
12.24	108.79
12.25	108.87
12.26	108.57
12.27	108.47
12.28	108.78
12.29	108.29
12.3	108.87
12.31	108.9
12.32	108.44
12.33	108.25
12.34	108.4
12.35	108.02
12.53	121.37
12.54	121.35
12.55	121.5
12.56	120.92
12.57	120.47
12.58	120.83
12.59	121.2
12.6	121.41
12.61	120.56
12.62	119.94
12.63	120.57
12.64	121.26
12.65	122.06
12.66	122.38
12.67	122.88
12.68	122.68
12.69	121.26
12.7	121.33
12.71	125.78
12.72	127.35
12.73	123.56
12.74	123.46
12.75	122.34
12.76	119.8
12.77	116.28
12.78	116.4
12.79	115.68
12.8	88.4
12.81	85.15
12.96	165.35
12.97	164.77
13.68	125.17
13.69	121.37
13.7	121.45
13.71	121.57
13.72	121.57
13.73	121.79
13.74	121.81
13.75	121.4
13.76	120.97
13.77	120.4
13.78	119.36
13.79	118.19
13.8	118.33
13.81	117.89
13.82	116.84
13.83	117.96
13.84	115.27
13.85	112.9
13.86	112.17
13.87	110.81
13.88	113.48
13.89	113.8
13.9	113.85
13.91	115.87
13.92	118.67
13.93	119.67
13.94	122.73
13.95	123.58
13.96	123.82
13.97	123.72
13.98	123.14
13.99	122.46
14	121.39
14.01	120.17
14.02	118.45
14.03	116.48
14.04	115.45
14.05	115.73
14.06	115.85
14.07	118.08
14.08	119.34
14.09	121.37
14.1	124.91
14.11	124.63
14.12	122.62
14.13	121.47
14.14	120.31
14.15	120.94
14.16	120.41
14.17	119.1
14.18	118.37
14.19	118.07
14.2	116.22
14.21	115.01
14.22	114.81
14.23	115.26
14.24	116.19
14.38	129.3
14.39	135.41
14.4	131.44
14.41	132.3
14.42	131.26
14.43	129.17
14.44	126.79
14.45	125.7
14.46	125.66
14.47	125.4
14.48	124.61
14.49	123.58
14.5	122.76
14.51	122.26
14.52	121.81
14.53	121.3
14.54	120.44
14.55	119.72
14.56	118.96
14.57	117.71
14.58	120.75
14.59	120.11
14.6	119.32
14.61	119.83
14.62	119.67
14.63	120.82
14.64	119.93
14.65	119.84
14.66	119.11
14.67	120.18
14.68	102.46
14.69	102.69
14.7	103.83
14.71	103.81
14.72	104.77
14.73	104.14
14.74	103.5
14.75	102.78
14.76	102.38
14.77	102.34
14.78	102.81
14.79	103.07
14.8	104.09
14.81	104.71
14.82	105.41
14.83	105.31
14.84	104.63
14.85	106.92
14.86	106.9
14.87	106.94
14.88	106.89
14.89	106.68
14.9	107.31
14.91	107.93
14.92	108.88
14.93	107.68
14.94	106.56
14.95	106.47
14.96	105.31
14.97	105.84
14.98	103.05
14.99	102.2
15	102.67
15.01	102.39
15.02	101.44
15.03	101.12
15.04	101.09
15.05	101.02
15.06	102.67
15.07	107.21
15.08	112.65
15.09	112.82
15.1	113.59
15.11	114.29
15.12	115.95
15.13	115.99
15.14	115.1
15.15	114.62
15.16	114.33
15.17	113.93
15.18	114.65
15.19	114.69
15.2	112.34
15.21	112.45
15.22	112.46
15.23	108.07
15.24	108.81
15.25	108.06
15.26	112.34
15.27	112.75
15.28	113.22
15.29	112.99
15.3	117.86
15.31	115.7
15.32	114.42
15.33	112.91
15.34	117.07
15.35	123.57
15.36	127.76
15.37	130.59
15.38	126.94
15.39	122.87
15.4	120.27
15.41	116.23
15.42	116.28
15.43	121.55
15.49	109.36
15.5	108.81
15.51	104.27
15.52	102.16
15.53	101.67
15.54	101.16
15.55	100.01
15.56	99.18
15.57	98.63
15.58	97.01
15.59	99.14
15.6	100.89
15.61	99.96
15.62	98.18
15.63	97.92
15.66	104.62
15.67	103.76
15.68	104.93
15.69	106.01
15.7	104.49
15.73	118.75
15.74	118.87
15.75	117.83
15.76	117.87
15.77	118.51
15.78	118.69
15.79	116.83
15.8	116.22
15.81	113.81
16.26	117.47
16.27	117.85
16.28	117.35
16.29	116.29
16.3	112.7
16.31	111.76
16.32	109.65
16.33	109.1
16.34	108.85
16.35	109.07
16.36	110.02
16.37	115.25
16.38	115.09
16.39	115.37
16.4	115.71
16.41	115.72
16.42	115.73
16.43	115.98
16.44	115.63
16.45	115.6
16.46	115.5
16.47	115.01
16.48	114.99
16.49	114.73
16.5	114.89
16.51	114.65
16.52	109.28
16.53	110.55
16.54	109.92
16.55	110.84
16.56	107.29
16.59	97.36
16.6	104.23
16.61	100.18
16.62	102.45
16.63	101.98
16.64	108.42
16.65	104.28
16.66	104.23
16.67	103.92
16.68	104.03
16.69	104.66
16.7	106.09
16.71	106.56
16.72	106.28
16.73	104.78
16.74	103.8
16.75	102.45
16.76	99.61
16.77	102.46
16.78	102.47
16.87	125.04
16.88	126.55
16.89	125.58
16.9	123.71
16.91	123.74
16.92	123.68
16.93	123.3
16.94	123.59
16.95	123.89
16.96	124.43
16.97	124.99
16.98	123.48
17.48	177.18
17.61	127.86
17.62	127.53
17.63	125.44
17.64	124.33
17.65	116.87
17.66	114.57
17.67	114.66
17.68	111.85
17.69	111.76
17.84	109.97
17.85	110.77
17.86	112.36
17.87	111.32
17.88	108.73
17.89	109.12
17.9	108.77
17.91	107.68
17.92	110.01
17.93	110.63
17.94	110.46
17.95	109.42
18	122.45
18.01	121.68
18.02	121.05
18.03	121.27
18.04	120.06
18.05	118.86
18.06	117.22
18.07	117.26
18.08	117.49
18.09	117.07
18.1	113.47
18.11	109.61
18.12	107.41
18.13	108.69
18.14	106.29
18.15	104.56
18.39	126.52
18.4	126.47
18.41	125.97
18.42	124.69
18.43	123.68
18.44	123.21
18.45	121.78
18.46	120.66
18.47	118
18.48	117.74
18.49	117.4
18.5	116.92
18.51	117
18.52	114.96
18.53	111.68
18.54	112.17
18.55	112.2
18.56	110.88
18.57	109.95
18.58	110.11
18.59	108.92
18.6	108.28
18.61	108.4
18.62	107.61
18.63	104.95
18.64	105.26
18.65	97.12
18.66	105.22
18.67	102.76
18.68	100.49
18.69	103
18.7	100.73
18.71	103.58
18.72	103.08
18.73	102.71
18.74	103.11
18.75	103.99
18.76	104.44
18.77	104.73
18.78	107.18
18.79	104.19
18.8	103.74
18.81	103.34
18.82	100.69
18.83	100.7
18.84	101.11
18.85	100.71
18.86	98.19
18.87	99.65
18.88	102.91
18.89	101.23
18.9	100.47
18.91	99.43
18.92	99.29
18.93	99.74
18.94	105.2
18.95	104.4
18.96	104.43
18.97	103.88
18.98	103.9
18.99	103.61
19	103.12
19.01	103.67
19.02	103.42
19.03	103
19.04	103.02
19.05	104.14
19.06	103.8
19.07	103.1
19.08	103.16
19.09	102.96
19.1	103.58
19.11	103.85
19.12	103.13
19.13	103.52
19.14	103.71
19.15	103.03
19.16	102.76
19.17	102.86
19.18	102.6
19.19	102.93
19.2	103.8
19.21	102.46
19.22	102.84
19.64	109.02
19.65	109.22
19.66	109.83
19.67	109.84
19.68	109.7
19.69	109.76
19.7	107.91
19.71	108.94
19.72	109.78
19.73	109.69
19.74	110.01
19.75	109.04
19.76	109.33
19.77	109.53
19.85	128.07
19.86	122.88
19.87	122.82
19.88	121.69
19.89	121.74
19.9	121.68
19.91	121.57
19.92	120.88
19.93	118.59
19.94	117.63
19.95	117.71
19.96	117.03
19.97	115.59
19.98	115.8
19.99	114.04
20	112.48
20.01	112.98
20.02	116.88
20.03	117.29
20.04	116.79
20.05	117.26
20.06	117.31
20.09	115.54
20.1	116.3
20.11	115.47
20.12	112.65
20.13	111.27
20.14	110.85
20.15	106.96
20.16	105.49
20.17	106.96
20.18	109.84
21.73	109.95
21.74	112.39
21.75	113.01
21.76	112.87
21.77	113.41
21.78	114.03
21.79	115.49
21.8	115.02
21.81	117.14
21.82	118.81
21.83	118.98
21.84	120.16
21.85	119.9
21.86	120.52
21.87	121.16
21.88	121.31
21.89	122.21
21.9	122.09
21.91	121.98
21.92	122.46
21.93	122.57
21.94	121.98
21.95	122.21
21.96	122.26
21.97	121.3
21.98	120.47
21.99	120.37
22	119.8
22.01	119.72
22.02	119.26
22.03	118.48
22.04	117.67
22.05	117.12
22.06	117.86
22.07	118
22.08	118.3
22.09	117.73
22.1	117.56
22.11	121.01
22.12	120.4
22.13	119.38
22.14	120
22.15	117.8
22.16	116.37
22.17	115.98
22.18	118.49
22.27	112.18
22.28	112.96
22.29	109.83
22.3	106.66
22.31	106.6
22.32	103.65
22.33	109.61
22.34	111.13
22.35	103.15
22.36	104.08
22.37	105.02
22.38	105.78
22.39	107.68
22.4	107.96
22.41	107.78
22.42	108.19
22.43	108.33
22.44	108.3
22.45	109.15
22.46	108.89
22.47	107.97
22.48	107.74
22.49	106.87
22.5	106.91
22.51	107.56
22.52	106.12
22.53	105.01
22.54	105.5
22.55	104.34
22.56	104.65
22.57	105.35
22.58	105.29
22.59	105.28
22.6	106.12
22.61	106.04
22.62	106.91
22.63	108.89
22.64	109.77
22.65	111.17
22.66	112.97
22.67	113.1
22.68	112.96
22.69	113.55
22.7	113.22
22.71	112.5
22.72	112.31
22.73	111.98
22.74	111.94
22.75	112.06
22.76	112.1
22.77	111.65
22.78	110.45
22.79	109.68
22.8	109.76
22.81	108.62
22.82	108.51
22.83	108.97
22.84	108.17
22.85	108.08
22.86	107.4
22.87	106.26
22.88	106.42
22.89	100.91
22.9	101.14
22.91	101.22
22.92	102.17
22.93	104.12
22.96	205.31
22.97	205.69
22.98	206.08
23.35	111.06
23.36	110.56
23.37	111.98
23.38	110.45
23.39	111.42
23.4	110.79
23.41	109.78
23.42	109.68
23.43	105.73
23.44	105.29
