time	f0
0.02	122.03
0.03	118.9
0.04	116.65
0.43	123.86
0.44	118.45
0.45	122.96
0.46	122.87
0.47	120.01
0.48	117.24
0.49	121.06
0.53	114.01
0.54	112.16
0.55	111.79
0.56	111.67
0.57	113.04
0.58	115.01
0.59	116.13
0.6	123.78
0.61	127.74
0.62	126.98
0.63	130.31
0.64	132.52
0.65	133.87
0.66	135.75
0.67	137.96
0.68	139.6
0.69	139.65
0.7	140.44
0.71	142.36
0.72	137.58
0.73	132.8
0.74	133.81
0.75	138.17
0.76	142.11
0.77	137.78
0.78	134.72
0.79	137.08
0.8	140
0.81	139.77
0.82	139.93
0.83	138.88
0.84	140.46
0.92	128.47
0.93	126.11
0.94	127.27
0.95	126.67
0.96	125.85
0.97	125.73
0.98	124.5
0.99	125.14
1	126.44
1.01	126.1
1.02	118.84
1.03	125.96
1.04	126.47
1.05	125.59
1.13	120.37
1.14	119.71
1.15	120.16
1.16	118.26
1.17	118.19
1.18	117.39
1.2	117.64
1.21	119.01
1.22	119.17
1.23	119.32
1.24	118.66
1.25	117.92
1.26	117.38
1.34	110.63
1.35	109.77
1.36	110.54
1.37	111.39
1.38	112.92
1.39	113.29
1.4	112.3
1.41	112.86
1.42	112.63
1.43	113.16
1.44	111.09
1.45	109.17
1.46	109.26
1.47	109.27
1.48	107.34
1.49	105.8
1.5	104.81
1.71	119.13
1.72	117.52
1.73	116.5
1.74	115.88
1.75	113.35
1.76	112.02
1.87	116.66
1.88	116.13
1.89	117.66
1.9	113.46
1.91	111.83
1.92	110.54
1.93	110.61
1.99	130.89
2	125.87
2.01	130.82
2.02	136.92
2.03	135.31
2.04	136.49
2.05	136.88
2.06	137.7
2.07	136.69
2.08	136.51
2.09	136.14
2.1	135.87
2.11	134.97
2.12	133.56
2.13	132.16
2.14	133.18
2.15	132.26
2.16	134.84
2.17	138.75
2.18	137.57
2.19	136
2.2	136.94
2.21	138.53
2.22	138.52
2.23	135.41
2.24	135.26
2.25	138.15
2.26	138.35
2.27	134.79
2.28	135.27
2.29	136.76
2.3	139.31
2.31	123.39
2.32	122.91
2.33	123.58
2.34	123.81
2.35	123.66
2.36	123.7
2.37	122.56
2.52	118.68
2.53	118.93
2.54	119.71
2.55	118.67
2.56	118.61
2.57	118.94
2.58	117.78
2.59	117.61
2.6	116.8
2.61	115.92
2.62	109.81
2.63	108.32
2.64	109.94
2.65	120.47
2.7	111.97
2.71	113.84
2.72	114.56
2.73	115.19
2.74	117.31
2.75	118.25
2.76	120.16
2.77	119.38
2.78	117.84
2.79	118.73
2.8	120.87
2.81	121.82
2.82	126
2.83	127.26
2.84	128.96
2.85	127.99
2.86	127.1
2.87	126.56
2.88	125.76
2.89	125.17
2.9	126.04
2.91	120.76
2.92	118.88
2.93	118.56
2.94	118.22
2.95	115.46
2.96	113.67
2.97	112.64
2.98	112.02
2.99	112.09
3	111.23
3.01	110.86
3.02	109.98
3.03	108.47
3.04	107.45
3.05	106.39
3.06	104.11
3.07	104.1
3.08	103.48
3.09	102.8
3.1	102.28
3.11	102.91
3.12	97.8
3.13	100.61
3.14	102.67
3.15	105.47
3.16	108.26
3.17	110.92
3.18	113.55
3.19	115.92
3.2	116.05
3.21	117.5
3.22	121.77
3.23	121.5
3.24	119.59
3.25	118.95
3.26	113.51
3.39	115.79
3.4	115.39
3.41	113.61
3.42	114.71
3.43	115.32
3.44	114.64
3.45	114.06
3.46	112.62
3.71	119.03
3.72	113.26
3.73	112.93
3.74	113.44
3.75	113.43
3.76	113.32
3.77	113.05
3.78	113.98
3.79	114.69
3.8	115.1
3.81	117.99
3.82	116.29
3.83	117.89
3.84	119.45
3.85	120.38
3.86	129.48
3.87	125.22
3.88	128.08
3.89	128.97
3.9	128.34
3.91	127.38
3.92	126.73
3.93	126.94
3.94	126.94
3.95	125.74
3.96	127.6
3.97	126.54
3.98	124.35
3.99	122.17
4	121.91
4.01	120.78
4.02	116.35
4.03	112.01
4.04	111.89
4.05	111.07
4.06	111.32
4.07	107.27
4.08	106.28
4.09	109.2
4.1	109.62
4.11	105.18
4.12	109.32
4.13	109.06
4.14	102.86
4.15	105.44
4.16	105.33
4.17	105.82
4.18	105.31
4.19	101.17
4.76	122.23
4.77	116.76
4.78	120.13
4.79	121.39
4.8	119.99
4.81	120.48
4.82	122.16
4.84	120.51
4.85	122.76
5.01	125.87
5.02	124.42
5.03	119.94
5.04	121.11
5.05	117.71
5.06	117.05
5.1	123.72
5.11	118.4
5.12	118.18
5.13	116.9
5.14	118.32
5.15	114.25
5.16	112.65
5.17	113.22
5.18	112.73
5.19	112.52
5.2	111.95
5.21	111.9
5.22	113.5
5.23	112.41
5.24	112.96
5.29	113.74
5.3	112.53
5.31	112.27
5.8	125.22
5.81	123.59
5.82	130.36
5.83	129.31
5.84	127.45
5.85	127.6
5.86	127.45
5.87	129.09
5.88	129.31
5.89	130.31
5.9	130.3
5.91	130.51
5.92	130.14
5.93	129.48
5.94	129.24
5.95	129.4
5.96	131.74
5.97	129.27
5.98	128.18
5.99	127.76
6	129.1
6.01	129.75
6.02	129.58
6.03	130.23
6.04	129.44
6.05	129.58
6.19	125.33
6.2	123.38
6.21	114.88
6.22	119.97
6.23	114.83
6.24	113.57
6.25	123.42
6.26	122.57
6.35	117.37
6.36	116.81
6.37	117.67
6.38	118.21
6.39	117.98
6.4	116.4
6.41	115.82
6.42	110.92
6.57	122.65
6.58	118.63
6.59	118.79
6.6	119.42
6.61	119.27
6.62	119.43
6.63	119.26
6.64	119.74
6.65	119.62
6.66	120.4
6.67	120.46
6.68	120.34
6.69	118.08
6.7	118.83
6.71	117.46
6.72	116.95
6.73	116.7
6.74	116.05
6.75	116.76
6.76	115.18
6.77	113.78
6.78	108.57
6.79	112.85
6.8	113.43
6.81	113.29
6.82	114.48
6.83	114.95
6.84	113.45
6.85	112.77
6.86	112.56
6.87	112.68
6.88	112.93
6.89	113.26
6.9	112.69
6.91	112.23
6.92	113.27
6.93	112.6
6.94	112.46
