time	f0
0.4	169.13
0.41	150.66
0.42	145.96
0.43	145.15
0.44	139.77
0.45	142.14
0.46	139.89
0.47	138.02
0.48	134.64
0.49	133.15
0.5	133.02
0.51	129.94
0.52	132.17
0.53	131.2
0.54	129.09
0.55	126.43
0.56	125.93
0.57	127.93
0.58	128.98
0.59	125.26
0.6	125.53
0.61	124.03
0.62	122.17
0.63	123.52
0.64	124.16
0.65	122.26
0.66	122.61
0.67	121.05
0.68	120.25
0.69	116.09
0.7	115.08
0.71	116.84
0.72	116.64
0.73	117.29
0.74	117.37
0.75	115.74
0.76	115.59
0.77	116.45
0.78	114.77
0.79	116.75
0.8	117.55
0.81	116.08
0.82	114.27
0.83	116.81
0.84	114.35
0.85	116.69
0.86	117.11
0.87	116.28
0.88	116.35
0.89	116.5
1.68	170.08
1.69	168.51
1.7	169.19
1.71	170.11
1.72	168.97
1.73	166.49
1.74	165.9
1.75	168.16
1.76	167.41
1.77	167.21
1.78	167.52
1.79	169.83
1.8	166.3
1.81	164.11
1.82	168.09
1.83	170.05
1.84	169.43
1.85	167.66
1.86	153.51
1.87	149.28
1.88	142.53
1.89	139.55
1.9	134.71
1.91	132.67
1.92	130.65
1.93	129.71
1.94	129.1
1.95	128.12
1.96	126.22
1.97	128.2
1.98	130.38
1.99	132.21
2	134.96
2.05	135.68
2.06	133.98
2.07	130.02
2.08	124.63
2.09	121.87
2.1	125.86
2.11	126.48
2.12	128.2
2.13	129.97
2.14	132.8
2.15	135.23
2.16	134.05
2.17	131.36
2.18	130.45
2.19	129.08
2.2	129.16
2.21	128.78
2.22	127.06
2.23	123
2.24	121.95
2.25	119.57
2.26	117.71
2.27	121.1
2.28	117.84
2.29	118.48
2.3	112.76
2.31	112.68
3.45	121.77
3.46	122.25
3.47	122.12
3.48	124.76
3.49	129.74
3.5	128.27
3.51	127.19
3.52	128.29
3.53	130.21
3.54	130.12
3.55	130.77
3.56	134.54
3.57	134.48
3.58	133.03
3.59	130.74
3.6	130.29
3.61	131.55
3.69	173.63
3.7	172.87
3.71	172.02
3.72	166.6
3.73	166.5
3.74	164.66
3.75	164.2
3.76	167.5
3.77	161.59
3.78	160.61
3.79	154.32
3.8	148.51
3.81	144.84
3.82	137.55
3.83	132.85
3.84	130.25
3.85	126.12
3.86	125.47
3.87	125.28
3.88	122.93
3.89	123.1
3.9	122.51
3.91	120.27
3.92	118.69
3.93	117
4.03	104.44
4.04	106.3
4.05	101.03
4.06	101.54
4.07	97.67
5.24	179.56
5.25	176.13
5.26	174.2
5.29	162.95
5.3	161.67
5.31	153.5
5.32	151.62
5.46	137.58
5.47	130.62
5.48	128.22
5.49	128.48
5.5	127.7
5.51	127.92
5.52	126.31
5.53	126.9
5.54	129.17
5.55	127.16
5.56	124.19
5.57	121.08
5.58	117
5.59	129.82
5.6	125.26
5.61	128.09
5.62	126.35
5.63	123.51
5.64	122.22
5.65	119.97
5.66	116.6
5.67	113
5.68	109.07
5.69	108.94
5.7	109.39
5.71	108.72
5.72	105.5
5.73	105.47
5.74	105.79
5.75	106
5.97	122.13
5.98	119
5.99	118.64
6	121.09
6.01	121.27
6.02	122.78
6.03	123.58
6.04	124.29
6.05	121.19
6.06	123.02
6.07	125.73
6.08	126.35
6.43	128.26
6.44	125.12
6.45	121.61
6.46	116.57
6.47	111.18
6.48	109.86
6.49	110.86
6.5	109.3
6.51	107.3
6.52	101.47
6.53	102.33
6.75	153.15
6.76	152.84
6.77	152.44
6.78	149.74
6.79	140.49
6.8	136.8
6.81	130.94
6.82	129.42
6.83	129.52
6.84	129.39
6.85	128.52
6.86	129.05
6.87	129.15
6.95	110.01
6.96	124.63
6.97	125.06
6.98	123.14
6.99	121.74
7	121.69
7.01	120.42
7.06	122.59
7.07	120.65
7.08	119.83
7.35	131.15
7.36	125.19
7.37	125.08
7.38	122.66
7.39	122.68
7.4	118.8
7.44	116.61
7.45	119.21
7.46	118.87
7.47	113.89
7.48	115.52
7.49	111.59
7.5	112.49
7.51	112.92
7.52	113.26
8.3	228.94
8.31	231.46
8.35	229.39
8.36	225.52
8.37	225.3
8.38	226.59
8.94	116.24
8.95	118.1
8.96	116.54
9.01	119.03
9.02	126.22
9.03	122.52
9.04	122.48
9.05	123.13
9.06	122.93
9.07	123.21
9.08	123.4
9.09	122.41
9.1	120.79
9.11	119.6
9.12	118.94
9.13	117.4
9.14	116.55
9.15	112.09
9.16	113.19
9.17	113.5
9.31	126.8
9.32	127.68
9.33	128.61
9.34	129.57
9.35	130.27
9.36	129.97
9.43	155.9
9.44	153.84
9.45	150.46
9.69	159.47
9.7	157.62
9.71	155.26
9.72	153.89
9.73	150.96
9.74	148
9.75	150.22
9.76	146.11
9.8	149.55
9.81	146.54
9.82	144.93
9.83	139.81
9.84	136.23
9.85	132.5
9.86	131.6
9.87	131.73
9.88	131.19
9.89	131.4
9.9	131.25
9.91	135.18
9.92	137.57
9.93	150.16
9.94	152.37
9.95	159
9.96	160.29
9.97	159
9.98	159.85
9.99	157.43
10	155.62
10.01	151.43
10.02	145.21
10.03	152.7
10.04	154.12
10.05	156.03
10.06	157.2
10.07	159.13
10.08	159.79
10.09	159.21
10.1	158.51
10.11	150
10.28	120.85
10.29	121.16
10.3	113.09
10.34	116.69
10.35	116.32
10.36	116.19
10.37	112.96
10.38	108.57
10.63	105.76
10.64	101.65
10.65	104.9
11.3	119.53
11.31	120.4
11.32	120.36
11.33	119.48
11.34	119.36
11.35	119.82
11.36	120.47
11.37	120.46
11.38	120.71
11.39	121.15
11.4	121.79
11.41	132.96
11.42	135.07
11.43	137.31
11.44	138.5
11.45	141.7
11.46	141.26
11.47	143.5
11.48	141.51
11.61	195.44
11.62	195.05
11.63	194.68
11.64	192.91
11.65	188.36
11.66	184.2
11.67	180.92
11.68	175.6
11.69	187.09
11.9	139.28
11.91	143.78
12.53	121.89
12.54	125.37
12.65	126.89
12.66	124.08
12.67	124.45
12.68	125.27
12.69	128.07
12.7	126.05
12.71	125.21
12.72	124.19
12.73	121.33
12.76	133.65
12.77	126.15
12.78	124.11
12.79	121.11
12.8	115.98
12.81	111.88
12.82	110.63
12.83	109.97
12.84	111.99
13.11	128.45
13.12	127.23
13.13	124.78
13.14	122.73
13.15	122.5
13.16	123.63
13.17	125.29
13.18	125.48
13.19	127.17
13.2	130.8
13.21	130.86
13.22	130.88
13.23	128.43
13.24	125.87
13.25	125.64
13.26	123.05
13.27	124.93
13.28	123.48
13.29	118.63
13.3	121.88
13.31	119.59
14.83	114.75
14.84	113.13
14.85	111.83
14.86	111.45
14.87	111.38
14.88	110.7
14.89	112.06
14.9	112.37
14.91	113.84
14.98	112.02
14.99	113.06
15	112.62
15.01	155.26
15.02	157.58
15.03	155.89
15.04	155.46
15.05	154.91
15.06	157.34
15.07	156.79
15.08	155.74
15.09	152.09
15.1	147.86
15.11	145.36
15.12	142.65
15.13	139.17
15.14	138.08
15.15	135.39
15.16	132.84
15.17	130.28
15.18	126.18
15.19	122.94
15.2	121.38
15.21	124.84
15.22	115.11
15.23	116.32
15.24	112.63
15.25	110.69
15.26	110.43
15.27	109.02
15.28	102.65
15.29	107.62
16.99	205.54
17	201.41
17.01	199.99
17.02	199.93
17.03	200.67
17.04	200.58
17.05	199.67
17.06	199.78
17.07	200.4
17.08	199.76
17.09	200.01
17.1	201.19
17.11	218.95
17.12	223.44
17.13	226.38
17.14	227.71
17.15	227.45
17.16	224.96
17.17	220.36
17.18	214.27
17.19	206.65
17.2	197.15
17.21	198.29
17.22	220.74
17.23	223.48
17.24	218.02
17.25	217.77
17.26	218.01
17.31	201.8
17.32	202.38
17.33	202.96
17.34	202.77
17.36	113.12
17.37	111.01
17.38	109.62
17.39	108.12
17.4	108.16
17.41	109
17.42	105.42
17.43	110.9
17.57	114.22
17.58	116.73
17.59	117.23
17.6	116.04
17.61	115.24
17.62	114.45
17.63	116.32
17.64	115.19
17.65	113.15
17.66	111.6
18.22	114.4
18.23	114.25
18.24	116.18
18.25	116.63
18.26	117.3
18.27	119.48
18.28	121.43
18.29	120.19
18.3	124.68
18.31	125.31
18.32	126.81
18.33	129.17
18.34	131.77
18.35	135.8
18.36	137.57
18.37	134.43
18.38	135.29
18.39	139.26
18.46	189.94
18.47	185.6
18.48	185.29
18.49	184.67
18.5	182.1
18.51	178.91
18.52	174.46
18.53	165.5
18.54	169.26
18.55	163.85
18.56	158.15
18.57	151.82
18.58	144.44
18.59	136.8
18.6	132.57
18.61	131
18.62	130.36
18.63	128.46
18.64	127.37
18.65	124.97
18.66	124.99
18.67	129.19
18.68	133.46
18.69	135
18.7	134.11
18.71	135.28
18.72	133.22
19.03	104.08
19.04	100.21
19.05	102.24
19.06	101.79
19.07	112.06
19.28	144.34
19.29	138.65
19.3	137.05
19.31	135.07
19.32	133.84
19.33	134.13
19.34	133.91
19.35	134.94
19.36	134.91
19.37	134.91
19.38	134.59
19.39	134.72
19.4	134.56
19.41	134.84
19.42	134.5
19.43	134.49
19.44	133.77
19.45	134.8
19.46	135.04
19.47	138.57
20.26	132.51
20.27	131.98
20.28	127.7
20.29	126.82
20.3	126.87
20.31	129.14
20.32	129.01
20.33	129.11
20.34	129.15
20.35	130.01
20.36	129.63
20.37	132.26
20.38	132.32
20.39	131.81
20.4	131.77
20.41	130.08
20.42	127.8
20.43	129.19
20.44	128.87
20.45	128
20.46	128.13
20.47	126.59
20.48	122.07
20.49	113.12
20.5	110.85
20.51	108.62
20.52	109.72
20.53	109.84
20.54	108.84
20.55	109.26
20.56	105.81
20.8	150.02
20.81	149.37
20.82	148.79
20.83	142.37
20.84	136.79
20.85	136.38
20.86	142.55
20.87	146.81
20.88	136.51
20.89	105.38
20.9	135.75
20.91	124.81
21.04	112.58
21.05	110.57
21.06	106.94
21.07	101.7
21.08	108.69
21.15	123.1
21.16	129.17
21.17	124.01
21.18	127.47
21.19	128.02
21.2	129.11
21.21	132.54
21.22	131.55
21.24	128.07
21.25	124.82
21.26	128.43
21.27	122.67
21.28	121.98
21.29	122.57
21.33	121.7
21.34	121.15
21.35	117.76
21.36	115.14
21.37	112.85
21.38	110.25
21.39	108.54
21.4	105.12
21.43	107.77
21.44	111
21.6	126.9
21.61	125.55
21.62	123.84
21.63	121.18
21.64	122.48
21.65	123.63
21.66	124.37
21.67	124.01
21.68	122.55
21.69	124.08
21.7	125.18
21.71	125.64
21.72	125.15
21.73	124.34
21.74	126.24
21.75	124.15
21.76	122.75
21.77	123.26
21.78	123.48
21.79	126.28
21.8	126.11
22.59	129.38
22.6	133.27
22.61	134.7
22.62	136.6
22.63	140.1
22.64	145.48
22.65	148.93
22.66	156.05
22.67	162.6
22.68	170.63
22.69	180.04
22.7	180.9
22.71	179.92
22.72	179.79
22.73	179.91
22.74	178.3
22.75	175.74
22.76	174.17
22.77	170.33
22.78	167.49
22.79	173.36
22.8	174.71
22.81	177.47
22.82	177.57
22.83	177.58
22.84	177.88
22.85	178.46
22.86	176.65
22.87	176.89
22.88	175.77
22.89	169.51
22.9	167.45
22.91	165.33
22.92	163.74
22.93	162.33
22.94	162.29
22.95	162.25
22.96	162.82
22.97	162.57
22.98	162.43
22.99	162.38
23	163.64
23.01	164.76
23.02	165.84
23.03	164.94
23.04	163.89
23.05	163.32
23.06	163.7
23.07	163.72
23.08	164.07
23.09	163.54
23.1	163.3
23.11	163.98
23.12	163.33
23.13	164.08
23.14	162.92
23.15	165.16
23.16	164.32
23.17	162.77
23.18	163.19
23.19	163.34
23.2	163.18
23.21	162.56
23.22	163.08
23.23	163.06
23.25	188.94
23.26	178.2
23.27	176.96
23.28	177.14
23.29	176.64
23.3	185.86
23.31	177.73
23.32	176.79
23.33	179.44
23.34	176.76
23.35	175.77
23.36	178.18
23.37	184.16
23.38	181.73
23.39	182.53
23.4	183.86
23.41	184
23.42	181.17
23.43	181.33
23.44	184.31
23.45	186.99
23.46	187.77
23.47	191.74
23.48	186.26
23.49	183.66
23.5	180.39
23.51	171.35
23.52	165.62
23.53	160.64
23.54	156.01
23.55	151.43
23.56	146.2
23.57	141.97
23.58	134.67
23.77	120.31
23.78	120.81
23.79	120.51
23.8	118.74
23.81	121.8
23.82	122.29
23.83	126.78
23.84	126.73
23.85	126.35
23.86	125.57
23.87	124.9
23.88	124.55
23.89	123.64
23.9	126.1
23.91	125.78
23.92	128.72
23.97	158.18
23.98	155.24
23.99	152.57
24	148.94
24.01	142.47
24.02	138.99
24.03	132.22
24.04	145.6
24.05	142.21
24.06	140.47
24.07	137.16
24.08	128.19
24.09	122.64
24.1	119.72
24.11	116.88
24.22	147.99
24.23	144.52
24.24	143.27
24.25	142.27
24.26	141.3
24.27	140.36
24.28	139.12
24.29	136.78
24.3	135.15
24.41	126.21
24.42	124.54
24.43	127.13
24.44	127.92
24.45	125.65
24.46	125.73
24.47	129.49
24.48	127.39
24.49	126.14
24.5	125.03
24.51	126.18
24.52	128.02
24.53	125.46
24.54	125.15
24.55	123.57
24.56	121.08
24.57	114.45
24.58	112.04
24.59	111.18
24.6	110.81
24.61	112.23
24.62	110.52
24.63	110.19
24.64	103.27
24.84	138.28
24.85	135.31
24.86	132.03
24.87	129.2
24.88	123.56
24.89	125.79
24.9	125.97
24.91	128.36
24.92	129.68
24.97	122.97
24.98	122.04
24.99	121.79
25	121.05
25.01	119.24
25.02	120.14
25.03	117.42
25.04	115.39
25.05	117.96
25.06	116.9
25.07	114.48
25.08	113.62
25.09	114.37
25.1	112.3
25.11	115.81
25.12	113.94
25.13	114.26
25.14	113.83
25.15	113.87
25.16	114.88
25.26	141.13
25.27	137.5
25.28	134.96
25.29	132.84
25.3	130.1
25.31	128.58
25.32	125.88
25.33	126.44
25.34	122.58
25.35	123.65
25.36	130.98
25.37	135.25
25.38	133.2
25.39	111.81
25.59	129.13
25.6	126.8
25.61	123.82
25.62	122.88
25.63	122.65
25.64	123.51
25.65	122.52
25.66	126.96
25.67	126.48
25.68	124.01
25.69	123.5
25.7	122.61
25.71	123.82
25.72	127.31
25.73	127.81
25.74	121.71
25.77	128.69
25.78	128.98
25.79	126.41
25.8	127.03
25.81	127.93
25.82	128.7
25.83	128.92
25.84	130.49
25.85	132.85
25.86	134.68
25.87	137.26
25.88	137.95
25.89	137.72
25.9	136.87
25.91	134.8
25.92	133.21
25.93	129.84
25.94	123.75
25.95	129.29
26.18	109.98
26.19	109.92
26.2	108.36
26.21	110.97
26.22	110.68
26.31	116.48
26.32	113.88
26.33	112.65
26.34	112.86
26.35	114.38
26.36	114.66
26.37	115.3
26.38	116.76
26.39	119.18
26.4	114.87
26.41	114.54
26.42	114.57
26.45	126.38
26.46	127.51
26.47	125.29
26.48	125.87
26.49	122.96
26.5	123.06
26.51	122.91
26.52	120.53
26.53	117.71
26.54	112.06
26.55	110.12
26.56	110.56
27.07	120.03
27.08	118.03
27.09	117.76
27.1	115.69
27.11	115.42
27.12	115.61
27.13	116.06
27.14	116.78
27.15	117.43
27.16	118.66
27.17	121.75
27.18	127.02
27.19	130.07
27.2	126.58
27.21	124.75
27.22	127.6
27.23	130.73
27.24	130.66
27.34	170.18
27.35	168.2
27.36	164.87
27.37	164.04
27.38	161.86
27.39	160.47
27.4	160.67
27.41	158.2
27.42	140.51
27.43	133.48
27.44	128.07
27.45	125.91
27.46	124.89
27.47	122.45
27.48	119.72
27.49	113.28
27.5	110.8
27.51	110.77
27.52	108.52
27.53	109.55
27.54	110.87
27.55	108.59
27.56	109.61
27.57	108.88
27.58	108.4
27.59	110.6
27.73	110.17
27.74	104.95
27.75	103.19
27.76	103.78
27.93	118.2
27.94	120.67
27.95	117.13
27.96	117.57
27.97	118.34
27.98	119.75
27.99	118.93
28	119.43
28.01	123.87
28.02	123.11
28.03	122.56
28.04	120.78
28.05	122.49
28.1	121.97
28.11	115.27
28.12	110.62
28.13	108.6
28.14	106.58
28.15	103.99
28.16	104.37
28.17	103.36
28.18	103.66
28.19	101.53
28.36	131.69
28.37	130.95
28.38	128.27
28.39	127.9
28.4	129.21
28.41	129.56
28.42	131.06
28.45	132.38
28.46	133.5
28.47	135.63
28.48	139.76
28.49	138.05
28.5	136.73
28.51	135.26
28.52	136.4
28.53	136.81
28.6	128.88
28.61	127.26
28.64	242.52
28.65	244.52
28.74	120.03
28.75	120.81
28.76	122.96
28.77	123.72
28.78	124.8
28.79	125.26
28.8	124.72
28.81	124.68
28.82	125.22
28.83	124.13
28.84	124.76
28.85	124.13
28.86	123.14
28.98	127.72
28.99	127.87
29	125.03
29.01	123.76
29.2	113.63
29.21	117.12
29.22	117.16
29.23	117.18
29.24	116.25
29.25	114.28
29.26	113.67
29.27	112.88
29.28	112.94
29.29	113.93
29.3	114.99
29.31	113.65
29.32	114.15
29.81	128.96
29.82	126.6
29.83	124.52
29.84	122.8
29.85	121.22
29.86	122.51
29.87	124.33
29.88	124.18
29.89	122.64
29.9	121.47
29.91	122.89
29.92	124.64
29.93	124.84
29.94	128.21
29.95	132.19
29.96	134.62
29.97	135.45
29.98	135.92
30.01	139.92
30.02	145.73
30.03	149.8
30.14	188.01
30.15	180.33
30.16	178.41
30.17	176.08
30.18	171.59
30.19	164.57
30.2	173.97
30.21	180.69
30.22	173.31
30.23	170.79
30.24	176
30.25	179.54
30.26	114.2
30.27	110.09
30.37	134.91
30.38	129
30.39	125.73
30.4	124.59
30.41	122.47
30.42	121.37
30.43	122.75
30.44	121.71
30.45	122.97
30.54	114.59
30.55	112.45
30.56	112.11
30.57	123.19
30.58	119.3
30.59	117.79
30.6	118.22
30.61	119.51
30.62	118.76
30.63	108.25
30.64	115.07
30.65	111.74
30.66	111.69
30.67	111.74
30.68	112.21
30.69	112.54
30.7	112.57
30.77	116.71
30.87	112.67
30.88	114.9
30.89	109.51
31.01	109.37
31.02	111.64
31.03	111.29
31.04	109.68
31.05	113.14
31.14	233.14
31.15	229.54
31.53	115.6
31.54	112.4
31.55	114.21
31.56	117.99
31.57	115.95
31.58	124.78
31.59	129.31
31.6	130.72
31.61	133.68
31.62	135.24
31.63	135.28
31.64	133.08
31.65	130.39
31.66	129.17
31.67	129.22
31.68	124.97
31.69	121.32
31.7	127.15
31.71	125.79
31.72	120.69
31.73	115.95
31.74	110.58
31.75	114.93
31.76	116.45
31.77	113.48
31.78	113.39
32.3	200.89
32.31	205.26
32.32	205.57
32.33	201.81
32.34	199.1
32.35	196.85
32.36	192.14
32.37	188.15
32.38	183.83
32.39	178.71
32.4	199.97
32.41	200.8
32.42	159.99
32.43	154.92
32.44	197.79
32.45	196.3
32.46	200.42
32.47	198.14
32.48	197.6
32.49	195.85
32.5	193.71
32.51	197.39
32.52	200.11
32.68	190.98
32.69	188.69
32.7	184.61
32.71	175.71
32.72	170.97
32.73	157.47
32.74	148.08
32.75	136.66
32.76	131.61
32.77	127.78
32.78	122.62
32.92	157.05
32.93	151.83
32.94	148.21
32.95	147
32.96	145.52
32.98	147.19
32.99	147.22
33	146.01
33.01	148.72
33.15	156.36
33.16	156.68
33.17	155.82
33.18	150.73
33.19	150.26
33.2	148.94
33.21	153.37
33.22	149.54
33.23	151.18
33.24	154.88
33.25	157.62
33.26	156.74
33.27	157.55
33.28	156.41
33.29	150.86
33.3	150.73
33.31	149.86
33.32	149.39
33.33	149.42
33.34	149.06
33.35	148.07
33.36	146.67
33.37	145.99
33.38	146.46
33.39	147.71
33.4	149.18
33.41	149.8
33.42	150.58
33.43	150.24
33.44	149.25
33.45	148.3
33.46	147.93
33.47	147.78
33.48	148.86
33.49	148.68
33.5	147.81
34.25	143.18
34.26	143.43
34.27	143.36
34.28	141.62
34.29	140.15
34.3	139.57
34.31	139.14
34.32	139.82
34.33	140.79
34.34	140.32
34.35	139.31
34.36	140.03
34.37	139.74
34.38	140.78
34.39	140.66
34.4	140.22
34.41	140.82
34.42	140.59
34.43	140.32
34.44	139.04
34.45	140.26
34.46	166.06
34.47	160.95
34.48	158.58
34.49	155.59
34.5	150.5
34.51	145.48
34.52	144.58
34.53	138.17
34.54	134.56
34.55	133.32
34.56	129.77
34.57	128.91
34.58	130.39
34.59	127.47
34.6	132.77
34.61	127.08
34.62	130.24
34.63	128.9
34.64	125.5
34.65	121.03
34.66	119.61
34.67	116.61
34.68	113.56
34.69	112.18
34.7	114.76
34.71	118.19
34.72	121.64
34.73	123.05
34.74	127.93
34.75	130.66
34.76	130.81
34.77	132.81
34.78	132.45
34.79	131.44
34.8	129.87
34.81	139.89
34.82	129.6
34.83	129.07
34.84	129.68
35.63	114.62
35.64	114.03
35.65	111.45
35.66	112.19
35.67	111.98
35.68	111.45
35.69	104.79
35.7	103.08
35.71	103.59
35.72	104.13
36	166.84
36.01	167.45
36.02	167.24
36.03	165.95
36.04	163.77
36.05	159.89
36.06	153.05
36.07	150.29
36.08	143.88
36.09	134.7
36.1	127.31
36.11	123.96
36.12	121.36
36.13	119.38
36.14	110.15
36.15	106.42
36.25	116.06
36.26	115.17
36.27	115.99
36.28	116.79
36.29	116.79
36.3	114.46
36.31	111.64
36.32	112.55
36.33	112.18
36.34	111.28
36.35	115.58
36.37	115.45
36.38	113.76
36.39	122.69
36.4	107.81
36.41	105.86
36.42	101.23
36.43	99.66
36.44	101.31
36.45	101.41
36.46	103.89
36.47	101.85
36.48	100.85
36.65	120.36
36.66	120.08
36.67	119.08
36.68	116.54
36.69	118.12
36.7	118.02
36.71	117.43
36.72	112.92
36.73	115.1
36.74	116.12
36.75	116.83
36.76	116.72
36.77	118.53
36.78	119.95
36.79	120.82
36.8	104.65
36.81	119.81
36.82	122.42
36.83	122.26
36.94	163.1
36.95	160.98
36.96	157.37
36.97	147.43
36.98	140.82
36.99	156.85
37	146.03
37.01	138.88
37.02	134.21
37.03	129.32
37.04	124.36
37.05	122.02
37.06	117.37
37.07	115.59
37.08	114.13
37.09	113.23
37.1	112.85
37.11	116.16
37.12	114.6
37.25	147.19
37.26	143.91
37.27	139.39
37.28	137.32
37.29	134.83
37.3	130.4
37.52	123.25
37.53	119.48
37.54	118.8
37.55	118.64
37.56	118.19
37.57	118.26
37.58	119.08
37.59	119.29
37.6	117.95
37.61	119.99
37.62	119.23
37.63	119.09
37.64	119.69
37.65	122.02
37.66	121.12
37.67	121.79
37.68	120.81
37.69	120.31
38.53	195.85
38.54	201.57
38.55	201.93
38.56	197.43
38.57	194.17
38.58	193.52
38.59	194.04
38.6	193.78
38.61	190.54
38.62	187.31
38.63	186.06
38.64	183.8
38.65	180.44
38.66	176.56
38.67	174.5
38.68	169.41
38.69	163.97
38.7	157.66
38.81	128.47
38.82	128.92
38.91	129.76
38.92	135.44
38.93	133.08
38.94	129.49
38.95	129.73
38.96	130.14
38.97	134.94
38.98	131.92
38.99	129.77
39	129.12
39.01	125.82
39.02	124.73
39.03	124.59
39.04	123.69
39.05	124.38
39.06	125.72
39.07	124.75
39.08	125.53
39.09	125.79
39.1	127.52
39.11	127.72
39.12	125.62
39.13	123.12
39.14	124.2
39.15	125.69
39.16	126.08
39.17	127.65
39.18	128.45
39.25	117.8
39.26	114.86
39.27	115.97
39.28	115.44
39.29	116.92
39.3	119.87
39.31	120.2
39.32	120.88
39.33	121.72
39.36	242.45
39.37	238.86
39.48	94.97
39.49	98.25
39.5	94.86
39.51	101.65
39.52	96.66
39.53	111.43
39.54	93.63
39.55	122.32
39.56	95.94
40.66	162.78
40.67	170.68
40.68	172.86
40.69	170.58
40.7	171.51
40.71	170.86
40.72	171.2
40.73	171.47
40.74	169.33
40.75	166.56
40.76	163.41
40.77	161.61
40.78	151.05
40.79	158.12
40.8	164.38
40.81	162.75
40.82	164.59
40.83	164.26
40.84	164.62
40.85	164.73
40.89	157.9
40.9	164.62
40.91	164.25
40.92	160.65
40.93	154.14
40.94	154.59
40.95	147.47
40.96	144.25
40.97	139.02
40.98	137.46
40.99	134.73
41	136.84
41.01	128.89
41.02	128.54
41.03	123.47
41.04	119.59
41.05	124.4
41.06	119.11
41.07	119.7
41.08	118.44
41.09	118.07
41.1	118.4
41.11	122.48
41.12	118.17
41.13	117.66
41.19	135.82
41.2	134.68
41.21	131.9
41.22	131.65
41.23	131
41.24	128.96
41.25	134.26
41.26	131.3
41.27	130.99
41.36	137.43
41.37	135.68
41.38	148.38
41.39	145.19
41.4	146.18
41.41	146.08
41.42	145.21
41.43	140.38
41.44	136.84
41.45	137.99
41.46	139.86
41.47	138.19
41.48	138.59
41.49	137.5
41.5	139.16
41.51	138.29
41.52	138.89
41.53	139.83
41.54	137.02
41.55	137.2
41.56	140.33
41.57	138.67
41.58	138.3
41.62	143.26
41.63	143.53
41.64	137.81
41.65	134.03
41.66	135.71
41.67	131.85
41.68	126.58
41.69	123.87
41.7	120.21
41.71	117.86
41.72	117.7
41.73	117.01
41.74	116.67
41.75	116.76
41.76	116.62
41.77	117.42
41.78	116.94
41.79	111.82
42.02	192.84
42.03	188.76
42.04	186.25
42.05	183.92
42.06	180.84
42.07	176.21
42.08	176.5
42.09	167.33
42.38	129.3
42.39	123.42
42.4	122.25
42.41	116.09
42.42	115.49
42.43	114.07
42.44	113.71
42.45	112.61
42.46	108.47
42.47	111.37
43	119.06
43.01	113.29
43.02	111.48
43.03	113.13
43.04	114.88
43.05	116.5
43.06	117.13
43.07	117.87
43.08	117.23
43.09	117.36
43.1	117.95
43.11	117.92
43.12	117.55
43.13	118.89
43.14	124.57
43.15	126.56
43.16	128.03
43.17	128.38
43.18	132.02
43.19	136.91
43.2	148.72
43.21	153.29
43.22	147.12
43.23	142.56
43.24	139.6
43.25	138.15
43.4	190.02
43.41	188.39
43.42	185.12
43.43	181.5
43.44	177.4
43.45	174.54
43.46	165.72
43.47	164.15
43.48	162.43
43.87	107.17
43.88	96.3
43.89	94.75
43.9	97.57
43.91	98.55
43.92	98.91
43.93	98.66
44.09	111.46
44.1	112.33
44.11	115.37
44.12	117.83
44.13	117.63
44.14	115.64
44.15	119.49
44.16	119.37
44.22	120.67
44.23	122.18
44.24	119
44.25	115.59
44.26	110.72
44.27	109
44.28	101.64
44.29	100.2
44.3	97.92
44.31	99.12
44.51	101.95
44.52	99.99
44.53	99.92
44.54	99.67
44.55	110.73
44.56	106.18
44.57	100.06
46.3	109.19
46.31	112.25
46.32	131.62
46.33	125.55
46.34	124.4
46.35	125.05
46.36	122.91
46.37	123.24
46.38	122.62
46.39	121.59
46.4	118.41
46.41	118.11
46.42	116.07
46.43	115.88
46.44	115.86
46.45	114.57
46.46	114.82
46.47	116.48
46.48	115.97
46.49	116.66
46.5	118.15
46.51	117.24
46.52	118.31
46.53	118.96
46.54	124.12
46.55	125.42
46.59	131.24
46.6	139.52
46.61	142.45
46.62	144.08
46.63	149.04
46.64	151.93
46.65	151.36
46.66	151.5
46.69	178.83
46.7	188.15
46.71	198.05
46.72	201.98
46.73	202.87
46.74	205.23
46.75	205.62
46.76	201.65
46.77	199.05
46.78	187.61
46.79	190.28
46.8	189.02
46.83	199.6
46.84	204.07
46.85	204.33
46.86	203.52
46.87	200.28
46.88	203.5
46.89	197.86
46.96	134.15
46.97	135.31
46.98	132.8
47.03	156.84
47.04	154.23
47.05	149.73
47.06	148.16
47.07	147.36
47.08	148.29
47.09	149.92
47.1	150.16
47.11	149.32
47.12	150.05
47.13	150.81
47.14	152.7
47.15	159.95
47.16	161.24
47.17	160.33
47.18	158.55
47.19	158.2
47.2	155.84
47.21	156.06
47.22	159.49
47.23	149.72
47.31	112.26
47.32	112.32
47.33	113.67
47.34	115.94
47.35	117.85
47.36	121.25
47.37	124
47.38	126.81
47.39	129.03
47.4	128.83
47.41	126.29
47.42	129.65
47.43	133.51
47.44	133.37
47.45	134.08
47.48	182.14
47.49	176.13
47.5	177.48
47.51	177.65
47.52	176.32
47.53	173.02
47.54	169.25
47.55	166.77
47.56	162.25
47.57	168.99
47.58	168.49
47.59	169.48
47.6	168.96
47.61	161.62
47.62	142.57
47.63	135.52
47.64	129.59
47.65	125.83
47.66	123.21
47.67	121.81
47.68	123.58
47.69	124.82
47.7	125.47
47.71	128.02
47.72	130.12
47.73	130.15
47.74	132.06
47.75	133.51
47.76	137.46
47.77	139.34
47.78	142.74
47.79	139.7
47.8	144.81
47.81	147.25
47.82	148.61
47.83	144.9
47.84	138.19
47.85	132.94
47.86	130.26
47.87	125.49
47.88	118.51
47.89	113.4
47.9	111.78
47.91	111.21
47.92	110.64
47.93	110.82
48.11	173.69
48.12	172.22
48.13	173.67
48.14	172.82
48.15	169.79
48.16	167.12
48.17	161.5
48.18	157.85
48.19	153.82
48.2	149.21
48.28	131.83
48.29	127.94
48.3	128.82
48.31	130.23
48.32	127.81
48.41	140.11
48.42	137.52
48.43	135.2
48.44	133.16
48.45	131.96
48.46	130.61
48.47	130.44
48.48	130.06
48.49	130.75
48.5	130.27
48.51	130.31
48.52	131.13
48.53	130.87
48.54	128.03
48.55	130.17
48.56	132.26
48.57	134.26
48.64	148.52
48.65	146.03
48.66	143.2
48.67	138.34
48.68	135.15
48.69	133.98
48.7	133.6
48.71	129.67
48.72	129.31
48.73	98.81
48.74	133.53
48.75	133.23
48.76	137.17
48.77	131.78
48.78	134.67
48.94	122.67
48.95	115.63
48.96	116.87
48.97	121.53
48.98	126.23
48.99	126.42
49	127.03
49.01	126.68
49.02	125.66
49.03	128.93
49.11	146.52
49.12	144.34
49.13	135.97
49.14	131.62
49.15	126.36
49.16	122.74
49.17	119.08
49.18	114.28
49.19	111.11
49.2	110.55
49.21	110.2
49.22	109.77
49.23	110.67
49.26	110.3
49.27	109.63
49.28	111.99
49.31	112.18
49.32	111.12
49.33	111.5
49.38	135.36
49.39	127.09
49.4	125.79
49.41	125.44
49.42	125.34
49.43	125.31
49.44	123.65
49.45	123.2
49.46	122.76
49.47	122.86
49.48	122.92
49.49	124.47
49.5	124.37
49.51	123.84
49.52	122.31
49.53	122.55
49.54	122.68
49.55	122.33
49.56	112.35
49.57	112.51
49.58	118.77
49.59	116.72
49.6	116.27
49.61	122.11
49.62	119.32
49.63	116.55
49.64	117.11
49.65	118.27
49.66	118.04
49.67	120.52
49.72	131.18
49.73	135.61
49.74	136.18
50.59	120.52
50.6	118.61
50.61	115.2
50.62	115.4
50.63	116.51
50.64	114.13
50.65	115.83
50.66	115.78
50.67	117.91
50.68	119.38
50.69	121.68
50.71	121.07
50.72	121.34
50.73	123.62
50.89	157.5
50.9	153.58
50.91	149.21
50.92	146.19
50.93	144.25
50.94	140.44
50.95	136.95
50.96	134.12
50.97	132.13
50.98	128.57
50.99	124.28
51	124.5
51.01	120.68
51.15	140.25
51.16	134.27
51.17	131.57
51.18	130.17
51.19	129.62
51.2	128.53
51.21	126.78
51.25	110.43
51.26	112.1
51.27	111.6
51.28	111.24
51.29	112.17
51.3	112.28
51.31	110.7
51.32	110.92
51.33	110.12
51.34	110.82
51.35	111.89
51.36	112.24
51.37	110.85
51.38	110.5
51.42	119.54
51.43	116.84
51.44	115.88
51.45	115.17
51.46	114.14
51.47	115.61
51.48	115.23
51.49	115.52
51.5	115.85
51.51	114.52
51.52	116.27
51.53	115.98
51.54	116.41
51.55	116.46
51.56	116.21
51.57	116.65
51.58	113.7
51.59	114.32
51.65	112.94
51.66	109.8
51.67	106.21
51.68	100.78
51.69	99.91
51.7	102.81
51.71	100.76
51.72	100.35
51.73	101.89
51.74	100.34
51.75	101.56
51.76	101.64
51.85	108.08
51.86	109.49
51.87	108.65
51.88	108.68
51.89	108.73
51.97	117.71
51.98	115.29
51.99	117.37
52	117.1
52.01	119.02
52.02	119.96
52.03	118.94
52.04	117.19
52.13	121.64
52.14	115.85
52.15	113.36
52.16	110.54
52.17	110.16
52.18	109.44
52.19	109.78
52.2	107.19
52.21	108.03
52.22	106.1
52.23	105.38
52.37	111.69
52.38	112.04
52.39	110.74
52.4	110.23
52.41	110.49
52.42	111.8
52.46	112.72
52.47	112.74
52.48	112
52.49	111.86
52.5	111.41
52.51	111.5
52.52	111.48
52.67	112.51
52.68	113.58
52.69	107.48
52.7	109.71
53.21	136.21
53.22	131.82
53.23	126.37
53.24	119.65
53.25	115.33
53.26	114.92
53.27	111.63
53.28	112.75
53.29	111.84
53.3	113.39
53.31	113.26
53.32	112.4
53.33	113.91
53.34	110.17
53.92	117.44
53.93	117.47
53.94	118.55
53.95	120.2
53.96	122.3
53.97	122.89
53.98	124.61
53.99	123.97
54	124.17
54.01	127.77
54.02	132.3
54.03	125.68
54.04	126.28
54.21	129.18
54.22	129.47
54.23	131.06
54.4	164.54
54.41	163.31
54.42	161.19
54.43	161.17
54.44	157.77
54.45	157.94
54.46	161.41
54.47	160.87
54.48	163.21
54.49	164.18
54.58	107.81
54.59	105.59
54.68	107.1
54.69	106.38
54.7	99.77
54.71	99.56
54.72	102.66
54.73	100.93
54.74	103.36
54.75	103.55
54.76	104.16
54.77	104.05
54.78	104.22
54.79	105.73
54.8	105.75
54.81	108.05
54.82	103.89
54.83	103.31
54.84	104.09
54.85	105.81
54.86	106.13
54.87	109.32
54.88	108.73
54.89	107.11
54.9	105.17
54.91	105.52
54.92	104.78
54.93	104.83
54.94	103.27
54.95	106.06
54.96	104.55
54.97	104.78
55.09	110.03
55.1	103.32
55.11	108.08
55.12	105.57
55.13	108.74
55.14	105.87
55.15	107.88
55.16	107.44
55.17	108.9
55.18	109.64
55.82	117.66
55.83	116.73
55.84	115.83
55.85	114.53
55.86	112.9
55.87	112.88
55.88	114.87
55.98	111.03
55.99	111.27
56	106.54
56.01	133.43
56.02	134.09
56.03	124.84
56.15	112.9
56.16	112.43
56.17	111.14
56.18	111.19
56.19	111.17
56.79	165.28
56.8	159.23
56.81	158.89
56.82	156.34
56.83	153.67
56.84	153.23
56.85	147.66
56.86	154.79
56.87	152.76
56.88	149.33
56.89	151.53
56.9	145.89
56.91	150.01
56.92	155.52
57.03	144
57.04	140.33
57.05	138.85
57.06	136.69
57.07	135.41
57.08	134.88
57.09	134.68
57.1	132.72
57.11	132.17
57.12	131.66
57.13	130.39
57.14	129.52
57.15	127.53
57.16	126.27
57.17	124.69
57.18	122.88
57.19	121.25
57.2	119.26
57.49	151.82
57.5	148.79
57.51	147.1
57.52	142.08
57.53	143.25
57.54	143.02
57.55	149.64
57.56	146.72
57.57	160.58
57.58	163.44
57.59	163.2
57.6	162.75
57.61	161.94
57.62	160.41
57.63	157.93
57.64	157.63
57.65	156.55
57.68	151.97
57.69	149.88
57.7	143.83
57.71	142.13
57.72	139.45
57.73	137.97
57.74	136.79
57.75	135.66
57.76	134.51
57.77	132.9
57.78	133.72
57.79	133.08
57.8	129.24
57.81	132.32
57.82	132.43
57.83	134.76
57.84	136.38
57.85	137.81
57.86	139.79
57.87	164.8
57.88	168.13
57.89	173.87
57.9	177.68
57.91	170.93
57.92	172.01
57.93	172.77
57.94	172.85
57.95	171.67
57.96	168.82
57.97	167.41
57.98	164.72
57.99	161.59
58	154.42
58.01	154.77
58.02	109.29
58.03	110.78
58.04	133.13
58.05	132.14
58.06	98.31
58.07	126.68
58.08	124.28
58.09	123.05
58.32	154.09
58.33	150.3
58.34	145.43
58.35	138.95
58.36	135.28
58.37	131.85
58.38	129.33
58.85	169.44
58.86	166.53
58.87	166.84
58.88	165.56
58.89	162.61
58.9	162.06
58.91	163.13
58.92	164.44
58.93	164.81
58.94	172.49
58.95	177.27
58.96	178.47
58.97	178.12
58.98	178.3
58.99	179.09
59	177.7
59.01	177.24
59.02	176.89
59.03	177.18
59.04	177.12
59.05	176.43
59.06	178.13
59.07	175.95
59.08	168.74
59.09	162.6
59.1	158.03
59.11	153.18
59.12	148.57
59.13	144.2
59.14	140.36
59.15	135.72
59.16	140.64
59.17	141.76
59.18	141.89
59.19	142.94
59.2	147.9
59.21	156.15
59.22	164.78
59.23	166
59.24	177.62
59.25	177.16
59.26	178.61
59.27	179.31
59.28	178.34
59.29	176.08
59.3	173.19
59.31	168.28
59.32	164.6
59.33	156.84
59.34	149.95
59.35	147.4
59.36	143.45
59.51	149.3
59.52	144.28
59.53	140.28
59.54	136.41
59.55	134.54
59.56	133.75
59.61	120.79
59.62	120.73
59.63	120.25
59.64	125.57
59.65	119.98
59.66	119.45
59.72	129.86
59.73	125.79
59.74	123.93
59.75	122.32
59.76	119.3
59.77	119.36
59.78	119.74
59.79	120.29
59.8	120.78
59.81	121.46
59.82	120.81
59.83	120.37
59.84	121.15
59.85	120.86
59.86	119.91
59.87	120.67
59.88	120.39
59.89	119.87
59.9	118.83
59.91	118.89
59.92	117.67
59.93	117.57
59.94	116.34
59.95	116.66
59.96	116.35
59.97	117.02
59.98	117.7
59.99	117.91
60	119.04
60.01	119.3
60.02	118.98
60.2	119.66
60.21	118.43
60.22	114.4
60.23	113.6
60.24	110.2
60.25	108.85
60.58	123.91
60.59	123.44
60.6	121
60.61	119.3
60.62	119.91
60.63	122.68
60.64	124.29
60.65	121.9
60.66	121.9
60.76	161.61
60.77	161.74
60.78	148.06
60.79	139.57
60.8	133.33
60.81	127.74
63.91	130.96
63.92	128.87
63.93	127.52
63.94	127.39
63.95	124.23
63.96	127.1
63.97	125.73
63.98	124.5
63.99	127.17
64.07	139.58
64.08	138.92
64.09	136.72
64.1	132.83
64.11	130.53
64.12	127.57
64.13	127.78
64.14	127.03
64.15	124.5
64.16	125.45
64.17	126.58
64.31	126.34
64.32	125.07
64.33	123.79
64.34	125.1
64.35	126
64.36	125.8
64.37	125.83
64.38	124.29
64.39	124.97
64.55	157.62
64.56	157.04
64.57	154.04
64.58	149.12
64.59	141.81
64.6	136.49
64.61	131.51
64.62	123.96
64.63	121.38
64.64	114.44
66.17	193.15
66.18	194.81
66.19	190.13
66.2	188.25
66.21	185.52
66.22	184.71
66.23	183.69
66.24	183.44
66.25	182.73
66.26	183.79
66.27	184.84
66.28	186.8
66.29	188.94
66.3	187.5
66.31	186.42
66.32	185.69
66.33	185.46
66.34	185.47
66.35	184.51
66.36	187.32
66.37	185.62
66.38	185.5
66.39	184.91
66.4	183.77
66.41	184.18
66.42	183.73
66.43	183.7
66.44	185.39
66.45	186.13
66.46	184.85
66.47	183.61
66.48	183.29
66.49	181.15
66.5	181.55
66.51	180.54
66.52	180.05
66.53	181.72
66.54	182.11
66.55	181.98
66.56	182.31
66.57	182.07
66.58	178.45
66.59	178.2
66.6	180.51
66.61	177.75
66.62	179.11
66.63	176.13
66.64	175.43
66.65	173.96
66.66	173.76
66.67	172.47
66.68	173
66.69	174.38
66.7	174.13
66.71	173.87
66.72	173.38
66.73	171.39
66.74	170.68
66.75	172.2
66.76	173.08
66.77	170.43
66.78	170.86
66.79	171.06
66.8	170.43
66.81	169.67
66.82	169
66.83	166.73
67.4	138.04
67.41	135.54
67.42	133.95
67.43	133.66
67.44	135.03
67.45	136.31
67.46	135.81
67.47	134.56
67.48	134.63
67.49	137.07
67.5	138.8
67.51	142.03
67.52	142.52
67.53	141.72
67.54	142.71
67.55	146.94
67.56	152.71
67.57	166.38
67.58	165.96
67.59	162.41
67.6	163.4
67.61	163.15
67.62	162.56
67.63	162.6
67.64	164.12
67.65	166.59
67.66	166.37
67.67	163.02
67.68	164.59
67.69	164.59
67.7	161.06
67.71	160.52
67.72	159.25
67.79	212.01
67.8	203.6
67.81	198.59
67.82	197.25
67.83	194.06
67.84	190.16
67.85	187.88
67.86	183.2
67.87	183.32
67.88	177.8
67.89	167.07
67.9	164.66
67.91	160
68.14	127.2
68.15	126.35
68.16	124.99
68.17	123.49
68.18	122.08
68.19	120.98
68.2	117.41
68.21	116.58
68.22	113.23
68.23	109.77
68.24	110.85
68.25	105.97
68.26	112.82
68.27	109.04
68.28	108.02
68.29	109.36
68.3	109.39
68.31	108.29
68.32	109.7
68.33	109.54
68.34	111.21
68.69	173.38
68.7	168.04
68.71	166.1
68.72	163.78
68.73	161.32
68.74	159.83
68.75	156.46
69.04	130.28
69.05	127.31
69.06	124.25
69.07	121.05
69.08	121.56
69.09	121.22
69.1	121.61
69.11	121.82
69.12	123.74
69.13	124.57
69.14	124.73
69.15	122.48
69.16	123.95
69.17	122.69
69.18	123.7
69.19	124.23
69.2	124.3
69.21	123.38
69.22	122.99
69.23	125.06
69.24	125.95
69.28	123.18
69.29	116.97
69.3	112.29
69.31	107.23
69.32	101.8
69.33	95.11
69.34	94.26
69.35	93.08
69.71	115.24
69.72	114.62
69.73	112.88
69.74	112.57
69.75	112.49
69.76	111.21
69.77	109.16
69.78	109.11
69.79	107.56
69.8	107.34
69.81	109.7
69.82	109.86
69.83	109.03
69.84	110.97
69.85	110.52
69.86	110.05
69.87	109.73
69.88	111.06
69.89	108.87
69.9	104.48
69.91	102.88
69.92	103.52
69.93	108.91
69.94	108.05
69.95	108.34
69.96	108.68
70.01	116.37
70.02	119.73
70.03	119.51
70.04	124
70.05	113.01
70.23	170.43
70.24	167.37
70.25	165.79
70.26	163.08
70.27	158.45
70.28	149.45
70.33	98.98
70.34	96.14
70.35	119.13
70.36	115.93
70.37	116.06
70.38	111.15
70.39	111.82
70.4	109.38
70.41	104.39
70.42	100.12
70.66	95.04
70.67	96.41
70.68	97.12
70.69	98.24
70.7	100.46
70.71	100.54
70.83	124.25
70.84	125.75
70.85	123.27
70.86	122.96
70.87	122.71
70.88	121.35
70.89	118.82
70.9	114.8
71.06	98.7
71.07	101.74
71.08	104.7
71.09	105.62
71.1	106.63
71.11	105.88
71.12	106.91
71.32	137.88
71.33	135.35
71.34	133.4
71.35	134.88
71.36	134.29
71.37	134
71.38	132.97
71.39	133.06
71.4	132.62
71.41	132.61
71.57	146.77
71.58	143.04
71.59	142.71
71.6	137.28
71.61	133.72
71.62	130.46
71.63	126.48
71.64	123.14
71.65	116.91
71.66	118.59
71.67	111.06
71.68	110.76
71.69	113.16
71.7	112.84
72.08	146.43
72.09	138.67
72.1	131.62
72.11	130.88
72.12	136.46
72.13	145.55
72.14	149.59
72.15	134.78
72.16	126.61
72.17	120.53
72.18	117.69
72.19	113.86
72.2	110.32
72.21	110.34
72.22	111.62
72.23	112.28
72.24	110.45
72.25	100.26
72.26	107.37
72.27	108.9
72.28	110.11
72.29	111.81
72.3	111
72.31	110.83
72.5	204.92
72.51	202.07
72.52	197.71
72.53	194.5
72.54	188.87
72.55	182.02
72.56	176.46
72.57	180.8
72.58	105.6
72.59	103.2
72.6	99.84
72.68	128.43
72.69	127.47
72.7	126.94
72.71	126.66
72.72	126.24
72.73	122.44
72.74	124.74
72.75	188.62
72.76	189.43
72.9	171.08
72.91	161.55
72.92	158.13
72.93	154.58
72.94	152.65
72.95	145.39
72.96	135.29
72.97	129.54
72.98	127.57
73.04	203.74
73.05	201.13
73.14	153.88
73.15	151.26
73.16	149.02
73.17	152.61
73.18	152.02
73.19	150.21
73.2	148.84
73.21	148.06
73.22	147.29
73.23	142.46
73.24	135.89
73.25	133.67
73.26	132.61
73.27	129.95
73.28	140.61
73.29	143.42
73.39	143.45
73.4	144.35
73.41	141.01
73.42	134.36
73.43	133.28
73.44	131.79
73.45	131.88
73.46	129.42
73.47	119.71
73.48	126.5
73.49	123.4
73.5	119.65
73.51	121.15
73.52	120.87
73.53	118.76
73.55	123.38
73.56	122.57
73.57	126.21
73.58	133.82
73.59	130.16
73.6	129.66
73.61	130.33
73.62	130.92
73.63	130.69
73.64	130.14
73.65	126.52
73.66	129.35
73.67	127.54
73.68	123.34
73.69	122.94
73.7	118.56
73.71	114.91
73.72	111.01
73.73	109.99
73.74	113.15
73.75	112.66
74.16	162.32
74.17	159.03
74.18	157.3
74.19	156.25
74.2	155.26
74.21	156.4
74.22	156.44
74.23	156.51
74.24	160.52
74.25	162.36
74.26	157.19
74.27	157.06
74.28	158.11
74.29	159.35
74.3	159.72
74.31	159.63
74.32	159.2
74.33	159.05
74.34	158.79
74.35	158.99
74.36	160.59
74.37	162.91
74.38	166.95
74.39	163.71
74.4	164.54
74.41	164.09
74.42	163.11
74.43	162.4
74.44	161.59
74.45	160.33
74.46	158.76
74.47	157.47
74.48	154.52
74.49	150.21
74.5	144.95
74.51	146.31
74.52	147.3
74.53	137.12
74.62	229.57
74.63	231.64
74.64	235.93
74.93	154.1
74.94	147.8
74.95	142.42
74.96	136.93
74.97	133.34
74.98	132
75	128.86
75.01	122.83
75.02	125.31
75.03	128.16
75.04	129.6
75.05	126.44
75.06	125.32
75.07	122.73
75.08	120.72
75.3	119.16
75.31	118.27
75.32	118.36
75.33	118.38
75.69	143.09
75.7	140.17
75.71	139.04
75.72	139.42
75.73	136.62
75.74	133.99
75.75	129.52
75.9	136.49
75.91	137.6
75.92	137.46
75.93	137.42
75.94	138.24
75.95	138.72
75.96	137.75
75.97	137.56
75.98	137.23
75.99	135.68
76	134.64
76.01	135.31
76.02	133.72
76.03	132.08
76.13	124.41
76.14	119.84
76.15	122.64
76.16	126.62
76.17	127.89
76.18	127.94
76.19	128.06
76.2	129.2
76.21	130.59
76.22	131.17
76.23	130.81
76.26	131.13
76.27	133.27
76.28	134.84
76.29	137.47
76.3	140.38
76.31	141.63
76.32	143.4
76.33	146.06
76.34	145.51
76.35	147.77
76.36	147.76
76.37	145.9
76.38	142.23
76.39	137.75
76.4	138.05
76.41	145.47
76.42	144.43
76.43	144.78
76.44	136.78
76.45	135.74
76.51	136.8
76.52	133.37
76.53	131.03
76.54	135.17
76.55	131.61
76.56	124.58
76.57	123.91
76.58	122.59
76.59	123.92
76.6	122.71
76.61	120.45
76.78	128.92
76.79	131.3
76.8	134.84
76.81	136.75
76.82	139.9
76.83	143.78
76.84	146.99
76.85	148.93
76.86	144.23
76.87	144.48
76.88	140.63
76.89	138.29
76.9	134.59
76.91	129.83
76.92	121.36
76.93	123.2
76.94	124.16
76.95	126.96
76.96	130.75
77.45	120.91
77.46	118.83
77.47	118.25
77.48	114.66
77.49	117.01
77.71	108.44
77.72	108.31
77.73	107.8
78.29	104.36
78.3	108.24
78.31	109.87
78.32	115.66
78.33	116.23
78.34	116.53
78.35	115.69
78.36	116.86
78.37	117.39
78.38	118.81
78.39	117.74
78.4	112.91
78.41	114.78
78.42	117.24
78.43	117.71
78.44	118.54
78.54	145.07
78.55	132.59
78.56	130.04
78.57	127.35
78.58	127.04
78.59	125.93
78.6	124.41
78.61	122.55
78.62	120.45
79.07	124.68
79.08	120.56
79.09	112.63
79.1	110.3
79.11	108.85
