time	f0
0.705	183.45
0.715	185.17
0.725	190.24
0.735	193.59
0.745	200.4
0.755	201.7
0.765	198.83
0.775	201.97
0.785	203.29
0.795	204.26
0.805	195
0.815	187.75
0.825	194.17
0.835	193.78
0.845	211.44
0.855	201.33
0.865	199.34
0.875	195.09
0.885	196.94
0.895	196.16
0.905	195.24
0.915	197.25
0.925	194.48
0.935	195.38
0.945	195.68
0.955	195.89
0.965	189.61
0.975	193.55
0.985	190.34
0.995	194.22
1.005	202.28
1.015	207.63
1.025	216.06
1.035	211.46
1.045	212.08
1.055	212.8
1.065	214.61
1.075	215.16
1.085	216.91
1.095	214.29
1.105	216.67
1.115	222.45
1.125	216.03
1.135	224.18
1.145	223.4
1.155	218.26
1.165	221.52
1.175	216.65
1.185	215.22
1.195	218.22
1.205	205.24
1.215	220.04
1.225	225.41
1.235	228.54
1.245	229.96
1.255	240.39
1.265	232.09
1.275	226.5
1.285	226.27
1.295	223.3
1.305	222.17
1.315	218.84
1.325	217.03
1.335	216.83
1.345	210.09
1.355	217.06
1.365	216.9
1.375	215.8
1.385	215.65
1.395	215.69
1.405	213.13
1.415	209.24
1.425	207.51
1.435	206.09
1.445	205.29
1.455	206.26
1.465	204.2
1.485	207.97
1.495	210.86
1.505	209.57
1.595	215.72
1.605	216.57
1.615	215.1
1.625	215.87
1.635	219.61
1.645	221.98
1.655	227.8
1.665	231.66
1.675	238.14
1.685	243.94
1.695	231.26
1.705	229.8
1.715	227.5
1.725	219.21
1.735	229.54
1.745	231.45
1.815	255.4
1.825	234.96
1.835	231.8
1.845	230.1
1.855	226.59
1.865	224.93
1.875	224.57
1.885	222.18
1.895	224.15
1.905	222.01
1.915	227.81
1.965	210.82
1.975	207.37
1.985	203.17
1.995	197.1
2.005	194.67
2.015	182.23
2.025	179.68
2.035	183.63
2.045	193.76
2.055	193.6
2.065	191.9
2.075	195.07
2.085	202.23
2.095	203.25
2.105	205.54
2.115	206.73
2.125	209.63
2.135	211.69
2.145	213.72
2.155	209.85
2.165	216.51
2.175	220.3
2.185	221.33
2.195	220.28
2.205	218.49
2.215	215.47
2.225	213.99
2.235	214.02
2.245	218.79
2.255	228.31
2.265	231.98
2.275	231.72
2.285	226.56
2.295	222.79
2.305	219.11
2.315	218.65
2.325	214.1
2.335	212.18
2.345	208.15
2.355	207.18
2.365	206.63
2.375	203.23
2.385	205.42
2.395	205.02
2.405	205.16
2.415	205.62
2.425	206.96
2.435	203.94
2.445	203.19
2.455	204.8
2.465	202.76
2.475	203.21
2.485	206.73
2.495	202.74
2.635	266.13
2.645	257.81
2.655	253.97
2.665	249.73
2.675	244.21
2.685	246.19
2.695	243.42
2.705	247.7
2.715	245.67
2.725	231.2
2.735	228.54
2.745	229.08
2.755	229.67
2.765	221.98
2.775	225.14
2.785	218.68
2.795	214.29
2.805	212.03
2.815	211.52
2.825	212.07
2.835	211.51
2.845	212.93
2.855	213.25
2.865	213.15
2.875	224.21
2.885	221.37
2.895	228.47
2.905	230.12
2.915	226.13
2.925	221.24
2.935	220.62
2.945	226.77
2.955	209.21
2.965	211.79
2.975	215.32
3.045	220.06
3.055	216.9
3.065	215.14
3.075	207.27
3.085	294.34
3.095	302.02
3.125	182.07
3.135	206.46
3.145	206.34
3.155	203.21
3.165	200.41
3.175	195.78
3.185	190.49
3.195	194.57
3.205	198.72
3.215	200.1
3.225	201.44
3.235	199.37
3.245	205.09
3.255	203.34
3.265	205.1
3.275	205.52
3.285	207.75
3.295	205.22
3.305	210.89
3.315	207.14
3.325	205.38
3.335	207.14
3.345	204.22
3.355	202.03
3.365	203.98
3.375	202.49
3.385	199.8
3.395	202.97
3.455	298.12
3.465	204.23
3.475	205.11
3.485	200.33
3.495	197.54
3.505	195.6
3.515	195.9
3.525	194.53
3.535	190.66
3.545	191.82
3.555	194.04
3.565	198.8
3.575	197.07
3.585	187.89
3.595	184.22
3.785	205.93
3.795	209.47
3.805	207.04
3.815	207.19
3.825	204.61
3.835	206.78
3.845	206.2
3.855	209.12
3.865	207.41
3.875	207.03
3.885	207.1
3.945	248.78
3.955	269.26
3.965	279.71
3.975	292.81
4.005	265.93
4.045	307.73
4.055	276.55
4.065	296.48
4.075	307.65
4.085	320.72
4.095	290.35
4.105	262.14
4.165	256.57
4.175	244.97
4.195	275
4.205	277.18
4.215	265.57
4.225	272.65
4.275	279.74
4.285	270.02
4.295	266.36
4.305	281.4
4.315	253.06
4.325	283.38
4.335	292.76
4.345	296.46
4.475	230.98
4.485	225.2
4.495	222.82
4.505	222.9
4.515	222.67
4.525	220.08
4.535	218.66
4.715	206.12
4.725	202.3
4.755	210.13
4.765	213
4.775	209.47
4.785	209.19
4.795	208.99
4.805	208.95
4.815	207.35
4.825	206.96
4.835	206.54
4.845	205.43
4.855	206.12
4.865	205.8
4.875	208.54
4.985	239.71
4.995	234.71
5.005	244.31
5.015	241.22
5.025	237.56
5.035	240.54
5.045	238.96
5.055	238.25
5.065	234.5
5.075	234.53
5.085	235.31
5.095	232.59
5.105	232.49
5.115	224.68
5.125	223.11
5.135	219.96
5.145	231.08
5.155	204.32
5.165	202.9
5.175	191.93
5.185	185.87
5.195	184.69
5.205	196.22
5.215	189.01
5.825	279.71
5.835	328.34
5.845	289.79
5.855	222.68
5.865	222.45
5.875	243.64
5.885	207.4
5.895	226.61
5.905	215.76
5.915	202.26
5.925	209.09
5.935	197.2
5.945	206.35
5.955	207.2
5.965	213.81
5.975	215.37
5.985	216.72
5.995	234.39
6.005	241.23
6.015	245.71
6.025	249.83
6.035	249.29
6.045	250.05
6.055	252.24
6.065	249.66
6.075	247.6
6.085	240.55
6.095	261.11
6.105	218.99
6.115	229.27
6.125	250.44
6.135	249.43
6.145	236.92
6.155	237.28
6.165	238.05
6.175	212.63
6.235	268.26
6.245	234.6
6.255	242.62
6.265	290.12
6.275	317.82
6.285	205.38
6.295	204.52
6.305	198
6.315	197.49
6.325	200.11
6.335	196.02
6.345	197.26
6.355	192.95
6.365	186.09
6.375	192.07
6.385	195.64
6.395	205.03
6.405	216.91
6.415	219.43
6.425	220.61
6.435	220.62
6.445	218.9
6.455	217.41
6.465	216.41
6.475	214.11
6.485	214.19
6.495	210.99
6.505	207.79
6.515	201.77
6.525	207.43
6.535	210.25
6.545	204.18
6.555	199.28
6.565	199.94
6.635	221.23
6.645	216.74
6.655	226.12
6.665	221.05
6.675	214.93
6.685	219.8
6.695	220.64
6.705	215.38
6.715	209.23
6.725	208.49
6.735	208.16
6.745	208.31
6.755	205.43
6.765	202.21
6.775	207.74
6.785	210.97
6.795	211.69
6.805	209.76
6.815	213.01
6.825	170.42
6.835	169.56
6.845	248.15
6.855	267.69
6.865	335.11
6.875	296.96
6.885	273.37
6.895	297.88
6.905	189.56
6.915	187.85
6.925	185.51
6.935	187.87
6.945	184.06
7.165	202.02
7.175	195.27
7.185	191.27
7.195	195.57
7.205	191.1
7.215	194.92
7.225	194.66
7.235	190.34
7.245	193.16
7.255	197.65
7.265	197.72
7.415	314.61
7.425	310.47
7.435	311.83
7.445	318.16
7.725	229.27
7.735	220.73
7.745	218.51
7.755	218.09
7.765	217.15
7.775	212.45
7.785	215.58
7.795	213.41
7.945	195.58
7.955	193.73
7.965	192.16
7.975	192.45
7.985	193.07
7.995	192.04
8.005	194.24
8.015	190.63
8.025	189.56
8.035	189.33
8.045	189.27
8.055	187.14
8.065	183.61
8.155	189.94
8.165	189.83
8.175	187.38
8.185	188.63
8.195	189.79
8.205	187.19
8.755	259.95
8.765	217.13
8.775	235.13
8.785	215.44
8.805	208.88
8.815	217.72
8.825	216.05
8.835	212.34
8.845	209.99
8.855	212.04
8.865	215.26
8.875	226.81
8.885	223.17
8.895	220.03
8.905	223.14
8.915	220.69
9.025	246.66
9.035	245.4
9.045	245.48
9.055	247.41
9.065	243.71
9.075	239.23
9.085	240.2
9.175	258.21
9.185	248.44
9.195	245.83
9.205	245.16
9.215	247.1
9.225	255.36
9.235	243.12
9.245	246.37
9.255	245.52
9.265	241.49
9.275	244.51
9.285	242.27
9.295	246.85
9.305	249.06
9.405	202.26
9.415	196.6
9.425	190.68
9.435	184.08
9.445	182.51
9.555	216.06
9.565	217.85
9.575	213.89
9.585	211.17
9.595	205.88
9.605	210.84
9.615	204.75
9.625	210.13
9.665	196.89
9.675	199.01
9.685	196.48
9.695	195.81
9.705	192.1
9.715	194.48
9.725	195.31
9.735	195.89
9.745	192.6
9.755	193.94
9.765	194.34
9.775	191.71
9.785	192.88
9.795	192.32
9.805	191.56
9.815	191.57
9.825	192.3
9.835	192.98
9.845	193.2
9.855	192.64
9.865	191.35
9.875	193.25
9.885	189.92
9.895	192.14
9.905	190.94
9.915	190.81
9.925	191.34
10.225	242.51
10.235	238.84
10.245	232.83
10.255	230.77
10.265	226.75
10.275	219.37
10.285	212.99
10.295	205.36
10.305	195.72
10.315	199.45
10.325	197.53
10.335	189.32
10.345	193.57
10.355	195.75
10.365	191.2
10.375	190.54
10.385	191.81
10.395	188.99
10.405	186.42
10.415	187.78
10.425	188.16
10.435	182.29
10.445	185.06
10.455	181.83
10.465	176.78
10.475	180.36
10.485	180.9
10.495	183.59
10.505	185.73
10.515	179.54
10.525	180.06
10.535	182.7
10.545	181.12
11.055	209.25
11.065	210.39
11.075	207.89
11.085	204.89
11.095	201.67
11.205	214.92
11.215	216.67
11.225	218.55
11.235	217.52
11.245	216.13
11.255	213.49
11.265	209.51
11.275	209.42
11.285	227.2
11.425	212.58
11.435	209.5
11.445	211.21
11.455	208.15
11.465	202.3
11.475	204.94
11.485	211.7
11.495	211.7
11.505	209.19
11.595	197.49
11.605	196.28
11.615	193.47
11.625	195.36
11.635	190.72
11.645	196.87
11.655	192.65
11.665	187.61
11.675	186.44
11.685	183.94
11.695	181.76
11.705	185.87
11.865	180.1
11.875	176.22
11.885	181.05
11.895	178.13
11.905	176.81
11.915	179.07
11.925	176.27
11.935	178.42
12.115	165.83
12.285	201.76
12.295	203.36
12.305	203.15
12.315	201.69
12.325	203.07
12.335	200.48
12.345	198.4
12.355	198.12
12.365	194.85
12.375	196.14
12.385	195.23
12.395	190.9
12.405	187.82
12.415	188.77
12.425	186.2
12.435	186.34
12.445	181.69
12.455	185.27
12.465	179.12
12.475	184.2
12.545	185.88
12.555	185.48
12.585	183.34
12.595	180.3
12.605	185.32
12.615	184.64
12.625	186.94
12.885	151.75
13.935	280.43
13.945	188.68
13.955	191.11
13.965	189.26
13.975	186.59
13.985	185.45
13.995	184.46
14.005	184.14
14.015	183.01
14.025	246.2
14.035	246.25
14.045	240.96
14.055	242.5
14.065	227.44
14.075	243.93
14.095	257.4
14.105	254.44
14.115	240.63
14.125	263.11
14.135	185.67
14.145	183.8
14.155	179.99
14.165	177.48
14.175	180.94
14.185	175.79
14.195	176.63
14.205	177.74
14.215	178.46
14.225	178.89
14.235	183.37
14.245	180.28
14.255	178.61
14.265	176.46
14.275	181.45
14.465	240.04
14.475	211.75
14.485	219.81
14.495	207.82
14.505	208.17
14.515	207.67
14.525	208.62
14.535	207.94
14.545	207.11
14.555	208.55
14.565	209.99
14.575	210.47
14.585	208.42
14.595	212.79
14.605	213.95
14.615	212.91
14.625	213.17
14.635	216.34
14.645	223.39
14.655	216.16
14.665	219.54
14.675	217.73
14.685	218.65
14.695	211.03
14.735	215.76
14.745	219.48
14.755	213.25
14.925	203.82
14.935	197.8
14.945	198.05
14.955	198.82
14.965	196.01
14.975	197.1
14.985	196.02
14.995	196.81
15.005	195.82
15.015	189.17
15.025	186.98
15.075	194.99
15.085	197.75
15.095	195.43
15.105	194.47
15.115	194.91
15.125	197.2
15.135	197.61
15.145	197.4
15.155	199.89
15.165	195.9
15.335	225.65
15.345	212.63
15.355	233.28
15.365	220.98
15.375	228.34
15.385	223.85
15.395	219.28
15.405	221.14
15.435	159.87
15.455	284.01
15.465	261.39
15.995	261.98
16.005	244.67
16.015	245.44
16.025	237.77
16.035	221.96
16.045	238.32
16.055	232.38
16.065	236.54
16.075	250.2
16.085	218.3
16.095	213.75
16.105	212.06
16.115	203.96
16.125	200.77
16.135	196.47
16.145	196.04
16.155	195.82
16.165	197.73
16.175	198.6
16.185	198.63
16.195	193.05
16.205	200.11
16.215	200.69
16.225	198.59
16.235	200.67
16.245	201.3
16.255	196.94
16.265	197.79
16.295	208.99
16.305	205.95
16.315	204.33
16.325	203.6
16.335	206.26
16.345	203.83
16.395	193.73
16.405	203.83
16.415	196.18
16.425	210.17
16.435	201.73
16.445	203.44
16.455	203.23
16.465	201.45
16.475	205.61
16.485	197.83
16.495	196.88
16.505	203.26
16.515	194.28
16.525	204.15
16.535	208.76
16.545	202.16
