time	f0
0.46	117.91
0.47	114.81
0.48	114.07
0.49	115.84
0.5	117.11
0.51	116.4
0.52	116.38
0.53	115.18
0.54	113.91
0.55	112.09
0.56	110.8
0.57	111.12
0.58	111.53
0.59	111.81
0.6	110.21
0.61	110.27
0.62	110.28
0.63	107.91
0.64	106.4
0.65	109.84
0.66	109.08
0.67	108.88
0.68	107.99
0.72	115.47
0.73	111.4
0.74	116.08
0.75	116.33
0.76	119.1
0.77	119.82
0.78	119.74
0.79	120.72
0.8	121.51
0.81	121.52
0.82	120.82
0.83	119.86
0.84	119.17
0.85	119.36
0.86	119.73
0.87	120.95
0.88	122.95
0.89	122.75
0.9	123.16
0.91	123.33
0.92	123.27
0.93	122.89
0.94	122.19
0.95	122.02
0.96	121.86
0.97	121.81
0.98	121
0.99	120.47
1	119.87
1.01	119.64
1.02	119.11
1.03	119.21
1.04	119.06
1.05	118.66
1.06	118.66
1.07	118.36
1.08	118.2
1.09	118.27
1.1	117.87
1.11	117.53
1.12	117.28
1.13	116.99
1.14	116.41
1.15	116.19
1.16	115.5
1.17	115.39
1.18	116.14
1.19	116.38
1.2	116.19
1.21	116.25
1.22	116.28
1.23	115.93
1.24	115.72
1.25	115.42
1.26	115.49
1.27	115.44
1.28	115.27
1.29	114.97
1.3	114.7
1.31	114.69
1.32	114.18
1.33	113.49
1.34	113.57
1.35	112.93
1.36	112.64
1.37	112.13
1.38	111.83
1.39	111.42
1.4	111.39
1.41	111.29
1.42	111.7
1.43	111.8
1.44	111.55
1.45	111.75
1.46	111.38
1.47	111.26
1.48	111.39
1.49	110.9
1.5	109.66
1.51	109.63
1.52	111.16
1.53	111.48
1.54	111.46
1.55	111.16
1.63	130.15
1.64	128.87
1.65	128.24
1.66	127.35
1.67	126.18
1.68	123.94
1.69	125.14
1.7	127.34
1.71	125.31
1.72	125.31
1.81	138.56
1.82	139.63
1.83	139.75
1.84	139.19
1.85	137.31
1.86	135.52
1.87	134.81
1.88	134.5
1.89	131.69
1.9	130.46
1.91	128.68
2.07	127.67
2.08	128.73
2.09	129.21
2.1	129.76
2.11	129.57
2.12	128.32
2.13	127.15
2.14	120.15
2.15	120.48
2.16	129.89
2.17	128.93
2.18	128.32
2.19	128.74
2.2	129.92
2.21	132.59
2.22	132.37
2.23	132.55
2.24	132.4
2.25	131.38
2.26	131.02
2.27	130.64
2.28	130.7
2.29	130.08
2.3	129.13
2.31	125.71
2.32	124.41
2.33	124.91
2.34	124.4
2.35	123.33
2.36	119.49
2.37	117.54
2.38	115.66
2.39	115.89
2.4	113.14
2.41	114.64
2.42	117.17
2.43	118.53
2.44	118.7
2.45	111.76
2.46	114.66
2.47	115.73
2.48	115.7
2.49	115.67
2.5	114.97
2.51	115.01
2.52	115.06
2.53	114.9
2.54	115.02
2.55	115.84
2.56	116.34
2.57	116.22
2.58	116.35
2.65	123.95
2.66	121.83
2.67	121.69
2.68	121.11
2.69	120.04
2.7	119.54
2.71	119.24
2.72	119.72
2.73	119.68
2.74	120.13
2.75	121.27
2.76	122.67
2.77	122.75
2.78	123.15
2.79	123.19
2.8	123.61
2.81	123.33
2.82	122.37
2.83	122.61
2.84	122.18
2.85	122.04
2.86	122.64
2.87	122.51
2.88	121.58
2.89	120.36
2.9	120.73
2.91	121.21
2.92	121.92
2.93	120.13
2.94	121.13
2.95	120.92
2.96	117.16
2.97	116.98
2.98	116.8
2.99	115.35
3	115.31
3.01	115.73
3.02	115.37
3.03	113.38
3.04	110.84
3.05	112.22
3.06	113.89
3.07	116.02
3.08	119.47
3.09	118.41
3.18	129.29
3.19	127.45
3.2	127.33
3.21	125.06
3.22	124.21
3.23	123.86
3.24	123.82
3.25	123.71
3.26	124.04
3.27	123.86
3.28	123.08
3.29	122.84
3.3	122.89
3.31	120.83
3.32	119.95
3.33	121.99
3.34	124.7
3.35	128.23
3.36	129.87
3.37	132.31
3.38	132.33
3.39	131.37
3.4	130.71
3.41	129.74
3.42	129.01
3.43	127.69
3.44	126.74
3.45	125.69
3.46	122.5
3.47	121.14
3.48	118.62
3.49	117.84
3.5	117.6
3.51	116.48
3.52	115.15
3.53	115.43
3.54	116.01
3.55	118.14
3.56	120.22
3.73	105.85
3.74	111.49
3.75	111.98
3.76	114.09
3.77	112.14
3.78	111.03
3.79	112.8
3.8	112.06
3.81	113.35
3.82	113.85
3.83	114.42
3.84	114.19
3.85	113.96
3.86	113.42
3.87	112.9
3.88	112.96
3.89	112.8
3.9	113.07
3.91	113.17
3.92	113.17
3.93	112.91
3.94	112.53
3.95	111.37
3.96	109.59
3.97	108.9
3.98	108.97
3.99	109.73
4	105.06
4.01	107.37
4.02	109.24
4.03	110.22
4.04	110.68
4.05	112.38
4.06	115.28
4.07	116.53
4.08	116.97
4.09	117.67
4.1	118.49
4.11	118.75
4.12	118.94
4.13	119.31
4.14	119.41
4.15	118.79
4.16	116.69
4.17	117.46
4.18	119.15
4.19	118.56
4.2	118.92
4.21	119
4.22	118.14
4.23	117.86
4.24	117.9
4.25	118.12
4.26	117.43
4.27	117.19
4.28	116.77
4.29	117.51
4.3	118.21
4.31	118.3
4.32	118.91
4.33	119.47
4.34	120.94
4.35	124.5
4.36	126.87
4.37	127.5
4.38	125.21
4.39	129.86
4.4	130.93
4.41	131.41
4.42	132.66
4.43	131.33
4.44	132.54
4.45	135.1
4.46	135.9
4.47	137.89
4.48	142.89
4.49	144.2
4.5	143.77
4.51	146.3
4.52	145.9
4.53	148.16
4.54	147.57
4.55	150.34
4.56	147.38
4.57	148.15
4.58	145.68
4.96	119.4
4.97	119.91
4.98	124.45
4.99	124.42
5	123.68
5.01	123.71
5.02	123.8
5.03	123.37
5.04	122.28
5.05	121.63
5.06	120.1
5.07	117.22
5.08	117.48
5.09	117.4
5.1	120.28
5.11	122.05
5.12	122.74
5.13	122.42
5.14	123.04
5.15	123.64
5.16	123.23
5.17	122.27
5.18	120.95
5.19	119.36
5.2	116.91
5.21	116.28
5.22	117.28
5.23	116.63
5.24	117.45
5.25	116.98
5.26	116.77
5.27	116.26
5.28	115.09
5.29	114.91
5.3	118.6
5.31	120.38
5.32	116.57
5.33	114.92
5.34	113.28
5.58	109.98
5.59	110.47
5.6	110.05
5.61	110.31
5.62	110.28
5.63	110.03
5.64	110.66
5.65	111
5.66	111.08
5.67	111.15
5.68	112.4
5.69	114.9
5.7	116.1
5.71	116.75
5.72	116.29
5.73	116.07
5.74	116.44
5.75	117.17
5.76	118.57
5.77	117.84
5.78	117.98
5.79	119.7
5.8	130.23
5.81	125.48
5.82	125.4
5.83	125.55
5.84	128.63
5.85	129.77
5.86	134.95
5.87	129.99
5.88	135.73
5.89	134.29
5.9	135.09
5.91	132.91
5.92	134.65
5.93	131.33
6.03	134.33
6.04	133.86
6.05	133.41
6.06	131.9
6.07	130.07
6.08	128.14
6.09	126.19
6.1	124.98
6.11	123.61
6.12	123.26
6.13	123.25
6.14	122.9
6.15	123.18
6.16	122.28
6.17	121.9
6.18	121.93
6.19	121.44
6.2	121.13
6.21	120.04
6.22	117.76
6.23	117.3
6.24	117.92
6.25	117.48
6.26	117.15
6.27	116.75
6.28	116.13
6.29	115.85
6.3	116.76
6.31	116.36
6.32	118.05
6.33	120.85
6.34	119.38
6.35	117.47
6.36	118.34
6.58	111.61
6.59	112.15
6.6	111.8
6.61	112.06
6.62	112.27
6.63	112.09
6.64	112.45
6.65	110.92
6.66	109.63
6.67	111.65
6.68	112.56
6.69	114.53
6.7	116.25
6.71	116.29
6.72	115.22
6.73	114.11
6.74	114.1
6.75	115.29
6.76	115.23
6.77	118.95
6.78	118.09
6.79	116.85
6.9	122.03
6.91	122.93
6.92	123.29
6.93	122.19
6.94	120.85
6.95	119.25
6.96	117.44
6.97	117.43
6.98	117.46
6.99	116.09
7	117
7.01	117.96
7.02	117.88
7.03	117.14
7.04	116.54
7.05	116.29
7.06	116.38
7.07	116.15
7.08	115.67
7.09	114.61
7.1	113.7
7.11	114.16
7.12	115.07
7.13	115.25
7.14	114.63
7.15	112.66
7.16	110.85
7.17	112.15
7.18	112.27
7.19	112.21
7.2	111.9
7.21	111.88
7.22	111.68
7.23	110.83
7.24	109.65
7.25	108.6
7.26	107.75
7.27	105.67
7.28	106.19
7.29	109.63
7.3	108.55
7.31	109.16
7.48	118.58
7.49	117.01
7.5	119.54
7.51	119.02
7.52	118.89
7.53	119.13
7.54	118.51
7.55	116.79
7.56	115.92
7.57	116.21
7.58	116.77
7.59	118.72
7.6	118.87
7.61	119.14
7.62	119.84
7.63	118.22
7.64	118.14
7.7	124.18
7.71	123.65
7.72	122.13
7.73	120.36
7.74	119.35
7.75	120.84
7.76	120.14
7.77	119.23
7.78	115.42
7.79	127.42
7.8	119.33
7.81	118.6
7.82	117.66
7.83	117.41
7.84	118.43
7.85	119.25
7.86	120.05
7.87	120.47
7.88	121.11
7.89	120.56
7.9	119.15
7.91	118.67
7.92	119.39
7.93	120.36
7.94	120.33
7.95	119.31
7.96	119.69
7.97	119
7.98	119.27
7.99	119.29
8	119.44
8.02	121.22
8.03	123.63
8.04	120.38
8.05	121.84
8.06	122.61
8.07	120.02
8.08	118.37
8.09	118.26
8.1	118.18
8.11	117.9
8.12	116.54
8.13	115.34
8.14	116.48
8.15	117.97
8.16	119.02
8.17	119.55
8.18	119.59
8.19	119.86
8.2	117.45
8.28	124.61
8.29	125.53
8.3	127.36
8.31	129.51
8.32	132.15
8.33	133.78
8.34	135.7
8.35	137.15
8.36	140.1
8.37	142.42
8.38	143.91
8.39	143.15
8.4	143.71
8.41	144.89
8.42	141.94
8.43	140.95
8.44	142.97
8.45	143.33
8.53	131.45
8.54	129.81
8.55	128.41
8.56	126.78
8.57	125.82
8.58	123.13
8.59	121.27
8.6	120.58
8.61	118.43
8.62	117.73
8.63	118.45
8.64	117.21
8.65	86.4
8.66	87.99
8.67	89.56
8.68	118.43
8.69	117.91
8.7	119.87
8.71	119.55
8.72	119.1
8.73	118.73
8.74	117.91
8.75	116.86
8.76	115.37
8.77	115.05
8.78	115.65
8.79	115.71
8.8	113.83
8.81	112.45
8.82	110.4
8.83	110.47
8.84	110.15
9.8	104.13
9.81	111.86
9.82	112.81
9.83	113.53
9.84	113.68
9.85	114.06
9.86	113.94
9.87	114.14
9.88	114.74
9.89	114.5
9.9	114.96
9.91	114.13
9.92	114.48
9.93	114.64
9.94	114.81
9.95	114.3
9.96	114.2
9.97	113.68
9.98	113.73
9.99	113.62
10	113.39
10.01	113.04
10.02	112.88
10.03	112.65
10.04	112.6
10.05	112.54
10.06	112.19
10.07	111.4
10.08	111.15
10.09	110.78
10.1	110.02
10.11	109.35
10.12	109.66
10.13	109.63
10.14	109.6
10.15	109.71
10.16	109.96
10.17	109.99
10.18	109.95
10.19	109.44
10.2	109.86
10.21	109.58
10.22	109.8
10.23	110.03
10.24	109.72
10.25	109.7
10.26	109.51
10.27	109.99
10.28	110.01
10.29	110.07
10.3	109.66
10.31	110.02
10.32	110.46
10.33	109.67
10.34	109.77
10.35	109.66
10.36	109.55
10.37	109.76
10.38	109.74
10.39	109.38
10.4	109.14
10.41	109.02
10.42	109.03
10.43	108.38
10.44	108.95
10.45	108.26
10.46	109.03
10.55	109.39
10.56	110.56
10.57	111.27
10.58	108.19
10.59	107.54
10.6	106.12
10.61	111.2
11.22	118.26
11.23	128.13
11.24	125.02
11.25	117.71
11.26	118.75
11.27	118.18
11.28	116.76
11.29	115.87
11.3	115.36
11.31	114.87
11.32	115.01
11.33	116.31
11.34	116.71
11.35	117.68
11.36	118.13
11.37	118.26
11.38	119.42
11.39	123.51
11.4	123.27
11.41	125.01
11.42	132.19
11.43	133.21
11.44	136.03
11.45	132.73
11.46	129.11
11.5	120.77
11.51	117.23
11.52	120.71
11.53	124.55
11.54	132.38
11.55	127.3
11.56	116.41
11.57	122.12
12	140.78
12.01	137.21
12.02	135.64
12.03	138.49
12.04	131.93
12.11	115.11
12.12	115.26
12.13	116.58
12.14	115.81
12.15	127.6
12.16	128.63
12.17	111.55
12.18	110.28
12.19	114.45
12.38	131.29
12.39	129.91
12.4	127.77
12.46	85.36
12.47	126.2
12.48	125.95
12.49	128.79
12.5	122.31
12.53	134.93
12.54	130.71
12.55	129.34
12.56	126.19
12.57	125.7
12.58	124.19
12.59	123.15
12.6	124.18
12.61	123.95
12.62	125.54
12.63	123.92
12.64	123.7
12.65	122.74
12.66	122.34
12.67	122.41
12.68	121.47
12.69	119.97
12.7	119.53
12.71	118.56
12.72	118.05
12.73	117.64
12.74	118.37
12.75	118.25
12.76	117.71
12.77	117.41
12.78	116.82
12.79	116.82
12.8	117.59
12.81	119.54
12.82	118.84
12.83	119.88
12.84	120.14
12.85	116.83
12.86	120.01
12.87	137.71
12.88	132.73
12.89	133.56
12.9	134.13
12.91	134.92
12.92	134.25
12.93	133.31
12.94	132.47
12.95	131.38
12.96	130.37
12.97	129.33
12.98	128.27
12.99	127.07
13	126.63
13.01	125.52
13.02	124.71
13.03	123.85
13.04	123.52
13.05	122.82
13.06	122.31
13.07	122.04
13.08	121.38
13.09	120.37
13.1	119.68
13.11	118.6
13.12	117.63
13.13	117.65
13.14	116.86
13.15	116.53
13.16	116.09
13.17	116.78
13.18	116.3
13.19	115.41
13.2	115.41
13.21	115.8
13.22	115.91
13.23	115.3
13.24	114.9
13.25	115.07
13.26	114.22
13.27	114.13
13.28	113.79
13.29	112.9
13.3	112.96
13.31	112.74
13.32	112.05
13.33	112.04
13.34	111.59
13.35	111.67
13.36	111.62
13.37	111.63
13.38	111.39
13.39	111.17
13.4	111.08
13.41	111.66
13.42	112
13.43	111.98
13.44	111.69
13.45	111.8
13.46	112.03
13.47	112.02
13.48	112.15
13.49	112.32
13.5	112.49
13.51	112.97
13.52	113.35
13.53	113.54
13.54	113.93
13.55	113.77
13.56	113.53
13.57	113.3
13.58	112.94
13.59	112.21
13.6	111.98
13.61	111.46
13.62	109.94
13.63	110.53
13.64	110.87
13.65	110.68
13.66	110.98
13.67	110.43
13.68	110.73
13.69	111.63
13.7	110.75
13.71	111.64
13.84	127.27
13.85	125.96
13.86	124.7
13.87	123.55
13.88	122.16
13.89	120.34
13.9	116.09
13.91	115.53
13.92	117.86
13.93	118.3
13.94	118.66
13.95	120.03
13.96	121.02
13.97	122.96
13.98	120.28
13.99	116.75
14	118.49
14.01	119.56
14.02	132.56
14.03	134.07
14.04	134.21
14.05	132.91
14.06	132.28
14.07	131.61
14.08	130.68
14.09	130.3
14.1	131.08
14.11	131.07
14.12	130.96
14.13	131.11
14.14	130.79
14.15	129.98
14.16	129.5
14.17	130.35
14.18	131.42
14.19	131.09
14.2	130.55
14.21	129.61
14.22	131.44
14.23	130.13
14.24	129.76
14.25	129.67
14.26	133.39
14.27	148.52
14.28	125.46
14.29	127.18
14.3	127.8
14.31	128.73
14.32	129.1
14.33	128.78
14.34	128.09
14.35	127.19
14.36	126.36
14.37	125.43
14.38	125.4
14.39	126.66
14.4	127.97
14.41	127.52
14.42	126.53
14.43	126.82
14.44	127.18
14.45	125.22
14.46	124.18
14.47	123.2
14.48	122.62
14.49	121.46
14.5	120.72
14.51	120.3
14.52	119.47
14.53	117.3
14.54	115.42
14.55	119.73
14.56	121.87
14.57	121.95
14.58	122.38
14.59	122.22
14.6	121.45
14.61	119.13
14.67	122.67
14.68	123.28
14.69	122.11
14.7	121.22
14.71	120.16
14.72	119.58
14.73	118.64
14.74	117.67
14.75	116.69
14.76	114.37
14.77	113.36
14.78	114.78
14.79	116.05
14.8	116.81
14.81	118.11
14.82	118.84
14.83	119.48
14.84	120.68
14.85	122.02
14.86	122.49
14.87	123.2
14.88	123.69
14.89	123.86
14.9	123.58
14.91	124.04
14.92	121.56
14.93	121.09
14.94	122.78
14.95	123.57
14.96	124.73
14.97	124.17
14.98	125.64
14.99	127.2
15	130.89
15.01	133.18
15.02	131.97
15.03	131.54
15.04	129.63
15.05	121.43
15.06	124.43
15.07	125.9
15.08	124.13
15.13	127.69
15.14	126.56
15.15	125.31
15.16	126.33
15.17	127.13
15.18	126.54
15.19	125.98
15.2	123.44
15.21	122.04
15.22	126.41
15.23	122.4
15.24	120.9
15.25	124.46
15.33	131.89
15.34	132.28
15.35	126.97
15.36	126
15.37	125.81
15.38	124.95
15.39	122.08
15.4	118.83
15.41	114.79
15.42	116.46
15.43	116.34
15.44	116.09
15.45	119.02
15.46	119.47
15.47	119.98
15.48	119.61
15.49	117.24
15.5	113.55
15.51	115.99
15.52	119.22
15.53	119.37
15.54	124.59
15.55	129.32
15.56	129.01
15.57	128.86
15.58	128.05
15.59	127.35
15.6	126.41
15.61	125.88
15.62	125.45
15.63	124.96
15.64	124.96
15.65	124.95
15.66	125.17
15.67	125.82
15.68	125.38
15.69	123.79
15.7	123.53
15.71	123.41
15.72	123.91
15.73	125.4
15.74	124.6
15.75	121.3
15.76	124.22
15.77	126.83
15.78	127.14
15.79	127
15.8	127.7
15.81	127.67
15.82	124.58
15.83	126.04
15.84	127.25
15.85	127.84
15.86	128.57
15.87	127.89
15.88	127.52
15.89	127.94
15.9	127.2
15.91	126.53
15.92	120.74
15.93	120.62
15.99	127.78
16	127.03
16.01	125.26
16.02	123
16.03	121.79
16.04	119.85
16.05	118.34
16.06	118.32
16.07	118.34
16.08	118.52
16.09	117.92
16.1	118.72
16.11	118.9
16.12	117.56
16.13	117.09
16.14	117.55
16.15	117.25
16.16	116.98
16.17	116.59
16.18	116.45
16.19	116.79
16.2	118.34
16.21	120.62
16.22	119.46
16.23	119.93
16.28	123.56
16.29	124.17
16.3	124.03
16.31	122.08
16.32	120.13
16.33	118.18
16.34	118.13
16.35	117.62
16.36	116.49
16.37	116.79
16.38	118.57
16.39	119.8
16.4	119.64
16.41	120.12
16.48	127.3
16.49	124.75
16.5	120.61
16.51	114.52
16.52	114.11
16.6	132.77
16.61	138.93
16.62	138.75
16.63	139.23
16.64	139.4
16.65	139.21
16.66	138.33
16.67	138.9
16.68	139.3
16.69	139.36
16.7	139.3
16.71	139.04
16.72	138.21
16.73	201.03
16.74	198.22
16.75	196.02
16.76	194.94
16.77	195.78
16.78	194.08
16.79	209.56
16.8	121.97
16.81	124.26
16.82	124.67
16.83	123.53
16.84	123.73
16.85	123.27
16.86	122.58
16.87	122
16.88	121.03
16.89	118.48
16.9	117.8
16.91	116.88
16.92	113.31
16.93	113.01
16.94	117.44
16.95	119.01
16.96	119.64
16.97	118.7
16.98	117.68
17.42	115.55
17.43	116.38
17.44	115.91
17.45	115.16
17.46	114.03
17.47	114.01
17.48	114.76
17.49	118.17
17.5	117.16
17.57	116.07
17.58	116.1
17.64	121.94
17.65	119.7
17.66	119.37
17.67	118.63
17.68	118.6
17.69	118.14
17.7	117.96
17.71	117.42
17.72	117.19
17.73	117.87
17.74	118.21
17.75	118.44
17.76	119.21
17.77	119.82
17.78	120.32
17.79	119.97
17.8	118.32
17.81	119.2
17.82	119.17
17.83	119.6
17.84	119.59
17.85	120.19
17.86	120.04
17.87	119.6
17.88	120.06
17.89	119.79
17.9	119.56
17.91	119.7
17.92	116.97
17.93	129.42
17.94	120.78
17.95	119.65
17.96	119.25
17.97	118.6
17.98	117.54
17.99	117.04
18	116.61
18.01	115.97
18.02	116.4
18.03	116.36
18.04	117.46
18.05	117.12
18.06	117.23
18.07	116.58
18.08	116.16
18.09	115.08
18.1	114.97
18.11	115.02
18.12	114.95
18.13	115.46
18.14	115.48
18.15	115.1
18.16	114.21
18.17	112.02
18.18	109.69
18.19	111.33
18.2	110.9
18.21	111.55
18.22	110.73
18.23	110.85
18.24	109.74
18.25	109.59
18.26	107.93
18.27	111.85
18.28	111.55
18.29	110.22
19.28	126.58
19.29	124.26
19.3	125.09
19.31	124.96
19.32	125.17
19.33	125.06
19.34	124.82
19.35	124.45
19.36	124.18
19.37	124.06
19.38	123.37
19.39	122.91
19.4	122.86
19.41	123.08
19.42	123.12
19.43	123.12
19.44	122.43
19.45	121.93
19.46	121.03
19.47	119.86
19.48	119.9
19.49	119.18
19.5	118.15
19.51	118.51
19.52	118.13
19.53	117.65
19.54	117.74
19.55	117.71
19.56	117.63
19.57	117.62
19.58	117.37
19.59	116.92
19.6	116.82
19.61	116.88
19.62	116.64
19.63	116.1
19.64	115.21
19.65	115.13
19.66	113.69
19.67	113.23
19.68	113.32
19.69	113.19
19.7	113.23
19.71	113.37
19.72	113.26
19.73	112.69
19.74	113.51
19.75	113.27
19.76	113.47
19.77	113.73
19.78	114.07
19.79	114
19.8	114.16
19.81	113.47
19.82	113.41
19.83	114.66
19.84	119.38
19.85	123.52
19.86	126.12
19.87	125.95
19.88	126.38
19.89	127.31
19.9	128.64
19.91	129.56
19.92	131.02
19.93	132.43
19.94	132.34
19.95	132.97
19.96	134.41
19.97	136.01
19.98	136.67
19.99	138.53
20	140.29
20.01	142.19
20.02	141.95
20.03	141.52
20.04	140.67
20.05	136.8
20.06	134.75
20.07	138.94
20.08	141.79
20.09	141.61
20.1	143.11
20.11	135.57
20.12	129.21
20.13	125.87
20.14	128.05
20.15	125.95
20.16	123.75
20.17	123.23
20.18	121.88
20.19	120.48
20.2	118.79
20.21	118.47
20.22	118.96
20.23	118.03
20.24	117.46
20.25	116.95
20.26	116.81
20.27	116.62
20.28	116.26
20.29	115.21
20.3	114.26
20.31	112.47
20.32	110.24
20.33	111.24
20.34	86.41
20.35	85.9
20.36	115.88
20.37	115.54
20.38	118.98
20.39	119.78
20.4	110.17
20.41	114.48
20.59	112.05
20.6	110.15
20.61	108.33
20.62	108.98
20.63	114.35
20.64	114.1
20.65	114.21
20.66	108.06
20.67	111.8
20.68	111.66
20.69	112.47
20.82	115.18
20.83	115.45
20.84	115.13
20.85	115.34
20.86	114.72
20.87	114.22
20.88	113.97
20.89	113.48
20.9	112.73
20.91	113.09
20.92	112.8
20.93	112.68
20.94	112.68
20.95	112.33
20.96	111.58
20.97	110.85
20.98	110.68
20.99	110.74
21	111.33
21.01	111.94
21.02	111.96
21.03	111.57
21.04	111.16
21.05	111.25
21.06	111.32
21.07	111.02
21.08	111.04
21.09	111.29
21.1	111.1
21.11	110.84
21.12	110.88
21.13	110.69
21.14	110.36
21.15	110.2
21.16	109.97
21.17	109.91
21.18	109.84
21.19	109.45
21.2	108.81
21.21	108.34
21.22	108.16
21.23	108.24
21.24	108.81
21.25	108.45
21.26	108.4
21.27	108.6
21.28	108.82
21.29	108.77
21.3	108.27
21.31	107.91
21.32	107.92
21.33	107.57
21.34	106.57
21.35	107.29
21.36	108.69
21.37	110.56
21.38	109.24
21.63	115.95
21.64	117.22
21.65	117.06
21.66	116.46
21.67	115.77
21.68	115.52
21.69	114.74
21.7	113.3
21.71	112.76
21.72	113.28
21.73	113.77
21.74	113.49
21.75	113.34
21.76	108.16
21.77	108.98
21.78	114.32
21.79	116.18
21.8	116.83
21.81	116.89
21.82	117.28
21.83	117.89
21.84	118.68
21.85	119.13
21.86	117.76
21.87	117.92
21.88	118.24
21.89	118.01
21.9	117.84
21.91	119.45
21.92	122.04
21.93	123.19
21.94	128.06
21.95	128.84
21.96	128.48
21.97	130.85
21.98	126.4
21.99	119.85
22	122.73
22.01	125.48
22.02	126.34
22.03	123.02
22.04	122
22.05	123.46
22.06	123.43
22.16	134.56
22.17	132.86
22.18	131.81
22.19	130.55
22.2	129.31
22.21	126.08
22.22	122.21
22.23	120.65
22.24	118.94
22.25	118.34
22.26	117.92
22.27	118.21
22.28	118.28
22.29	118.68
22.3	119.2
22.31	120.78
22.32	121.33
22.33	120.75
22.34	120.03
22.35	118.72
22.36	118.99
22.37	119.47
22.38	119.32
22.39	119.72
22.4	119.51
22.41	118.29
22.42	118.75
22.43	119.42
22.44	120.18
22.45	119.44
22.46	119.17
22.47	119.7
22.48	119.87
22.49	119.25
22.5	119.36
22.51	119.79
22.52	118.27
22.53	117.31
22.54	116.66
22.63	115.96
22.64	114.65
22.65	114.36
22.66	114.41
22.67	113.56
22.68	112.78
22.69	112.43
22.7	112.34
22.71	112.37
22.72	112.41
22.73	111.6
22.74	111.52
22.75	111.39
22.76	111.12
22.77	110.97
22.78	110.95
22.79	110.61
22.8	110.68
22.81	110.91
22.82	110.44
22.83	110.52
22.84	110.56
22.85	110.18
22.86	109.4
22.87	109.53
22.88	109.28
22.89	109.44
22.9	109.35
22.91	109.24
22.92	109.6
22.93	109.67
22.94	109.62
22.95	109.85
22.96	109.97
22.97	110.13
22.98	110.24
22.99	110.25
23	110.07
23.01	110.19
23.02	110.43
23.03	110.67
23.04	110.42
23.05	110.26
23.06	110.25
23.07	110.17
23.08	109.8
23.09	109.33
23.1	109.3
23.11	107.12
23.12	108.28
23.13	108.68
23.14	108.5
23.15	108.55
23.16	108.39
23.17	108.29
23.18	107.81
23.19	107.11
23.2	106.85
23.21	106.85
23.63	118.72
23.64	119.08
23.65	117.76
23.66	116.58
23.67	116.07
23.68	115.91
23.69	116.51
23.7	116.32
23.71	116.68
23.72	115.65
23.73	115.48
23.74	116.82
23.75	116.9
23.76	114.61
23.77	111.12
23.79	171.98
23.8	171.54
23.81	174.85
23.82	193.97
23.86	130.75
23.87	133.22
23.88	132.13
23.89	133.46
23.9	132.59
23.91	132.86
23.92	131.98
23.93	131.06
23.94	130.88
23.95	127.34
23.96	126.02
23.97	125.18
23.98	124.88
23.99	123.11
24	127.41
24.01	126.35
24.02	125.32
24.03	130.31
24.04	125.98
24.05	118.19
24.06	123.29
24.07	123.86
24.12	129.11
24.13	119.61
24.14	121.5
24.15	120.97
24.16	118.8
24.17	117.22
24.18	117.07
24.19	117.17
24.2	115.97
24.21	115.73
24.22	116.95
24.23	117.83
24.24	117.83
24.25	117.93
24.26	116.45
24.27	113.8
24.28	113.22
24.29	111.17
24.3	109.01
24.31	111.45
24.32	112.9
24.33	109.69
24.34	112.32
24.35	113.52
24.36	114.47
24.37	114.56
24.38	116.26
24.39	115.66
24.4	115.57
24.41	115.05
24.42	115.38
24.43	115.2
24.44	115.15
24.45	115.67
24.46	116.03
24.47	117.27
24.48	116.56
24.49	116.24
24.5	115.75
24.51	116.34
24.52	117.29
24.53	117.13
24.54	117.21
24.55	118.4
24.6	120.94
24.61	120.04
24.62	119.69
24.63	119.08
24.64	118.66
24.65	118.55
24.66	117.74
24.67	117.43
24.68	116.63
24.69	116.27
24.7	115.89
24.71	115.82
24.72	115.92
24.73	116.06
24.74	116.28
24.75	117.34
24.76	117.59
24.77	117.67
24.78	117.75
24.79	117.91
24.8	117.57
24.81	116.87
24.82	115.9
24.83	114.74
24.84	113.99
24.89	115.45
24.9	113.71
24.91	110.77
24.92	108.17
24.93	111.27
24.94	114.07
24.95	114.76
25.43	107.27
25.44	107.35
25.45	107.06
25.46	109.97
25.47	109.49
25.59	117.83
25.6	117.33
25.61	117.12
25.62	117.28
25.63	116.45
25.64	113.73
25.65	116.84
25.66	117.55
25.67	117.96
25.68	117.62
25.69	118.23
25.7	119.78
25.71	118.83
25.76	119.79
25.77	119.13
25.78	118.89
25.79	117.27
25.8	117.72
25.81	117.46
25.82	118.05
25.83	119.01
25.84	119.13
25.85	119.28
25.86	119.94
25.87	121
25.88	121.74
25.89	121.69
25.9	121.56
25.91	120.99
25.92	120.39
25.93	119.66
25.94	119.74
25.95	120.6
25.96	121.11
25.97	120.75
25.98	120.38
25.99	119.19
26	118.45
26.01	117.93
26.02	117.31
26.03	117.47
26.04	118.53
26.05	119.12
26.06	119.14
26.07	119.72
26.08	119.58
26.09	119.23
26.1	118.87
26.11	119.59
26.12	119.67
26.13	119.18
26.14	120.3
26.15	132.2
26.16	120.68
26.17	122.01
26.18	122.26
26.19	121.7
26.2	120.77
26.21	120.29
26.22	119.59
26.23	118.46
26.24	115.33
26.25	113.78
26.26	114.14
26.27	119.93
26.28	119.59
26.29	114.2
26.3	114.75
26.31	116.71
26.32	116.11
26.33	117.2
26.34	117.09
26.35	116.67
26.36	115.66
26.37	114.38
26.38	115.28
26.39	114.44
26.4	113.87
26.41	113.94
26.42	112.8
26.43	110.81
26.44	111.74
26.45	110.45
26.46	109.67
26.47	109.42
26.48	112.84
26.49	115.11
26.5	116.23
26.51	116.64
26.52	116.96
26.53	116.8
26.54	117.47
26.55	117.27
26.56	119.63
26.57	118
26.58	116.89
26.59	119.11
26.6	120.17
26.61	121.42
26.62	117.63
26.63	116.95
26.64	117.85
26.65	120.92
26.66	119.5
26.67	118.63
26.71	88.16
26.81	86.94
26.82	86.82
26.83	116.32
26.84	116.12
26.85	116.63
26.86	117.14
26.87	117.71
26.88	118.64
26.89	118.95
26.9	119.08
26.91	118.88
26.92	118.09
26.93	117.63
26.94	117.03
26.95	116.7
26.96	116.24
26.97	115.93
26.98	115.67
26.99	115.42
27	113.45
27.01	109.75
27.02	108.89
27.03	85.81
27.04	115.46
27.05	115.01
27.06	115.19
27.07	116.86
27.08	114.63
27.09	113.54
27.1	113.47
27.11	114.19
27.12	120.19
27.13	118.78
27.14	118.54
27.15	119.59
27.16	119.62
27.17	119.02
27.18	117.91
27.19	116.92
27.2	117.06
27.21	118.39
27.22	117.9
27.23	118.82
27.24	119.02
27.25	120.1
27.26	119.49
27.27	117.87
27.28	118.35
27.29	118.49
27.33	123.99
27.34	118.19
27.35	119.01
27.36	118.87
27.37	120.15
27.38	120.14
27.39	117.82
27.4	118.01
27.41	117.43
27.42	117.09
27.43	116.16
27.44	116.23
27.45	117.69
27.46	118.74
27.47	117.85
27.48	117.77
27.49	118.02
27.5	117.91
27.51	117.08
27.52	112.23
27.53	111.57
27.54	111.16
27.55	109.8
27.56	107.68
27.57	108.79
27.58	108.45
27.59	108.67
27.6	108.82
27.61	108.66
27.62	108.86
27.63	109.14
27.64	109.56
27.65	109.83
27.66	111
27.67	111.67
27.68	112.54
27.69	111.42
27.7	110.8
27.71	110.63
27.72	110.7
27.73	110.54
27.74	110.75
27.75	111.11
27.76	111.68
27.77	110.52
27.78	109.45
27.79	110.07
27.8	111.76
27.81	111.13
27.82	110.77
27.83	110.62
27.84	110.13
27.85	110.82
27.86	110.82
27.87	108.88
27.88	118.61
27.89	117.34
27.9	118.17
27.91	114.73
27.92	114.22
27.93	115.11
27.94	115.35
27.95	117.08
27.96	119.96
27.97	116.11
27.98	112.96
27.99	112.73
28	115.4
28.01	115.86
28.02	115.64
28.03	115.25
28.04	115.31
28.05	114.94
28.06	115.63
28.07	120.56
28.08	117.21
28.09	115.23
28.18	116.92
28.19	117.99
28.2	117.74
28.21	118.06
28.22	117.62
28.23	120.51
28.24	118.79
28.25	120.75
28.26	118.26
28.27	118.4
28.28	119.43
28.29	119.63
28.3	119.81
28.31	119.78
28.32	119.55
28.33	119.37
28.34	118.68
28.35	118.52
28.36	118.16
28.37	117.74
28.38	117.03
28.39	115.95
28.4	115.5
28.41	116.86
28.42	117.58
28.43	118.47
28.44	118.29
28.45	119.09
28.46	118.69
28.47	118
28.48	116.24
28.51	89.19
28.52	88.29
28.53	111.31
28.54	109.94
28.55	108.48
28.56	109.89
28.57	109.1
28.58	107
28.59	109.38
28.6	109.73
28.61	108.77
28.62	109.2
28.63	110.77
28.64	111.83
28.65	111.13
28.66	111.75
28.67	112.15
28.68	111.93
28.69	110.48
28.7	109.35
28.71	108.66
28.72	107.94
28.73	109.29
28.74	110.49
28.75	109.79
28.76	108.76
