time	f0
0.46	135.41
0.47	140.13
0.48	137.92
0.49	138.26
0.5	138.18
0.51	138.32
0.52	137.56
0.53	137.42
0.54	136.02
0.55	135.17
0.56	133.8
0.57	132.63
0.58	132.53
0.59	132.85
0.6	130.33
0.61	130.68
0.62	133.88
0.63	133.88
0.64	136.64
0.65	137.43
0.66	139.83
0.67	139.71
0.68	140.3
0.69	140.22
0.7	140.56
0.71	140.24
0.72	139.97
0.73	139.6
0.74	139.2
0.75	138.68
0.76	138.44
0.77	137.81
0.78	136.82
0.79	136.63
0.8	135.94
0.81	135.78
0.82	135.44
0.83	135.44
0.84	134.69
0.85	134.36
0.86	134.97
0.87	135.41
0.88	135.63
0.89	135.4
0.9	136
0.91	135.98
0.92	133.95
2	161.23
2.01	151.41
2.02	149.74
2.03	149.75
2.04	147.23
2.05	145.49
2.06	145.99
2.07	148.58
2.08	151.64
2.09	153.46
2.1	156.08
2.11	157.91
2.12	158.85
2.13	160.05
2.14	160.79
2.15	160.75
2.16	158.92
2.17	154.83
2.18	156.84
2.19	156.64
2.2	154.84
2.21	157.39
2.22	157.77
2.23	171.3
2.24	163.86
2.25	161.36
2.26	161.27
2.27	160.46
2.28	158.67
2.29	155.97
2.3	155.69
2.31	154.99
2.32	153.76
2.33	152.83
2.34	152.02
2.35	149.95
2.36	149.66
2.37	147.45
2.38	147.47
2.39	131.05
2.4	122.2
2.41	121.74
2.42	127.93
2.43	129.74
2.44	126.84
2.45	137.69
2.46	138.05
2.47	138.28
2.48	138.36
2.49	138.24
2.5	137.44
2.51	135.41
2.52	132.62
2.53	130.12
2.54	130.9
2.55	129.21
2.56	119.88
2.57	118.14
2.58	144.75
2.59	147.68
2.6	149.08
2.61	150.36
2.62	149.43
2.63	149.24
2.64	148.52
2.65	147.44
2.66	146.75
2.67	145.24
2.68	144.63
2.69	144.85
2.7	144.96
2.71	145.68
2.72	145.73
2.73	144.87
2.74	144.47
2.75	145.05
2.76	145.59
2.77	145.84
2.78	146.14
2.79	147.09
2.8	147.96
2.81	148.26
2.82	148.8
2.83	148.86
2.84	148.54
2.85	147.62
2.86	146.95
2.87	146.86
2.88	145.35
2.89	143.13
2.9	139.76
2.91	138.28
2.92	137.33
2.93	137.31
2.94	136.9
2.95	135.46
2.96	135.07
2.97	117.94
2.98	119.17
2.99	122.87
3	138.61
3.01	140.8
3.02	141.1
3.03	140.68
3.04	140.04
3.05	139.79
3.06	139.78
3.07	139.63
3.08	139.16
3.09	138.06
3.1	136.33
3.11	134.53
3.12	132.58
3.13	132.11
3.14	128.22
3.15	120.48
3.16	117.94
3.17	117.76
3.18	119.52
3.19	123.37
3.2	123.35
3.21	124.16
3.22	123.36
3.23	120.63
3.24	121.21
3.25	120.6
3.26	120.11
3.27	120.06
3.28	118.71
3.29	118.84
3.3	118.19
3.31	120.22
3.32	123.5
3.33	125.85
3.34	126.89
3.35	125.07
3.36	118.47
3.37	117.75
3.38	118.94
3.39	124.99
3.4	133.94
3.41	135.5
3.42	136.87
3.43	136.75
3.44	135.1
3.45	135.42
3.46	135.68
3.47	135.01
3.48	137.79
3.49	139.03
3.5	138.69
3.51	138.82
3.52	139.36
3.53	138.23
3.54	136.53
3.55	133.78
3.56	131.13
3.57	130.42
3.58	130.68
3.59	130.55
3.6	128.89
3.61	128.3
3.62	127.94
3.63	113.48
3.64	113.29
3.65	109.35
3.66	119.09
3.67	127
3.68	134.94
3.69	140.17
3.7	137.63
3.71	137.08
3.72	136.44
3.73	136.67
3.74	136.98
3.75	138.04
3.76	140.08
3.77	141.13
3.78	142.14
3.79	141.68
3.8	140.72
3.81	141.4
3.82	139.01
3.83	112.51
3.84	112.74
3.85	115.35
3.86	109.85
3.87	114.38
3.88	122.83
3.89	120.15
3.9	116.87
3.91	118.11
3.92	123.18
3.93	131.22
3.94	124.89
3.95	127.06
3.96	126.66
3.97	126.4
3.98	125.48
3.99	121.92
4	121.98
4.01	120.25
4.02	119.71
4.03	123.44
4.04	125.7
4.05	127.44
4.06	125.98
4.07	120.69
4.08	116.74
4.09	115.82
4.1	113.93
4.11	118.83
4.12	117.34
4.13	126.93
4.14	124.92
4.15	124.32
4.16	124.65
4.17	124.55
4.18	124.54
4.19	125.38
4.2	125.67
4.21	126.21
4.22	126.63
4.23	130.34
4.24	134.65
4.25	135.03
4.26	132.67
4.27	134.09
4.28	132.36
4.29	131.46
4.3	128.45
4.31	124.02
4.32	113.41
4.33	113.75
4.34	115.51
4.35	126.33
4.36	125.73
4.37	120.64
4.38	151.34
4.42	116.4
4.43	118.65
4.44	128.27
4.51	124.56
4.52	122.54
4.53	137.73
4.54	130.46
4.55	126.02
4.56	127.18
4.57	127.7
4.58	127.98
4.59	127.36
4.6	127.15
4.61	128.48
4.62	129.23
4.63	132.66
4.64	132.81
4.65	129.83
4.66	130.77
4.67	131.2
4.68	130.78
4.69	130.16
4.7	130.34
4.71	130.87
4.72	131.52
4.73	131.62
4.74	131.21
4.75	131.03
4.76	131.01
4.77	130.47
4.78	130.17
4.79	130.38
4.8	130.61
4.81	130.1
4.82	134.18
4.83	131.12
4.84	131.99
4.85	132.64
4.86	129.96
4.87	131.49
4.88	131.56
4.89	131.25
4.9	131.56
4.91	131.7
4.92	131.72
4.93	130.85
5.04	123.04
5.05	122.21
5.06	117.05
5.07	113.44
5.08	113.65
5.09	116.62
5.1	120.01
5.11	119.48
5.12	117.32
5.13	117.47
5.4	136.23
5.41	136.61
5.42	135.31
5.43	133.76
5.44	131.51
5.45	127.76
5.46	124.05
5.47	112.14
5.48	109.56
5.49	110.9
5.5	115.53
5.51	113.43
5.52	115.79
5.53	116.27
5.54	119.27
5.55	123.07
5.56	123.35
5.57	123.67
5.58	126.57
