time	f0
2.27	93.35
2.28	94.91
2.29	94.81
2.3	94.51
2.31	94.42
2.32	94.33
2.33	94.31
2.34	94.46
2.35	94.61
2.36	94.83
2.37	94.7
2.38	93.96
2.39	93.39
2.4	93.08
2.41	232.3
2.42	233.89
2.43	236.63
2.44	233.45
2.45	237.13
2.46	230.26
2.47	232.51
2.48	232.98
2.49	229.09
2.5	238.95
2.51	239.79
2.52	236.38
2.53	235.5
2.55	79.11
2.56	79.56
2.57	80.5
2.58	79.88
2.59	78.3
2.6	78.13
2.61	82.21
2.62	78.93
2.63	78.93
2.64	79.72
2.65	79.95
2.66	82.37
2.67	84.23
2.68	84.56
2.69	80.07
2.7	76.4
2.71	78.92
2.72	79.32
2.75	79.58
2.76	79.21
2.77	79.13
2.86	109.96
2.87	109.56
2.88	111.71
2.89	110.68
2.9	108.27
2.91	108.49
2.92	109.55
2.93	108.79
2.94	105.21
2.95	104.26
2.96	106.82
2.97	111.68
2.98	110.12
3.04	139.57
3.05	145.33
3.06	143.7
3.07	141.93
3.08	140.69
3.09	139.71
3.1	139.19
3.11	137.83
3.12	134.56
3.13	131.76
3.14	129.76
3.15	129.63
3.16	140.08
3.17	137.95
3.18	138.3
3.19	131.67
3.2	222.58
3.21	222.7
3.32	144.75
3.33	137.13
3.34	134.78
3.35	131.5
3.36	130.47
3.37	129.35
3.38	127.33
3.39	127
3.42	127.09
3.43	130.75
3.44	128.38
3.45	126.01
3.46	125.8
3.47	121.29
3.48	117.52
3.49	116.98
3.51	242.39
3.52	222
3.53	204.69
3.54	203.67
3.55	199.93
3.56	100.67
3.57	100.49
3.58	99.01
3.59	107.38
3.6	106.99
3.61	101.81
3.62	100.8
3.63	100.75
3.64	101.08
3.65	101.81
3.66	101.83
3.67	101.19
3.68	99.48
3.69	96.06
3.7	99.08
3.71	99.67
3.72	99.43
3.73	99.46
3.74	98.86
3.75	97.96
3.76	96.89
3.77	96.36
3.78	96.78
3.79	96.72
3.8	97.05
3.81	100.1
3.82	101.72
3.83	101.69
3.84	101.12
3.85	101.11
3.86	101.21
3.87	101.15
3.88	100.77
3.89	99.65
3.9	98.46
3.91	98.07
3.92	97.98
3.93	97.96
3.94	97.86
3.95	98.22
3.96	99.77
3.97	103.77
3.98	106.89
3.99	104.57
4	102.6
4.01	101.05
4.02	100.2
4.03	98.79
4.04	97.97
4.06	321.36
4.07	308.47
4.08	338.91
4.09	341.49
4.12	304.59
4.13	301.39
4.22	120.22
4.23	123.92
4.24	122.96
4.25	124.64
4.26	124.73
4.27	126.63
4.28	125.82
4.29	131.35
4.3	134.95
4.31	132.51
4.32	132.38
4.33	133.62
4.34	133.58
4.35	134.61
4.36	137.75
4.37	140.78
4.38	140.78
4.39	141.89
4.4	145.92
4.41	143.11
4.42	146
4.43	148.4
4.44	146.58
4.45	148.45
4.46	146
4.47	147.7
4.48	147.18
4.49	146.58
4.5	147.38
4.51	145.92
4.52	143.94
4.53	144.44
4.54	139.95
4.55	131.69
4.56	128.61
4.57	120.42
4.58	110.44
4.59	106.18
4.6	103
4.61	103.2
4.62	100.06
4.63	97.4
4.64	98.11
4.65	99.01
4.66	96.52
4.67	97.03
4.68	97.15
4.79	100.59
4.8	100.97
4.81	99
4.82	96.82
4.83	95.45
4.84	96.82
4.85	98.3
4.86	102.8
4.89	94.08
4.9	90.57
4.91	91.3
4.92	90.55
4.93	89.33
4.94	88.07
4.95	86.48
4.96	85.51
4.97	85.71
4.98	86.52
4.99	86.61
5	86.94
5.01	85.62
5.02	100.57
5.03	101.58
5.23	115.7
5.24	119.24
5.25	121
5.26	121.83
5.27	120.93
5.28	120.53
5.29	120.21
5.3	119.58
5.31	117.77
5.35	238.47
5.36	237.54
5.37	244.61
5.38	240.61
5.39	239.86
5.4	238.7
5.45	77.03
5.46	78.95
5.47	79.01
6.51	98.74
6.52	98.33
6.53	98.11
6.54	98.74
6.55	98.99
6.56	98.85
6.57	98.18
6.58	97.08
6.59	94.1
6.6	91.66
6.61	91.29
6.62	89.89
6.63	88.84
6.64	89.31
6.65	89.45
6.66	88.9
6.67	88.29
6.68	89.55
6.69	89.38
6.7	88.78
6.71	88.99
6.73	273
6.74	271.25
6.75	267.69
6.76	271.42
6.77	274.92
6.78	258.58
6.79	259.5
6.8	266.54
6.81	272.24
6.82	269
6.83	273.53
6.84	272.99
6.85	274.01
6.93	88.06
6.94	91.55
6.95	77.13
6.96	79.02
6.97	80.63
6.98	81.83
6.99	81.22
7	80.14
7.01	79.37
7.02	78.42
7.03	76.92
7.04	88.39
7.05	83.97
7.06	81.3
7.07	80.93
7.08	79.53
7.09	79.31
7.1	79.22
7.14	79.14
7.15	79.17
7.16	80.49
7.17	81.41
7.18	81.09
7.19	81.04
7.2	83.99
7.21	80.61
7.22	76.9
7.76	134.92
7.77	134.46
7.78	134.33
7.79	133.29
7.8	132.69
7.81	131.56
7.82	130.16
7.83	130.34
7.84	129.53
7.85	126.06
7.86	125.56
7.87	125.6
7.88	123.97
7.89	121.97
7.9	125.55
7.91	119.78
7.92	117.46
7.93	119.85
7.94	120.34
7.95	119.75
7.96	118.87
7.97	115.25
7.98	116.4
7.99	116.46
8	119.15
8.01	119.57
8.02	121.01
8.03	119.67
8.04	119.5
8.05	118.79
8.06	117.42
8.07	116.64
8.08	122.3
8.09	117.83
8.1	120.86
8.11	119.36
8.12	119.71
8.13	116.2
8.14	114.64
8.15	112.32
8.16	110.8
8.17	110.93
8.18	110.19
8.19	109.95
8.2	111.58
8.21	112.09
8.22	111.56
8.23	111.15
8.24	111.03
8.25	111.7
8.26	113.32
8.27	112.54
8.28	112.12
8.29	110.47
8.3	111.43
8.31	110.71
8.32	111.07
8.33	111.36
8.34	111.49
8.35	110.24
8.36	112.71
8.37	143.7
8.38	144.69
8.39	143.98
8.4	144.93
8.41	144.27
8.42	144.04
8.43	143.48
8.44	142.5
8.45	139.42
8.46	136.89
8.47	137.99
8.48	138.49
8.49	137.17
8.5	131.44
8.51	128.41
8.52	284.05
8.53	278.82
8.54	274.49
8.55	283.55
8.56	272.54
8.57	275.92
8.58	264.99
8.59	265.24
8.6	278.22
8.61	276.84
8.62	259.04
8.63	261.6
8.64	254.38
8.65	260.39
8.66	266.48
8.67	263.6
8.68	262.72
8.69	253.02
9.09	128.61
9.1	128
9.11	128.36
9.12	127.67
9.13	125.94
9.14	125.02
9.15	118.65
9.16	124.62
9.17	125.27
9.18	123.84
9.19	121.65
9.2	121.97
9.21	120.69
9.22	119.16
9.23	119.05
9.24	117.96
9.25	118.12
9.26	119.46
9.27	119.99
9.28	119.45
9.29	122.37
9.3	124.69
9.31	124.09
9.32	127.65
9.33	127.59
9.34	127.88
9.35	129.19
9.36	131.59
9.37	128.18
9.38	126.18
9.39	125.58
9.4	128.05
9.41	126.68
9.42	127.23
9.43	127.7
9.44	127.26
9.45	126.66
9.46	127.21
9.47	124.45
9.48	120.54
9.49	117.98
9.5	115.54
9.51	113.71
9.52	112.61
9.53	108.43
9.54	106.7
9.55	104.25
9.56	102.75
9.57	96.78
9.58	97.32
9.6	304.6
9.61	322.78
9.62	367.45
9.63	379.09
9.64	387.1
9.65	205.09
9.66	208
9.67	231.49
9.68	229.04
9.69	219.03
9.7	240.91
9.71	243.32
9.72	242.15
9.73	241.25
9.74	244.38
9.8	101.08
9.81	101.07
9.93	102.37
9.94	101.27
9.95	100.95
9.96	99.26
9.97	96.51
9.98	99.15
9.99	100.33
10	99.76
10.01	99.68
10.02	101.6
10.03	102.46
10.04	103.7
10.05	104.67
10.06	104.6
10.07	103.77
10.08	100.88
10.09	104.34
10.1	104.23
10.11	100.72
10.12	102
10.13	104.43
10.14	107.06
10.24	161.75
10.25	158.96
10.26	160.18
10.27	161.25
10.28	160.22
10.29	156.49
10.3	156.99
10.31	158.86
10.32	157.01
10.33	156.05
10.34	156.59
10.35	156.74
10.36	157.01
10.37	163.32
10.38	165.02
10.39	164.22
10.4	163.01
10.41	161.03
10.42	160.09
10.43	159.54
10.44	159.08
10.45	158.14
10.46	156.94
10.47	155.75
10.48	152.27
10.49	153.04
10.5	156.26
10.51	157.32
10.52	161.25
10.53	154.51
10.54	154.06
10.55	157.29
10.56	164.21
10.57	157.04
10.58	154.22
10.59	159.15
10.6	157.31
10.61	158.85
10.63	79.85
10.64	77.82
10.65	77.84
10.66	78.7
10.67	79.9
10.68	79.83
10.71	80.35
10.72	82.26
10.73	84.17
10.74	84.77
10.75	87.67
10.76	90.07
10.77	91.76
10.78	93.23
10.79	94.17
10.8	95.91
10.81	97.17
10.82	100.28
10.83	98.95
10.84	97.23
11.09	102.42
11.1	101.07
11.11	100.74
11.12	100.43
11.13	99.95
11.14	99.01
11.15	99.33
11.16	101.61
11.17	100.5
11.18	101.52
11.19	100.82
11.2	99.28
11.24	81.41
11.25	81.89
11.81	121.04
11.82	118.79
11.83	124.74
11.84	120.5
11.85	119.91
11.86	117.3
12.05	78.51
12.06	84.4
12.07	90.65
12.08	93.29
12.09	96.36
12.1	96.72
12.11	103.91
12.12	101.17
12.13	95.88
12.14	92.64
12.15	87.53
12.16	81.57
12.34	76.59
12.35	79.62
12.68	305.12
12.69	290.14
13.77	106.16
13.78	101.17
13.79	101.2
13.8	101.58
13.81	102.84
13.82	103.68
13.83	104.61
13.84	105.14
13.85	105.19
13.86	104.79
13.87	104.29
13.88	103.86
13.89	102.27
13.9	101.44
13.91	101.08
13.92	100.32
13.93	98.95
13.94	97.64
13.95	99.34
13.96	96.61
13.97	91.48
13.98	92.17
13.99	90.26
14	89.64
14.01	89.27
14.02	89.19
14.03	88.37
14.04	86.82
14.05	86.87
14.06	87.45
14.07	88.21
14.08	86.57
14.09	87.05
14.1	87.32
14.11	85.76
14.12	83.66
14.13	83.31
14.14	84.95
14.15	83.76
14.16	84.11
14.17	82.88
14.18	82.92
14.19	81.74
14.2	78.69
14.21	78.6
14.22	79.15
14.23	80.33
14.24	81.06
14.25	81.49
14.26	80.77
14.27	79.96
14.28	82.46
14.29	98.34
14.35	171.72
14.36	193.04
14.59	308.2
14.6	298.85
14.61	292.42
14.62	299.4
14.65	103.08
14.66	98.47
14.67	101.12
14.68	113.93
14.69	111.23
14.7	103.83
14.71	100.51
14.72	99.23
14.73	97.92
14.83	133.83
14.84	133.85
14.85	131.23
14.86	130.43
14.87	129.88
14.88	128.79
14.89	128.6
14.9	127.78
14.91	126.78
14.92	125.44
14.93	121.84
14.94	121.75
14.95	125.38
14.96	127.15
14.97	127.51
14.98	126.61
14.99	126.15
15	126.3
15.01	126.24
15.02	125.02
15.03	126.08
15.04	128.14
15.05	130.06
15.06	129.87
15.07	130.17
15.08	133.26
15.09	135.44
15.1	135.61
15.11	136.27
15.12	136.49
15.13	135.58
15.14	135.64
15.15	136.42
15.16	136.56
15.17	136.52
15.18	136.47
15.19	137.7
15.2	136.63
15.21	132.28
15.22	129.36
15.23	127.26
15.24	125.31
15.25	124.26
15.26	123.51
15.27	121.29
15.28	118.09
15.29	114.05
15.3	110.78
15.31	108.36
15.32	105.8
15.33	103.26
15.34	100.48
15.35	98.63
15.39	82.98
15.4	84.43
15.41	85.28
15.42	84.26
15.44	281.93
15.45	261.9
15.46	273.18
15.47	281.6
15.48	305.04
15.49	299.69
15.57	290.65
15.58	300.92
15.59	297.66
15.6	299.38
15.61	278.64
15.62	274.52
16.13	84.72
16.14	89.32
16.15	91.32
16.16	91.38
16.17	91.35
16.18	91.91
16.19	96.32
16.2	99.69
16.21	101.41
16.22	98.4
16.23	98.14
16.24	96.36
16.25	89.93
16.26	85.7
16.36	82.61
16.44	274.15
16.45	271.66
16.98	77.65
16.99	114.1
17	111.85
17.01	113.46
17.02	114.1
17.03	114.9
17.04	115.65
17.05	115.8
17.06	115.15
17.07	114.67
17.08	114.27
17.09	114.51
17.1	109.16
17.21	130.76
17.22	126.77
17.23	123.45
17.24	120.96
17.25	114.96
17.26	114.6
17.27	114.91
17.28	115.25
17.29	117.21
17.3	116.34
17.31	113.12
17.32	112.87
17.34	100.72
17.35	96.41
17.36	92.07
17.37	88.98
17.38	88.25
17.39	84.66
17.4	80.9
17.89	387.2
17.9	379.14
17.91	389.91
17.92	391.13
17.96	78.64
17.97	76.77
18.15	132.74
18.16	135.05
18.17	135.94
18.18	136.2
18.19	136.66
18.2	136.77
18.21	138.11
18.22	138.97
18.23	140.28
18.24	141.03
18.25	142.27
18.26	142.09
18.27	141.25
18.28	143.68
18.29	143.83
18.3	142.05
18.31	141.68
18.32	142.88
18.33	139.68
18.34	136.89
18.35	134.78
18.36	130.16
18.37	124.1
18.38	120.3
18.39	115.76
18.42	249.39
18.43	241.13
18.45	85.02
18.46	102.09
18.47	100.77
18.48	99.3
18.49	100.01
18.5	98.52
18.53	118.8
18.54	116.82
18.57	95.4
18.58	96.35
18.59	98.81
18.6	99.54
18.61	98.5
18.62	98.65
18.7	90.79
18.71	90.14
18.72	88.93
18.73	88.87
18.74	90.27
18.75	89.88
18.76	89.53
18.77	90.26
18.78	89.81
18.79	93.42
18.8	93.56
18.81	89.58
18.82	89.38
18.83	88.99
18.84	88.29
18.85	86.04
18.91	84.32
18.92	84.55
19.03	87.09
19.04	88.62
19.05	89.81
19.06	90.52
19.07	93.96
19.08	94.8
19.09	97.82
19.1	97.48
19.11	97.67
19.12	97.48
19.13	96.26
19.16	119.85
19.17	118.87
19.18	118.11
19.19	116.19
19.2	116.04
19.21	117.67
19.22	116.02
19.23	116.62
19.24	114.73
19.25	118.41
19.26	113.76
19.27	112.88
19.28	112.98
19.29	111.48
19.3	110.88
19.31	113.4
19.32	114.65
19.33	108.32
19.34	109.33
19.35	114.02
19.36	113.59
19.37	111.72
19.43	122.48
19.44	121.55
19.45	122.41
19.47	80.46
19.48	78.37
19.49	81.04
19.5	109.16
19.51	107.86
19.52	109.23
19.53	110.51
19.54	110.38
19.55	110.4
19.56	110.37
19.57	109.12
19.58	108.24
19.59	107.34
19.6	105.96
19.61	103.57
19.62	99.41
19.63	95.36
19.64	91.49
19.65	89.54
19.66	86.75
19.67	79.74
19.68	81.02
19.69	78.59
19.7	78.04
19.71	77.79
19.72	79.11
19.75	107.75
19.76	108.75
19.77	111.85
19.78	113.89
19.79	117.11
19.8	112.13
19.81	110.09
19.82	108.52
19.83	108.69
19.84	111.58
19.85	113.91
19.86	115.24
19.87	115.91
19.88	115.01
19.89	112.11
19.9	110.71
19.91	109.71
19.92	107.61
19.93	104.95
19.94	95.38
19.95	96.38
19.96	96.05
20.02	234.14
20.03	231.92
20.2	128.84
20.21	129.15
20.22	129.33
20.23	128.02
20.24	127.38
20.25	126.24
20.26	121.07
20.27	118.64
20.28	120.99
20.29	122.26
20.3	124.74
20.31	124.82
20.32	122.6
20.33	121.85
20.34	122.71
20.35	122.3
20.36	122.44
20.37	121.94
20.38	120.1
20.39	118.25
20.4	116.88
20.41	119.24
20.42	119.26
20.43	119.43
20.44	119.78
20.45	116.81
20.46	118.2
20.47	118.43
20.48	118.15
20.49	118.31
20.61	105.61
20.62	106.55
20.63	106.07
20.64	104.08
20.65	104.46
20.66	104.86
20.67	104.51
20.68	106.45
20.69	107.22
20.7	104.99
20.71	105.09
20.72	105.57
20.73	102.11
20.74	101.71
20.75	104.35
20.76	105.02
20.77	103.61
20.82	129.28
20.83	126.89
20.84	124.9
20.85	123.4
20.86	120.27
20.87	116.29
20.88	113.58
20.89	111.85
20.9	80.22
20.91	81
20.92	80.13
20.93	79.08
20.94	79.46
20.95	79.64
21.04	108.33
21.05	109.36
21.06	106.89
21.07	106.95
21.08	107.24
21.09	106.11
21.1	103.83
21.11	103.5
21.12	102.93
21.13	102.99
21.14	104.34
21.15	104.57
21.16	110.15
21.17	108.85
21.18	107.1
21.19	106.13
21.2	103.27
21.21	96.93
21.22	95.65
21.23	96.67
21.24	98.15
21.25	99.85
21.26	100.09
21.27	99.67
21.28	99.19
21.29	97.74
21.3	97.1
21.31	97.86
21.32	99.04
21.33	99.11
21.34	97.72
21.35	97.83
21.36	98.37
21.37	97.99
21.38	98.45
21.39	98.38
21.4	99.34
21.48	141
21.49	141.43
21.5	141.26
21.51	139.41
21.52	135.54
21.53	132.02
21.54	129.64
21.55	127.75
21.62	121.69
21.63	120.4
21.64	119.36
21.65	117.46
21.66	116.09
21.67	114.43
21.68	113.69
21.69	111.7
21.7	106.89
21.71	101.88
21.72	99.5
21.73	99.85
21.74	98.52
21.75	96.87
21.76	93.89
21.77	95.4
21.78	100.1
21.79	99.03
21.8	100.34
21.81	101.06
21.82	99.21
21.83	99.45
21.84	100.28
21.85	99.68
21.86	99.73
21.87	100.63
21.88	101.78
21.89	102.97
21.9	104.6
21.91	107.17
21.92	108.46
21.93	110.72
21.94	111.46
21.95	112.96
21.96	111.48
21.97	113.36
21.98	111.57
21.99	109.32
22	110.44
22.01	113.14
22.03	101.98
22.04	101.77
22.05	97.76
22.06	100.84
22.07	98.03
22.08	96.51
22.09	99.25
22.7	124.13
22.71	119.9
22.72	118.95
22.73	120.84
22.74	121.23
22.75	123.68
22.76	125.24
22.77	126.85
22.78	127.67
22.79	127.66
22.8	123.17
22.81	119
22.82	122.49
22.83	128.02
22.84	125.43
22.85	127.89
22.86	129.85
22.87	122.8
22.88	119.92
22.89	117.77
22.9	115.18
22.91	113.69
22.92	113.26
22.93	113.69
22.94	111.46
22.95	111.25
22.96	111.3
22.97	110.35
22.98	110.36
22.99	107.7
23	105.35
23.01	109.55
23.02	108.11
23.03	106.77
23.04	103.65
23.05	102.06
23.06	99.76
23.07	98.44
23.08	96.44
23.09	94.32
23.1	93.51
23.11	93.53
23.12	93.99
23.13	95.09
23.14	96.79
23.15	98.3
23.16	100.19
23.17	103.44
23.18	108.41
23.19	110.38
23.2	112.98
23.21	118.19
23.22	112.61
23.29	128.13
23.3	128.88
23.31	129.82
23.32	125.35
23.33	124.2
23.34	124.49
23.35	124.76
23.48	109.27
23.49	107.39
23.5	106.46
23.51	106.53
23.52	106.7
23.53	106.34
23.54	105.82
23.55	106.67
23.56	108.77
23.57	106.48
23.58	103.49
23.59	103.71
23.6	99.87
23.61	96.26
23.69	78.29
23.7	78.2
23.71	79.49
23.72	81.26
23.73	82.11
23.88	278.67
23.89	277.5
24.06	118.91
24.07	122.91
24.08	122.5
24.09	120.36
24.1	119.03
24.11	118.34
24.12	116.01
24.13	114.71
24.14	115.99
24.15	117.15
24.16	110.05
24.17	108.12
24.18	106.34
24.19	103.96
24.2	101.73
24.21	99.7
24.22	97.08
24.25	86.39
24.26	81.17
24.28	254.01
24.29	261.71
24.3	265.62
24.31	265.72
24.32	263.34
24.33	260.08
24.34	251.05
24.35	253.42
24.36	257.15
24.37	254.21
24.47	101.88
24.48	101.45
24.49	102.14
24.5	102.44
24.51	102.08
24.52	102.33
24.53	102.62
24.54	103.05
24.55	103.62
24.56	103.14
24.57	103.45
24.58	105.41
24.59	103.19
24.6	102.15
24.61	102.96
24.62	103.23
24.63	103.18
24.64	104.23
24.65	103.23
24.66	103.82
24.67	103.73
25.12	102.79
25.13	101.37
25.14	99.74
25.15	99.49
25.16	99.06
25.17	99.3
25.18	98.77
25.19	98.73
25.2	98.45
25.21	98.45
25.22	98.05
25.23	98.13
25.24	97.46
25.25	97.02
25.26	95.24
25.28	306.17
25.29	298.86
25.3	285.78
25.31	297.04
25.32	301.17
25.33	290.57
25.34	295.16
25.35	294.11
25.36	292.61
25.37	287.51
25.38	283.25
25.39	290.13
25.4	296.88
25.41	288.87
25.42	293.94
25.43	288.98
25.44	283.99
25.45	290.11
25.46	296.65
25.47	289.51
25.48	289.82
25.49	293.38
25.5	291.59
25.51	292.9
25.52	289.94
25.53	295.1
25.54	295
25.55	291.17
25.56	293.89
25.57	316.14
25.59	77.32
25.6	100.8
25.61	104.73
25.62	107.86
25.63	109.24
25.64	110.66
25.65	111.59
25.66	111.83
25.67	111.36
25.68	110.48
25.69	112.9
25.7	113.86
25.71	111.71
25.72	111.37
25.73	111.86
25.74	111.95
25.75	111.44
25.76	111.59
25.77	111.68
25.78	111.7
25.79	110.51
25.8	110.81
25.81	110.84
25.82	112.1
25.98	123.12
25.99	123.05
26	125.14
26.01	125.89
26.02	126.43
26.03	126.93
26.04	126.01
26.05	124.31
26.06	125.02
26.07	125.22
26.08	125.88
26.09	126.28
26.1	127
26.11	126.03
26.12	125.67
26.13	130.61
26.14	131.2
26.15	130.29
26.16	129.05
26.17	126.74
26.18	123.15
26.23	81
26.24	80.95
26.29	86.15
26.3	127.07
26.31	126.33
26.32	125.23
26.33	131.17
26.34	131.83
26.36	109.45
26.37	110.02
26.38	108.53
26.39	106.74
26.4	103.59
26.41	102.16
26.42	102.9
26.43	103.49
26.44	104.18
26.45	106.57
26.46	108.57
26.47	108.04
26.48	107.55
26.49	108.35
26.5	108.39
26.51	107.52
26.52	109.26
26.53	110.07
26.54	112.67
26.55	113.02
26.56	111.77
26.76	131.45
26.77	127.94
26.78	125.06
26.8	110.04
26.81	105.1
26.82	103.13
26.83	101.43
26.84	101.28
26.85	101.15
26.86	101.44
26.87	100.64
26.88	100.39
26.89	100.66
26.9	101.77
26.91	100.42
26.93	252.53
26.94	253.23
26.95	254.37
26.96	261.39
26.97	260.17
27.22	107.71
27.23	106.74
27.24	105.36
27.25	103.94
27.26	103.14
27.28	105.21
27.29	105.68
27.3	105.8
27.31	105.33
27.32	105.57
27.33	105.02
27.34	104.21
27.35	104.4
27.36	107.38
27.38	395.17
27.39	381.79
27.4	379.36
27.43	83.98
27.44	87.45
27.45	85.84
27.46	88.21
27.47	85.61
27.48	82.21
27.49	80.17
27.5	84.67
27.54	84.29
27.55	85.35
27.56	88.21
27.57	88.07
27.58	86.27
27.59	85.22
27.6	84.46
27.61	84.91
27.62	85.55
27.63	88.04
27.64	88.59
27.65	84.99
28.13	136.93
28.14	135.99
28.15	86.33
28.16	90.81
28.17	86.39
28.18	82.8
28.19	79.5
28.2	80.69
28.21	82.96
28.22	83.25
28.23	84.17
28.27	93.04
28.29	89.87
28.3	88.05
28.31	83.31
28.32	80.82
28.33	79.12
28.37	80.82
28.38	79.87
28.39	80.42
