time	f0
0.295	222.19
0.305	213.99
0.345	211.56
0.355	223.24
0.365	218.15
0.375	218.52
0.385	223.55
0.395	219.38
0.405	220.84
0.415	222.76
0.425	223.49
0.435	225.49
0.445	227.79
0.455	227.75
0.465	227.83
0.475	228.44
0.485	228.43
0.495	228.11
0.505	227.86
0.515	226.1
0.525	221.38
0.535	223.33
0.545	222.78
0.555	221.33
0.565	215.51
0.575	214.26
0.585	212.61
0.595	227.4
0.605	220.11
0.615	196.92
1.725	240.15
1.735	242.49
1.745	257.45
1.755	259.86
1.765	248.84
1.775	247.03
1.785	244.61
1.795	246.38
1.805	253.81
1.815	250.03
1.825	258.44
1.835	245.5
1.845	236.88
1.855	234.53
1.865	241.57
1.915	241.11
1.925	229.34
1.935	223.05
1.945	218.21
1.955	216.99
1.965	218.26
1.975	219.34
1.985	218.94
1.995	218.85
2.005	219.65
2.015	228.74
2.025	228.6
2.035	228.37
2.045	222.32
2.055	220.96
2.065	220.26
2.075	223.27
2.085	227.03
2.095	217.98
2.105	211.96
2.115	198.06
2.125	190.8
2.135	179.64
2.145	180.95
2.155	181.24
2.165	186.47
2.175	187.74
2.185	180.47
2.195	154.48
2.205	185.51
2.215	201.32
2.225	199.2
2.235	184.81
2.245	169.65
2.255	167.64
2.265	164.86
2.275	164.45
2.285	167.74
2.295	165.95
2.305	164.77
2.315	164.93
2.325	165.56
2.335	167.3
2.345	167.96
2.355	170.02
2.365	172.98
2.375	170.74
2.385	168.2
2.395	169.47
2.405	169.74
2.415	176.77
2.425	185.16
2.435	208.76
2.445	204.18
2.455	211.67
2.465	216.74
2.475	203.53
2.485	212.15
2.495	203.75
2.505	210.12
2.515	189.18
2.525	198.74
2.535	208.07
2.545	201.98
2.555	205.3
2.565	207.29
2.575	200.63
2.585	208.93
2.595	201.38
2.605	200.92
2.615	207.44
2.625	201.08
2.635	201.25
2.645	203.91
2.655	210.92
2.665	208.11
2.675	186.94
2.685	206.24
2.715	164.76
2.725	161.79
2.885	176.84
2.895	176.36
2.905	176.91
2.915	178.83
2.925	178.34
2.935	179.08
2.945	181.02
2.955	180.82
2.965	182.28
2.975	180.55
2.985	180.23
2.995	178.97
3.005	177.9
3.015	177.05
3.025	145.98
3.035	146.12
3.095	145.12
3.105	146.94
3.785	172.81
3.795	169.76
3.805	167.86
3.815	165.02
3.825	166.18
3.835	168.02
3.845	165.99
3.855	167.66
3.865	169.29
3.875	173.58
3.885	172.46
3.895	174.33
3.905	178.2
3.915	174.37
3.925	174.08
3.935	175.35
3.945	176.54
3.955	183.98
3.965	173.02
3.975	168.14
3.985	176.15
3.995	186.27
4.005	181.66
4.015	186.17
4.025	183.45
4.035	184.53
4.045	182.5
4.055	180.97
4.065	185.73
4.075	182.14
4.115	182.43
4.125	184.54
4.135	182.17
4.145	183.88
4.155	182.97
4.165	179.9
4.175	181.63
4.435	156.12
4.445	158.55
4.455	158.96
4.465	159.38
4.475	160.41
4.485	141.87
4.495	155.81
4.505	156.36
4.515	158.06
4.525	152.36
4.705	158.6
4.715	159.24
4.725	160.03
4.735	163.66
4.745	166.51
4.755	168.25
4.765	165.88
4.775	168.19
4.785	170.11
4.795	170.13
4.805	167.88
4.815	166.43
4.825	171.19
4.835	169.73
5.045	221.86
5.055	227.17
5.065	156.68
5.075	155.23
5.085	158.42
5.095	165.65
5.105	164.71
5.115	164.73
5.125	145.31
5.135	170.05
5.145	174.73
5.155	175.62
5.165	174.64
5.175	175.89
5.185	176
5.195	176.26
5.205	177.08
5.215	174.56
5.225	171.91
5.235	171.76
5.245	174.52
5.255	170.33
5.265	153.99
5.275	145.26
5.285	145.94
5.295	162.1
5.305	135.85
5.315	138.51
5.325	177.7
5.335	172.96
5.345	140.33
5.355	143.8
5.365	135.08
5.375	143.64
5.385	139.34
5.395	139.62
5.405	138.61
6.895	156.98
6.905	151.59
6.915	152.86
6.925	154.42
6.935	155.15
6.945	157.77
6.955	156.98
6.965	159.07
6.975	161.7
6.985	161.63
6.995	164.49
7.005	166.98
7.015	166.02
7.025	167.3
7.035	171.66
7.045	161.57
7.055	162.34
7.065	165.85
7.075	163.76
7.085	179.79
7.095	161.56
7.105	157.14
7.115	177.49
7.125	182.87
7.155	198.7
7.165	186.72
7.175	186.7
7.185	183.85
7.195	182.89
7.205	181.89
7.215	181.7
7.225	180.82
7.235	184.12
7.245	176.94
7.255	174.62
7.265	164.19
7.275	163.1
7.285	160.19
7.295	158.71
7.305	158.41
7.315	155.4
7.325	153.58
7.355	154
7.365	153.51
7.375	152.59
7.385	154.42
7.395	154.28
7.405	157.97
7.415	156.49
7.425	156.63
7.435	159.29
7.445	163.09
7.485	186.16
7.495	184.95
7.505	198.96
7.515	194.72
7.525	156.98
7.535	153.91
7.625	174.73
7.635	198.76
7.645	188.45
7.655	193.32
7.665	175.19
7.675	164.39
7.685	162.43
7.695	205.19
7.765	176.57
7.775	177.35
7.785	178.02
7.795	177.41
7.805	178.26
7.815	176.86
7.825	177.76
7.835	178.06
7.845	176.5
7.855	177.38
8.955	198.44
8.965	192.01
8.975	131.58
8.985	171.59
8.995	160.98
9.005	160.86
9.015	172.41
9.025	163.6
9.035	154.91
9.045	147.94
9.055	171.83
9.065	169.98
9.075	164.89
9.085	166.02
9.095	165.34
9.105	165.88
9.115	162
9.125	154.61
9.135	178.79
9.145	176.48
9.155	162.7
9.165	168.01
9.175	173.81
9.185	171.17
9.195	169.28
9.205	174.7
9.215	157.92
9.225	156.1
9.235	149.9
9.245	166.39
9.255	163.99
9.315	155.16
9.325	160.17
9.535	170.45
9.545	175.78
9.555	175.45
9.565	183.8
