time	f0
0.71	140.11
0.72	142.19
0.73	119.48
0.74	120.26
0.75	120.17
0.76	120.16
0.77	120.7
0.78	120.65
0.79	119.08
0.8	118.23
0.81	117.67
0.82	116.94
0.83	116.96
0.84	116.76
0.85	116.12
0.86	114.54
0.87	113.24
0.88	112.27
0.89	111.49
0.9	110.54
0.91	109.3
0.92	109.5
0.93	108.81
0.94	108.37
0.95	109.03
0.96	110.02
0.97	110.98
0.98	109.88
0.99	107.75
1	105.72
1.01	104.29
1.02	104.89
1.03	104.7
1.04	104.39
1.05	104.11
1.06	104.05
1.07	104.49
1.08	105.84
1.09	106.51
1.1	106.55
1.11	105.5
1.12	105.24
1.13	104.78
1.14	103.12
1.15	102.18
1.16	102.49
1.17	102.19
1.18	101.85
1.19	101.57
1.2	101.85
1.21	101.53
1.22	102.07
1.23	103.54
1.24	104.18
1.25	104.52
1.26	103.96
1.27	103.82
1.28	103.07
1.29	100.79
1.3	99.66
1.31	99.7
1.32	98.95
1.33	97.26
2.97	123.9
2.98	120.33
2.99	119.94
3	119.54
3.01	119.24
3.02	119.09
3.03	118.94
3.04	117.68
3.05	116.04
3.06	114.91
3.07	113.42
3.08	111.25
3.09	109.45
3.1	107.51
3.11	106.53
3.12	106.42
3.13	105.56
3.14	104.84
3.15	104.16
3.16	102.79
3.17	101.49
3.18	100.84
3.19	100.72
3.2	100.26
3.21	99.22
3.22	99.84
3.23	100.54
3.24	100.43
3.25	100.22
3.26	97.97
3.27	98.04
3.28	97.1
3.29	97.94
3.32	96.53
3.33	98.57
3.34	99.34
3.35	98.71
3.36	97.18
3.37	95.52
3.38	95.97
3.39	96.57
3.4	94.76
3.41	93.51
3.42	93.07
3.43	93.86
3.44	93.21
3.45	94.43
3.46	95.59
3.47	96.18
3.48	96.58
3.49	97.28
3.5	97.41
4.23	115.82
4.24	115.16
4.25	111.9
4.26	108.17
4.27	107.02
4.28	103.11
4.29	100.53
4.39	105.78
4.4	110.11
4.41	109.38
4.42	109.4
4.43	108.98
4.44	109.16
4.45	109.96
4.46	111.51
4.47	112.54
4.48	110.8
4.49	116.35
4.5	116.38
4.51	116.59
4.52	116.91
4.53	116.36
4.54	116.29
4.55	116.32
4.56	116.79
4.57	116.93
4.58	117.37
4.59	118.95
4.6	117.28
4.61	117.03
4.62	116.11
4.63	114.7
4.64	114.58
4.65	114.45
4.66	114.04
4.67	112.99
4.68	111.86
4.69	111.8
4.7	111.87
4.71	111.39
4.72	109.82
4.73	108.35
4.74	109.52
4.75	109.28
4.76	109.18
4.77	109.6
4.78	108.62
4.79	107.39
4.8	107.75
4.81	108.22
4.82	108.12
4.83	107.5
4.84	105.24
4.85	103.65
4.87	105.23
4.88	105.07
4.89	106.82
5.01	98.55
5.02	98.58
5.03	99.11
5.26	130
5.27	127.7
5.28	126.3
5.29	126.34
5.3	125.36
5.31	125.06
5.32	124.36
5.33	123.08
5.34	121.45
5.35	119.88
5.36	121.5
5.37	121.52
5.38	113.29
5.39	116.27
5.4	115.32
5.41	113.54
5.42	113.21
5.43	112.84
5.44	111.08
5.45	110.44
5.46	110.29
5.47	109.41
5.48	109.6
5.49	110.01
5.5	110.73
5.51	110.16
5.52	108.56
5.53	109.26
5.54	109.92
5.55	109.13
5.56	106.14
5.57	107.62
5.58	109.43
5.81	98.77
5.82	99.55
5.83	97.65
5.84	96.94
5.85	95.63
5.86	92.96
5.87	96.87
5.88	93.62
5.89	94.22
5.9	94.91
5.91	94.7
5.92	94.52
5.93	94.55
5.94	94.69
5.95	94.75
6.37	110.41
6.38	112.87
6.39	95
6.4	100.28
6.41	98.26
6.42	97.15
6.43	97.41
6.44	96.96
6.45	97.74
6.46	99.92
6.47	98.94
6.48	98.69
6.49	99.59
6.5	99.55
6.51	98.97
6.52	112.72
6.53	112.19
6.54	112.45
6.55	112.61
6.56	100.6
6.57	100.57
6.58	99.39
6.75	111.09
6.76	93.46
6.77	94.73
6.78	94.64
6.79	107.62
6.8	107.85
6.81	108.18
6.82	100.85
6.83	103.76
6.84	105.36
6.85	104.93
6.86	104.23
6.87	104.57
6.88	103.63
6.89	102.68
6.9	102.42
6.91	102.03
6.92	101.17
6.93	100.98
6.94	101.69
6.95	102.58
6.96	102.55
6.97	102.02
6.98	102.48
7	101.8
7.01	102.39
7.09	108.44
7.1	106.29
7.11	108.67
7.12	111.04
7.13	104.8
7.14	107.14
7.15	105.58
7.16	105.74
7.17	103.94
7.18	105.05
7.19	101.9
7.2	105.5
7.21	102.6
7.22	102.09
7.23	100.43
7.24	103.31
7.25	100.08
7.26	101.13
7.27	100.36
7.28	100.45
7.29	101.24
7.3	107.86
7.31	108.43
7.32	108.16
7.33	107.5
7.34	108.36
7.35	109.73
7.36	111.26
7.37	113.27
7.38	114.02
7.39	114.89
7.4	116.57
7.41	117.84
7.42	119.47
7.43	120.38
7.44	119.88
7.45	119.25
7.46	120.08
7.47	120.55
7.48	131.13
7.49	130.5
7.5	129.6
7.51	130.73
7.52	129.31
7.53	128.98
9.12	109.6
9.13	110.79
9.14	112.05
9.15	110.77
9.16	108.06
9.17	107.27
9.18	106.81
9.19	106.37
9.2	107.47
9.33	108.53
9.34	107.59
9.35	108.2
9.36	107.74
9.37	107.77
9.38	107.38
9.39	108.04
9.4	108.56
9.44	107.67
9.45	108.72
9.46	108.05
9.47	107.53
9.58	115.5
9.59	113.57
9.6	112.09
9.61	110.62
9.62	109.78
9.63	109.97
9.64	108.47
9.65	104.8
9.66	103.96
9.67	102.54
10.14	111.35
10.15	113.44
10.16	114.22
10.17	111.66
10.18	111.37
10.19	108.34
10.2	107.76
10.21	104.91
10.22	103.59
10.23	103.53
10.24	101.82
10.25	99.73
10.26	104.85
10.27	103.84
10.28	105.1
10.29	105.65
10.3	104.6
10.31	104.5
10.32	100.02
10.33	100
10.34	100.6
10.35	103.96
10.36	99.94
10.37	99.58
10.38	103.1
10.39	102.35
10.4	101.24
10.72	125.76
10.73	125
10.74	124.61
10.75	119.34
10.76	115.16
10.77	111.67
10.83	101.07
10.84	103.37
10.85	102.87
10.86	103.55
10.87	103.32
10.88	104.24
10.89	103.6
10.9	103.06
10.91	103.02
10.92	102.66
10.93	102.41
10.94	102.65
10.95	102.25
10.96	102.33
10.97	103.13
10.98	103.87
10.99	104.04
11	103.76
11.01	102.67
11.02	101.5
11.03	101.91
11.04	102.63
11.05	101.73
11.06	101.99
11.07	101.89
11.08	101.72
11.09	101.72
11.11	114.53
11.12	110.29
11.13	106.16
11.14	103.59
11.15	102.94
11.16	102.14
11.17	100.69
11.18	100.31
11.19	100.36
11.2	99.78
11.21	99.95
11.22	100.68
11.23	101.56
11.24	102.27
11.25	102.05
11.26	103.18
11.43	113.94
11.44	106.91
11.45	106.47
11.46	104.45
11.47	104.42
11.48	104.02
11.49	103.41
11.5	103.5
11.51	103.73
11.52	104.69
11.53	104.44
11.87	136.63
11.88	141.93
11.89	142.83
11.9	139.23
12.01	145
12.02	145.37
12.03	141.9
12.24	81.43
12.31	103.83
12.32	105.78
12.33	105.6
12.34	104.3
12.35	103.19
12.36	102.81
12.37	104.65
12.38	103.44
12.39	103.95
12.4	104.67
12.41	104.82
12.42	105.06
12.43	105.69
12.44	106.23
12.45	105.8
12.46	103.5
12.47	106.36
12.64	120.19
12.65	117.58
12.66	115.45
12.67	114.07
12.68	111.69
12.69	110.53
12.7	108.94
12.71	110.05
12.72	106.23
12.73	106.5
12.74	108.64
12.75	107.64
12.76	102.59
12.77	105.44
12.78	104.07
12.79	104.5
12.8	105.41
12.81	102.69
12.82	103.33
12.83	102.01
12.84	102.02
12.85	101.34
12.86	101.31
12.87	102.09
12.88	101.97
12.89	102.06
12.9	100.79
12.91	101.5
12.92	101.61
12.93	101.85
13.22	118.56
13.23	119.09
13.29	114.59
13.3	113.79
13.31	111.06
13.72	114.85
13.73	103.91
13.74	107.87
13.75	104.84
13.76	103.74
13.77	103.18
13.78	105.51
13.8	100.65
13.81	102.19
13.82	102.84
14.06	111.38
14.07	108.25
14.08	111.43
14.09	110.55
14.1	110.85
14.11	110.32
14.12	112.36
14.38	113.61
14.39	108.25
14.4	106.89
14.41	105.63
14.42	105.47
14.43	104.48
14.44	104.82
14.64	143.74
14.65	139.86
15.44	140.55
15.45	143.8
15.46	145.72
15.47	149.49
15.48	151.38
15.49	151.59
15.5	153.65
15.51	153.28
15.52	154.05
17.56	114.64
17.57	109.97
17.58	110.35
17.59	110.4
17.6	109.37
17.77	124.95
17.78	117.17
17.79	113.75
18.02	117.26
18.03	116.08
18.04	114.95
18.05	113.61
18.06	111.26
18.07	110.26
18.08	110.36
18.09	110.41
18.1	110.01
18.11	108.34
18.12	109.68
18.13	110.37
18.14	109.58
18.15	110.7
18.16	111.67
18.17	110.01
18.18	109.09
18.19	106.48
18.2	107.07
18.21	108.02
18.22	107.84
18.23	107.91
18.24	107.68
18.25	109.38
18.26	111.04
18.27	110.09
18.28	107.39
18.29	107.34
18.3	109.3
18.31	110.74
18.32	111.84
18.33	113.76
18.34	115.76
18.35	115.97
18.36	117.36
18.37	118.46
18.38	118.28
18.39	118.33
18.4	117.17
18.41	116.64
18.42	116.08
18.43	115.82
18.44	115.49
18.45	113.46
18.46	113.09
18.47	112.59
18.48	112.08
18.49	110.88
18.5	110.69
18.51	109.45
18.52	108.68
18.53	109.33
18.54	110.2
18.55	111.2
18.65	113.76
18.66	112.61
18.67	112.46
18.68	116.21
18.69	108.07
18.7	118.81
18.71	116.03
18.72	111.15
18.73	106.18
18.74	101.34
18.75	101.37
18.76	101.46
18.77	101.33
18.78	101.1
18.79	100.79
18.8	100.22
18.81	100.43
18.82	101.04
18.83	100.28
18.84	101.06
18.85	101.45
18.86	99.28
18.87	99.47
18.88	99.65
18.89	99.29
18.9	100.58
18.91	100.52
18.92	98.97
18.93	99.31
18.94	98.64
18.95	98.31
18.96	98.02
18.97	97.51
18.98	98.24
18.99	99.03
19	99.16
19.01	98.54
19.25	119.48
19.26	121.29
19.27	120.53
19.28	120.67
19.29	120.7
19.3	122.02
19.31	122.67
19.32	121.61
19.33	120.23
19.34	117.17
19.35	113.19
19.36	118.15
19.37	118.08
19.38	117.92
19.39	116.88
19.4	114.96
19.41	113.97
19.42	112.93
19.43	112.03
19.44	112.34
19.45	107.18
21.34	80.34
21.35	80.73
21.36	107.57
21.37	105.45
21.38	103.99
21.39	103.11
21.4	101.81
21.41	100.03
21.42	100.27
21.43	100.99
21.44	101.25
21.45	101.11
21.46	100.24
21.47	99.54
21.48	101.23
21.49	102.9
21.5	102.75
21.51	102.63
21.52	102.39
21.53	101.09
21.54	99.84
21.55	99.3
21.56	99.81
21.57	100
21.58	100.07
21.59	101.05
21.6	101.79
21.61	102.31
21.62	102.24
21.63	101.66
21.64	101.32
21.65	101.1
21.66	100.92
21.67	101.8
21.68	102.67
21.69	101.97
21.7	101.36
21.71	99.79
22.02	103.35
22.03	103.66
22.04	102.68
22.05	102.76
22.06	102.91
22.07	102.88
22.08	103.6
22.09	103.89
22.1	103.49
22.11	103.06
22.12	102.57
22.13	101.9
22.14	102.24
22.15	101.87
22.16	101.28
22.17	100.45
22.18	99.07
22.19	100.69
22.2	100.28
22.21	96.95
22.22	104.82
22.23	103.08
22.24	103.21
22.25	102.01
22.26	102.05
23.63	107.49
23.64	107.98
23.65	104.4
23.66	102.86
23.67	106.07
23.68	102.87
23.69	100.81
23.7	102.08
23.71	100.89
23.72	99.82
23.92	102.07
23.93	105.04
23.94	108.2
23.95	107.06
23.96	108.62
23.97	95.23
23.98	104.36
23.99	101.42
24	102.54
24.01	101.96
24.02	102.51
24.03	101.98
24.04	101.7
24.05	101.34
28.36	80.19
28.37	77.43
28.38	81.04
28.39	81.37
28.4	83.33
28.41	85.52
28.47	99.31
28.48	100.49
28.49	99.3
28.5	97.64
28.51	94.72
28.52	100.97
28.53	99.53
28.54	102.78
28.55	108.06
28.56	101.9
28.57	104.33
28.58	105.17
28.59	99.83
28.6	100.98
28.61	102.03
28.93	112.69
28.94	109.99
28.95	105.38
28.96	103.13
28.97	105.48
28.98	105.89
28.99	107.93
29	107.89
29.01	106.32
29.02	104.25
29.03	103.65
29.04	103.87
29.05	104.34
29.06	103.17
29.07	100.61
29.08	101.36
29.09	103.35
29.1	103.41
29.11	104.03
29.12	103.39
29.13	101.19
29.14	98.07
29.15	96.75
29.16	95.02
29.17	94.61
29.18	94.05
29.19	95.53
29.2	95.95
29.21	95.78
29.22	95.55
29.23	96.56
29.24	95.1
