time	f0
0.175	120.16
0.185	120.27
0.195	119.99
0.355	110.14
0.365	109.89
0.375	109.36
0.385	108.44
0.395	106.7
0.405	105.94
0.415	105.93
0.465	105.85
0.475	105.57
0.485	106.02
0.495	106.49
0.505	107.24
0.515	106.94
0.525	105.98
0.535	105.37
0.545	104.69
0.555	103.63
0.565	103.06
0.575	102.58
0.585	101.82
0.595	101.48
0.605	101.44
0.615	101.53
0.625	101.62
0.635	101.68
0.645	101.72
0.655	101.69
0.665	101.25
0.675	100.67
0.685	100.2
0.695	99.72
0.705	99.44
0.715	99.4
0.725	99.83
0.735	100.09
0.745	99.57
0.755	99.2
0.765	99.28
0.775	99.35
0.785	99.38
0.795	99.44
0.805	99.42
0.815	99.37
0.825	99.13
0.835	98.45
0.845	98.28
0.855	97.9
0.865	97.59
0.875	97.27
0.885	97.07
0.895	96.68
0.905	96.36
0.915	96.06
0.925	95.8
0.935	94.98
0.945	94.77
0.955	93.93
0.965	93.63
0.975	93.59
0.985	93.55
0.995	93.53
1.005	93.48
1.015	93.2
1.025	92.68
1.035	92.43
1.045	91.71
1.055	91.29
1.065	90.25
1.075	89.35
1.085	88.75
1.095	88.25
1.105	87.78
1.115	87.1
1.125	86.87
1.135	86.79
1.145	86.94
1.155	86.42
1.165	86.09
1.175	85.51
1.185	85.11
1.195	84.44
1.205	84
1.215	84.31
1.225	84.07
1.235	83.06
1.245	82.32
1.255	82.01
1.265	81.75
1.275	81.49
1.285	81.47
1.295	80.91
1.305	80.4
1.315	79.91
1.325	78.76
1.335	78.93
1.345	79.26
1.355	78.74
1.365	77.3
1.375	75.7
1.385	74.48
1.395	74.92
1.405	77.05
1.415	78.54
1.745	90.44
1.755	90.89
1.765	90.26
1.775	88.81
1.785	87.95
1.795	88.37
1.805	87.86
1.815	87.3
2.175	92.51
2.185	91.89
2.195	91.45
2.205	85.41
2.215	83.23
2.225	82.4
2.235	82.28
2.245	82.49
2.255	82.79
2.265	83.3
2.275	82.28
2.285	90.58
2.295	99.38
2.305	103.84
2.315	105.69
2.325	106.46
2.335	107.26
2.345	108.79
2.355	111.16
2.365	111.59
2.375	112.74
2.385	106.96
2.395	107.69
2.405	110.15
2.415	111.35
2.425	110.87
2.435	110.06
2.445	109.07
2.455	107.64
2.465	107.7
2.475	107.51
2.485	102.43
2.495	101.17
2.505	99.62
2.515	98.52
2.525	96.82
2.535	97.27
2.545	97.07
2.555	94.42
2.565	93.51
2.575	92.13
2.585	91.27
2.595	90.67
2.605	89.65
2.615	89.08
2.625	88.15
2.635	87.69
2.645	87.18
2.655	87.02
2.665	87.41
2.885	81.6
2.895	84.47
2.905	87.68
2.915	87.31
2.925	86.94
2.935	87.2
2.945	87.1
2.955	87.11
2.965	87.34
2.975	87.33
2.985	87.87
2.995	87.94
3.005	88.15
3.015	88.31
3.025	88.34
3.035	82.42
3.045	83.05
3.055	82.41
3.065	82.11
3.075	82.24
3.085	82.8
3.345	83.71
3.355	84.19
3.365	83.86
3.375	84.2
3.385	84.46
3.395	83.91
3.405	83.5
3.415	83.71
3.425	83.71
3.685	82.49
3.695	80.31
3.705	80.8
3.715	81.51
3.725	103.36
3.735	100.71
3.755	67.27
3.765	65.19
3.775	64.59
3.905	76.31
3.915	76.08
3.925	75.52
3.935	78.14
3.945	78.7
3.955	79.21
3.965	76.75
3.975	77.84
3.985	75.42
3.995	76.6
4.005	76.47
4.015	75.29
4.025	75.91
4.035	76.36
4.045	76.75
4.055	77.01
4.065	76.72
4.075	78.94
4.085	79.28
4.095	79.9
4.105	80.36
4.115	81.45
4.125	82.7
4.135	82.78
4.145	81.32
4.155	81.81
4.165	83.41
5.385	79.87
5.395	79.58
5.405	78.89
5.415	78.8
5.425	79.12
5.435	79.5
5.445	81.75
5.455	82.03
5.465	81.99
5.475	82.54
5.485	82.98
5.495	83.25
5.505	82.64
5.515	82.13
5.525	81.52
5.535	81.24
5.545	80.96
5.555	80.02
5.565	78.39
5.595	79.61
5.605	78.71
5.615	78.42
5.625	78.51
5.635	78.61
5.645	78.59
5.655	78.12
5.665	77.78
5.675	77.45
5.685	77.35
5.695	77.55
5.705	77.03
5.715	76.51
5.725	76.14
5.735	75.47
5.745	72.3
5.755	72.16
5.765	75.66
5.775	75.59
5.785	72.35
6.545	80.47
6.555	80.68
6.565	80.88
6.575	80.44
6.585	79.49
6.595	79.07
7.305	63.67
7.315	64
7.325	63.67
7.335	66.24
7.345	67.14
7.355	67.05
7.365	66.38
7.605	86.98
7.615	87.21
7.625	83.96
7.725	79.52
7.735	80.17
7.745	80.57
7.755	80.24
7.765	80.17
7.775	79.97
7.785	79.82
7.795	79.62
7.805	79.09
7.905	75.65
7.915	73
7.925	69.97
7.935	70.1
7.945	72.69
7.955	70.68
7.965	70.84
7.975	71.05
7.985	70.01
7.995	70.44
8.195	84.24
8.205	86.82
8.215	86.93
8.225	84.08
8.235	83.6
8.245	83.73
8.255	83.81
8.265	82.99
8.275	82.92
8.285	84.06
8.295	84.42
8.305	84.03
8.315	81.63
8.325	81.51
8.335	81.94
8.345	82.55
9.065	87.27
9.075	87.34
9.085	87.47
9.095	87.17
9.105	87.23
9.115	83.87
9.325	95.81
9.335	95.28
9.345	95.3
9.355	95.35
9.365	95.15
9.375	95.42
9.385	98.4
9.395	98.36
9.595	101.86
9.605	101.74
9.615	101.87
9.625	98.26
9.635	94.66
9.645	95.03
9.655	95.19
9.665	97.39
9.745	93.68
9.755	96.35
9.765	96.71
9.775	96.93
9.785	96.88
9.795	94.28
9.805	94.53
9.815	94.52
10.535	106.71
10.545	107.29
10.555	106.43
10.565	103.85
10.575	103.94
10.585	103.75
10.595	100.08
10.605	99.7
10.615	100.05
10.625	99.73
10.635	98.26
10.645	97.82
10.655	97.67
10.665	97.77
10.675	97.63
10.685	99.76
10.695	100.14
10.705	101.95
10.715	102.32
10.725	101.97
10.735	102.04
10.745	97.83
10.755	94.85
10.765	94.91
10.775	95.71
10.785	95.75
10.795	93.53
10.805	93.37
11.995	151.5
12.005	149.69
12.015	143.46
12.025	137.73
12.035	143.79
12.045	148.98
12.085	102.09
12.095	97.51
12.105	92.3
12.115	95.13
12.125	97.23
12.135	98.97
12.245	115.24
12.255	118.28
12.265	120.5
12.275	121.4
12.285	121.4
12.295	121.08
12.305	120.48
12.315	118.82
12.325	117.39
12.335	117.13
12.345	118.72
12.355	118.29
12.365	115.84
12.435	104.05
12.445	104.23
12.455	102.64
12.465	102.19
12.475	102.8
12.485	102.61
12.535	96.63
12.545	96.5
12.555	96.38
12.565	96.19
12.575	95.07
12.585	94.72
12.595	87.36
12.605	85.69
12.665	81.91
12.675	81.36
12.685	80.54
12.695	80.07
13.075	64.35
13.085	73.93
13.095	73.9
14.015	103.86
14.025	102.25
14.035	100.46
14.045	99.64
14.055	97.7
14.065	97.76
14.075	97.85
14.085	95.77
14.095	95.84
14.105	93.98
14.115	92.18
14.125	91.99
14.135	92.27
14.145	92.29
14.155	89.92
14.165	90.09
14.175	90.29
14.185	90.28
14.195	90.36
14.205	88.16
14.215	88.28
14.225	88.44
14.235	88.34
14.245	88.04
14.255	88.16
14.265	86.85
14.275	85.01
14.285	84.93
14.295	82.6
14.305	82.97
14.315	83.25
14.325	83.38
14.335	83.39
14.345	83.35
14.355	83.07
14.365	82.79
14.375	83.09
14.385	83.21
14.395	82.95
14.405	82.61
14.415	81.61
14.425	81.57
14.435	81.31
14.445	81.44
14.455	79.94
14.465	79.92
14.475	79.57
14.485	80.03
14.495	79.97
14.505	78.8
14.515	78.82
14.525	78.7
14.535	78.52
14.545	78.55
14.555	78.88
14.565	79.1
14.575	77.77
14.585	77.87
14.595	77.61
14.605	76.96
14.615	77.31
14.625	77.38
14.635	77.6
14.645	77.87
14.655	76.4
14.665	76.9
14.675	76.27
14.685	76.18
14.695	75.13
14.705	72.71
14.715	74.28
14.725	76.7
14.735	74.48
14.745	74.6
14.755	74.69
14.765	74.73
14.775	74.61
14.785	74.46
14.795	74.24
14.805	73.16
14.815	73.03
14.825	73.75
14.835	73.26
14.845	73.07
14.855	72.85
14.865	72.83
14.875	71.99
14.885	72.2
14.895	72.37
14.905	71.92
14.915	71.78
14.925	72.85
14.935	72.83
14.945	71.01
15.315	96.47
15.325	100.71
15.335	101.45
15.345	101.71
15.355	104.12
15.365	104.74
15.375	105.42
15.385	106.6
15.395	106.33
16.765	87.51
16.775	86.78
16.785	86.26
16.795	85.32
16.805	85.03
16.815	84.36
16.825	83.41
16.835	83.21
16.845	82.66
16.855	82
16.865	81.84
16.875	81.54
16.885	81.34
16.895	81.08
16.905	80.46
16.915	79.53
16.925	78.58
16.935	78.1
16.945	76.48
19.815	112.28
19.825	111.44
19.835	111.94
19.845	114.89
19.855	115.45
19.865	115.12
19.875	114.46
19.885	113.3
19.895	113.98
20.065	90.43
20.075	90.54
20.085	89.35
20.095	89
20.105	88.75
20.175	87.03
20.185	86.85
20.195	86.7
20.205	86.52
20.215	86.21
20.225	86.5
20.235	86.55
20.245	86.51
20.255	86.6
20.265	86.37
20.275	86.12
20.325	98.72
20.335	98.97
20.345	98.99
20.355	98.55
20.365	98.15
20.375	96.61
20.385	95.71
20.515	98.92
20.525	101.86
20.535	101.98
21.225	102.22
21.235	101.63
21.245	100.62
21.255	99.58
21.265	99.08
21.275	99.21
21.285	99.9
21.295	99.61
21.305	98.1
21.315	98.8
21.325	99.23
21.335	96.87
21.345	96.87
21.355	96.59
21.365	73.26
21.375	73.41
21.385	73.93
21.435	83.18
21.445	83.34
21.455	83.25
21.465	82.99
21.475	82.66
21.485	82.51
21.495	82.43
21.505	81.11
21.675	94.96
21.685	95.1
21.695	95.42
21.705	95.83
21.715	95.06
21.725	91.94
21.735	91.7
21.745	91.28
21.755	88.54
21.895	78.38
21.905	80.26
21.915	79.31
21.925	79.05
21.935	79.47
21.945	79.87
21.955	80.11
21.965	80.36
21.975	80.76
21.985	84.39
21.995	84.9
22.005	82.14
22.015	82.12
22.025	82.06
22.035	82.29
22.045	82.57
22.055	84.61
22.065	84.6
22.075	85.2
22.085	87.88
22.095	87.77
22.105	88.02
22.115	88.14
22.125	89.93
22.135	89.92
22.145	90.07
22.155	89.93
22.165	89.13
22.175	87.98
22.185	85.82
22.195	82.92
22.205	84.92
22.215	85.84
22.225	84.09
22.235	83.77
22.245	83.54
22.255	83.24
22.265	79.6
22.275	79.37
22.285	78.69
22.295	77.39
22.305	78.68
22.315	79.4
22.325	79.97
22.335	79.28
22.345	78.26
22.355	78.26
22.365	79.26
22.545	84.51
22.555	84.81
22.565	81.49
22.575	81.39
22.585	75.27
22.595	74.76
22.765	79.61
22.775	79.35
22.785	79.82
22.795	83.76
22.805	87.9
22.815	87.86
22.825	85.83
22.835	83.5
22.845	82.73
22.855	79.71
22.865	79.23
23.335	86.53
23.345	86.81
23.355	87.01
23.365	87.24
23.495	108.79
23.505	109.01
23.515	109.7
23.525	109.79
23.535	109.44
23.545	106.38
