time	f0
0.689	139.58
0.699	136.35
0.709	132.1
0.719	131.12
0.729	128.52
0.739	126.79
0.749	124.63
0.759	124.97
0.769	124.34
0.779	123.98
0.789	123.13
0.799	121.69
0.809	121.56
0.819	121.15
0.829	121.24
0.839	120.26
0.849	118.05
0.859	116.14
0.869	117.34
0.879	118.09
0.889	116.63
0.899	115.62
0.909	116.89
0.919	115.81
0.929	115.94
0.939	115.92
0.949	116.25
0.959	116.35
0.969	116.67
0.979	116.35
0.989	116.12
0.999	116.01
1.009	115.58
1.019	114.8
1.029	114.18
1.039	113.95
1.049	113.92
1.059	112.98
1.069	113.2
1.079	112.03
1.089	112.65
1.099	113.9
1.109	113.74
1.119	113.55
1.129	113.24
1.139	112.63
1.149	111.87
1.159	111.06
1.169	110.85
1.179	110.81
1.189	110.61
1.199	110.47
1.209	110.32
1.219	110.12
1.229	109.47
1.239	109.05
1.249	109.91
1.259	109.91
1.269	109.88
1.279	110.36
1.289	110.56
1.299	110.85
1.309	111.18
1.319	111.21
1.329	110.97
1.339	110.78
1.349	110.88
1.359	111
1.369	110.77
1.379	110.18
1.389	109.96
1.399	110.04
1.409	109.81
1.419	109.83
1.429	109.36
1.439	108.71
1.449	109.4
1.459	108.87
1.469	107.42
1.479	107.63
3.399	114.14
3.409	112.24
3.419	115.04
3.429	115.63
3.439	115.55
3.449	115.48
3.459	114.52
3.469	114.03
3.479	113.79
3.489	114.39
3.499	112.66
3.509	112.58
3.519	110.59
3.559	113.05
3.569	114.8
3.579	115.08
3.629	120.58
3.639	126.01
3.649	126.9
3.659	125.95
3.669	126.01
3.679	126.43
3.689	125.93
3.699	125.41
3.709	124.92
3.719	124.23
3.729	124.81
3.739	125.65
3.749	124.9
3.759	124.8
3.769	125.39
3.779	125.97
3.789	124.89
3.799	125.22
3.809	125.52
3.819	124.59
3.829	125.35
3.839	124.36
3.849	125.18
3.859	125.27
3.869	124.92
4.019	119.32
4.029	122.02
4.039	121.38
4.049	121.48
4.059	122.35
4.069	121.47
4.079	120.59
4.089	119.68
4.099	119.18
4.109	118.41
4.119	117.83
4.129	116.65
4.139	115.61
4.149	117.82
4.159	117.67
4.169	118.31
4.179	118.33
4.189	117.61
4.199	117.39
4.209	117.1
4.219	116.93
4.229	118.94
4.239	119.35
4.249	117.86
4.259	116.97
4.269	117.43
4.279	118.04
4.289	117.57
4.349	139.73
4.359	138.84
4.369	138.12
4.379	135.11
4.389	134.82
4.399	134.04
4.409	132.72
4.419	130.09
4.429	131.35
4.439	132.79
4.449	127.46
4.459	124.24
4.469	123.66
4.479	133.73
4.489	123.3
4.499	123.18
4.589	118.57
4.599	120.73
4.609	122.22
4.619	124.58
4.629	125.03
4.639	125.41
4.649	126
4.659	126.12
4.669	125.93
4.679	125.98
4.689	125.56
4.699	125.49
4.709	125.61
4.719	123.18
4.729	125.82
4.739	126
4.749	126.05
4.759	126.04
4.769	135.08
4.779	134.46
4.789	131.77
4.799	131.36
4.809	131.14
4.819	130.46
4.829	129.43
4.839	128.48
4.849	128.75
4.859	126.99
4.869	126.27
4.879	124.24
4.889	124.46
4.899	123.2
4.909	124.54
4.919	123.67
4.929	122.1
4.939	121.68
4.949	121.25
4.959	120.55
4.969	119.57
4.979	119.09
4.989	116.99
4.999	117.8
5.009	118.87
5.019	117.66
5.029	119.39
5.039	114.24
5.049	113.41
5.059	113.27
5.069	112.47
5.079	112.77
5.089	111.95
5.099	113.09
5.109	110.99
5.119	111.1
5.129	110.92
5.139	109.56
5.149	110.09
5.159	110.01
5.169	109.85
5.179	110.72
5.189	111.57
5.199	111.4
5.209	110.94
5.219	110.76
5.229	110.55
5.239	110.11
5.249	109.43
5.259	108.93
5.269	108.54
5.279	108.25
5.289	107.08
5.299	107.69
5.309	107.62
5.319	107.32
5.329	107.82
5.339	107.08
5.349	105.4
5.359	106.14
5.369	106.82
5.379	107.13
5.709	119.68
5.719	119.35
5.729	118.53
5.739	117.63
5.749	117.65
5.759	116.89
5.769	116.4
5.779	114.82
5.789	116.11
5.799	115.52
5.809	118.08
5.819	116.3
5.829	116.11
5.839	107.86
5.849	108.2
5.859	108.89
5.869	118.96
5.879	104.31
5.889	105.82
5.899	110.98
5.909	109.97
5.919	113.7
5.929	117.55
5.939	120.13
5.949	124.31
5.959	126.95
5.969	126.44
5.979	127.23
5.989	128.47
5.999	129.16
6.009	127.76
6.019	126.44
6.029	128.87
6.039	129.05
6.049	127.87
6.059	127.07
6.069	127.16
6.079	126.06
6.089	125.47
6.099	127.47
6.109	126.58
6.119	123.06
6.129	121.51
6.139	124.17
6.149	123.89
6.159	121.94
6.169	123.78
6.289	207.4
6.299	203.09
6.309	199.68
6.319	203.89
6.329	208.97
6.339	114.1
6.349	112.75
6.359	113.5
6.369	113.11
6.379	113.12
6.389	112.86
6.399	112.48
6.409	112.14
6.419	111.87
6.429	112.6
6.439	112.65
6.449	112.32
6.459	111.7
6.469	111.03
6.479	110.52
6.489	110.09
6.499	109.71
6.509	109.8
6.519	110.1
6.529	110.12
6.539	109.71
6.549	109.94
6.559	110.02
6.569	109.93
6.579	110.46
6.589	109.76
6.599	109.27
6.609	109.23
6.619	108.88
6.629	108.38
6.639	108.75
6.649	108.71
6.659	108.65
6.669	108.32
6.679	108.67
6.689	109.2
6.699	109.59
6.709	110.61
6.719	111.01
6.729	111.1
6.739	110.92
6.749	111.03
6.759	111.11
6.769	111.23
6.779	111.19
6.789	110.93
6.799	110.31
6.809	109.8
6.819	109.49
6.829	108.9
6.839	108.42
6.849	108.38
6.859	108.45
6.869	108.3
6.879	108.19
6.889	108.24
6.899	108.19
6.909	107.8
6.919	107.13
6.929	106.72
6.939	106.68
6.949	106.56
6.959	106.75
6.969	106.11
6.979	106.15
6.989	105.68
6.999	105.35
7.009	104.52
7.019	105.11
7.149	122.01
7.159	121.89
7.169	121.9
7.179	121.98
7.189	121.47
7.199	121.81
7.209	122.55
7.219	123.34
7.229	123.42
7.239	122.6
7.249	122.98
7.259	123.52
7.269	123.63
7.279	122.32
7.289	124.37
7.299	126.52
7.309	134.12
7.319	134.34
7.329	135.32
7.339	135.17
7.349	133.98
7.359	133.82
7.369	131.62
7.379	129.73
7.389	127.22
7.399	122.3
7.409	121.88
7.419	122.45
7.429	116.08
7.439	116.77
7.449	115.95
7.459	114.69
7.469	114.73
7.479	114.96
7.489	117.9
7.499	120.01
7.709	103.82
7.719	106.26
7.729	106.34
7.739	110.1
7.749	110.18
7.759	108.81
7.769	108.86
7.779	108.15
7.789	108.23
7.799	107.69
7.809	107.79
7.819	107.25
7.829	107.54
7.839	107.2
7.849	107.16
7.859	107.23
7.869	107.01
7.879	106.76
7.889	106.28
7.899	106.62
7.909	106.46
7.919	106.43
7.929	106.45
7.939	106.17
7.949	106.44
7.959	105.73
7.969	105.92
7.979	106.08
7.989	106.15
7.999	106.28
8.009	105.62
8.019	105.01
8.029	104.8
8.039	105.1
8.049	105.29
8.059	104.76
8.069	104.42
8.079	104.59
8.089	104.42
8.099	104.17
8.109	103.9
8.119	103.45
8.129	103.16
8.139	103.45
8.149	103.86
8.159	103.89
8.169	104.14
8.179	104.08
8.189	103.99
8.199	103.84
8.209	103.47
8.219	102.99
8.229	102.85
8.239	102.61
8.249	102.26
8.259	101.76
8.269	101.9
8.279	101.56
10.009	117.47
10.019	117.77
10.029	119.28
10.039	118.92
10.049	117.68
10.059	115.49
10.069	115.14
10.079	114.98
10.089	113.79
10.099	113.73
10.109	112.6
10.119	113.69
10.129	114.29
10.139	114.19
10.149	113.44
10.159	112.6
10.169	111.81
10.179	111.1
10.189	111.1
10.199	111.07
10.209	110.57
10.219	110.33
10.229	109.21
10.239	108.28
10.249	104.98
10.259	109.11
10.269	110.97
10.279	109.61
10.289	109.59
10.299	111.02
10.309	110.18
10.319	109.85
10.329	109.58
10.339	110.53
10.349	111.98
10.359	115.6
10.369	116.45
10.379	119.16
10.389	127.97
10.399	127.83
10.409	132.01
10.419	131.62
10.429	131.59
10.439	132.85
10.449	134.23
10.459	135.88
10.469	136.14
10.479	135.83
10.489	135.29
10.499	134.44
10.509	134.03
10.519	134
10.529	133.48
10.539	124.79
10.549	124.2
10.559	124.1
10.569	124.9
10.579	123.63
10.589	124.6
10.599	124.16
10.609	122.83
10.619	121.19
10.629	119.98
10.639	118.87
10.649	117.94
10.659	116.57
10.669	115.7
10.679	114.6
10.689	114.25
10.699	114.62
10.709	114.9
10.719	114.17
10.729	114.13
10.739	114.77
10.749	114.96
10.759	114.89
10.769	114.97
10.779	114.67
10.789	114.78
10.799	114.25
10.809	113.76
10.819	114.26
10.829	114.32
10.839	114.28
11.039	133.97
11.049	131.12
11.059	128.83
11.069	125.03
11.079	123.07
11.089	121.73
11.129	132.67
11.139	134.75
11.149	132.81
11.159	129.63
11.169	128.15
11.179	123.5
11.189	120.74
11.199	115.42
11.209	117.24
11.219	121.11
11.229	125.2
11.239	125.08
11.249	122.24
11.259	119.99
11.269	117.65
11.279	113.16
11.289	113.66
11.299	113.41
11.309	120.22
11.319	123.51
11.329	126.33
11.339	127.43
11.349	125.06
11.359	125.17
11.369	126.37
11.379	123.96
11.389	123.02
11.399	121.69
11.409	119.86
11.419	119.05
11.429	118.64
11.439	118.73
11.449	119.6
11.459	119.98
11.469	120.93
11.479	120.36
11.489	120.19
11.499	121.12
11.509	120.96
11.519	120.6
11.529	123.95
11.539	126.07
11.549	122.96
11.559	120.89
11.569	120.35
11.579	121.15
11.589	122.58
11.599	136.09
11.609	137.26
11.619	133.15
11.629	135.09
11.639	131.39
11.649	131.55
11.659	124.79
11.669	125.36
11.679	125.46
11.689	125.34
11.749	126.6
11.759	126.26
11.769	121.93
11.779	110.94
11.789	112.34
11.799	118.96
11.809	124.36
11.819	131.03
11.829	130.78
11.839	130.41
11.849	128.85
11.859	127.42
11.869	127.15
11.879	118.63
11.889	115.05
11.899	115.78
11.909	117.93
11.919	173.83
11.929	172.62
11.939	174.51
11.949	176.77
11.989	123.93
11.999	119.98
12.009	119.14
12.019	119
12.029	118.87
12.039	118.51
12.049	118.54
12.059	118.56
12.069	118.22
12.079	117.85
12.089	117.4
12.099	116.82
12.109	117.09
12.119	117.71
12.129	118.2
12.139	118.71
12.149	118.88
12.159	118.41
12.169	118.66
12.179	119.29
12.189	124.35
12.199	123.01
12.209	118.2
12.219	117.63
12.229	119.56
12.239	120.66
12.249	117.98
12.259	116.06
12.269	118.14
12.279	119.5
12.289	120.02
12.299	119.69
14.009	118.89
14.019	122.54
14.029	122.7
14.039	121.27
14.049	120.1
14.059	119.17
14.069	119.1
14.079	119.23
14.089	118.78
14.099	118.07
14.109	117.77
14.119	117.55
14.129	117.02
14.139	116.71
14.149	116.47
14.159	115.97
14.169	115.6
14.179	115.54
14.189	114.73
14.199	113.16
14.209	111.91
14.219	111.51
14.229	110.93
14.239	110.11
14.249	111.39
14.259	111.27
14.269	110.19
14.279	109.89
14.289	110.64
14.299	110.64
14.309	109.77
14.319	109.33
14.329	109.5
14.339	109.01
14.349	107.12
14.359	107.58
14.369	107.9
14.379	107.83
14.389	108
14.399	108.5
14.409	108.77
14.419	107.11
14.429	106.36
14.439	107.22
14.449	107.19
14.459	106.86
14.469	105.74
14.479	106.19
14.839	116.39
14.849	109.96
14.859	108.74
14.959	120.13
14.969	121.99
14.979	117.78
14.989	118.81
14.999	118.18
15.009	119.3
15.019	119
15.029	119.03
15.039	117.82
15.049	116.94
15.059	115.73
15.069	117.06
15.079	119.1
15.089	118.4
15.099	115.51
15.109	114.13
15.119	112.99
15.129	114.43
15.139	114.45
15.149	114.4
15.159	114.71
15.169	114.7
15.179	114.71
15.189	116.81
15.199	114.71
15.209	113.58
15.219	114.9
15.229	115.37
