time	f0
0.724	127.03
0.734	123.74
0.744	117.42
0.754	111.08
0.764	106.43
0.884	98.14
0.894	97.49
0.904	97.75
0.914	97.52
0.924	96.91
0.934	97.06
0.944	98.6
0.954	99.02
0.964	98.11
0.974	97.27
0.984	97.35
0.994	97.71
1.064	115.93
1.074	116.5
1.084	120.65
1.094	118.59
1.104	116.76
1.114	119.76
1.124	124.35
1.134	118.26
1.144	118.49
1.154	119.88
1.164	119.64
1.264	122.96
1.274	117.42
1.284	117.57
1.294	117.42
1.304	117.11
1.314	116.87
1.324	117.01
1.334	117.48
1.344	117.98
1.354	117.86
1.364	117.6
1.374	116.97
1.384	116.89
1.394	117.73
1.404	119.6
1.414	113
1.424	113.05
1.434	112.73
1.444	111.31
1.454	111.43
1.464	111.78
1.474	110.88
1.484	111.62
1.494	111.21
1.504	110.97
1.514	110.94
1.524	111.3
1.904	110.72
1.914	109.46
1.924	103.78
1.934	103.69
1.944	102.83
1.954	102.04
1.964	101.38
1.974	100.78
1.984	100.91
1.994	100.5
2.004	99.63
2.014	98.48
2.024	97.51
2.034	97.31
2.044	95.15
2.054	95.04
2.064	95.41
2.074	93.01
2.084	92.98
2.094	91.44
2.104	93.63
2.114	94.47
2.124	94.79
2.134	94.85
2.144	95.05
2.154	94.83
2.164	94.45
2.174	94.19
2.184	93.58
2.194	93.84
2.204	95.77
2.214	97.23
2.224	94.72
2.234	94.85
2.244	93.92
2.374	85.5
2.384	86.75
2.394	87.28
2.404	95.92
2.414	95.66
2.424	96.66
2.434	96.77
2.444	96.65
2.494	97.22
2.504	96.96
2.514	96.99
2.524	96.84
2.534	96.63
2.544	97.54
2.554	100.78
2.564	100.86
2.574	99.68
2.584	98.88
2.594	98.96
2.604	101.99
2.614	102.36
2.624	103.5
2.634	103.62
2.644	103.59
2.654	103.67
2.664	103.59
2.674	103.68
2.684	103.67
2.694	102.42
2.704	101.99
2.994	103.57
3.004	105.74
3.014	106.06
3.024	104.78
3.034	104.04
3.044	103.99
3.054	103.93
3.064	103.85
3.074	103.05
3.084	104.37
3.094	104.19
3.104	104.76
3.114	105.38
3.124	108.38
3.134	109.12
3.144	108.2
3.154	106.91
3.164	107.59
3.174	108.42
3.184	105.52
3.194	102.63
3.204	101.48
3.214	101.26
3.224	99.61
3.234	100.11
3.244	99.15
3.254	98.96
3.264	102.2
3.274	102.94
3.284	102.35
3.634	118.86
3.644	116.94
3.654	115.37
3.664	114.33
3.674	114.06
3.684	113.48
3.694	114.64
3.724	115.02
3.734	115.6
3.744	115.45
3.754	115.4
3.764	114.07
3.774	115.08
3.784	115.74
3.794	116.33
3.804	115.28
3.814	115.86
3.824	116.51
3.834	154.36
3.844	153.05
4.024	104.79
4.034	104.93
4.044	101.77
4.054	100.71
4.064	97.95
4.074	96.38
4.084	94.45
4.094	93.38
4.104	94
4.114	93.72
4.124	93.43
4.134	92.88
4.144	93.27
4.154	93.29
4.164	92.36
4.174	91.5
4.184	91.95
4.194	92.45
4.204	91.41
4.214	90.26
4.224	91.09
4.234	91.12
4.244	90.52
4.254	90.71
4.264	90.15
4.274	90
4.284	90.34
4.294	89.97
4.304	90.28
4.314	90.94
5.144	80.33
5.154	80.38
5.274	112.49
5.284	107.73
5.294	104.09
5.304	104.51
5.314	104.98
5.324	104.42
5.334	105.2
5.344	105.16
5.354	104.14
5.364	103.79
5.374	103.84
5.384	103.93
5.394	103.46
5.404	103.68
5.414	103.95
5.424	105.27
5.434	103.53
5.444	105.8
5.454	109.1
5.464	111.65
5.474	111.42
5.504	139.65
5.514	140.05
5.524	140.89
6.454	105.41
6.464	102.47
6.474	100.96
6.484	100.04
6.494	98.94
6.504	99.96
6.514	94.12
6.524	97.16
6.534	97.24
6.544	97.88
6.554	97.44
6.564	95.98
6.574	97.63
6.584	95.69
6.594	95.2
6.604	94.46
6.614	95.05
6.624	94.03
6.634	94.71
6.644	94.17
6.654	92.98
6.664	93.43
6.674	92.32
6.684	91.68
6.694	91.86
6.704	92.07
6.714	91.31
6.724	90
6.734	90.55
6.744	90.43
6.754	89.55
6.764	88.47
6.774	89.44
6.784	90.44
6.794	91.01
6.804	91.55
6.814	87.1
6.824	93.62
6.834	91.45
6.844	88.21
6.854	88.48
6.874	89.26
6.884	89.54
6.894	89.1
6.904	89.37
6.914	90.59
7.944	113.48
7.954	113.36
7.964	111.01
7.974	107.05
7.984	106.61
7.994	107.96
8.004	104.58
8.014	102.27
8.024	102.31
8.034	101.73
8.044	101.22
8.054	101.61
8.064	101.81
8.074	101.82
8.084	101.53
8.094	101.24
8.104	101.63
8.114	101.59
8.124	101.76
8.134	101.77
8.144	100.96
8.154	100.35
8.164	99.89
8.174	100.96
8.184	100.87
8.194	100.89
8.204	99.9
8.214	99.56
8.224	100.83
8.234	99.69
8.244	99.31
8.254	99.04
8.264	98.16
8.274	97.76
8.284	99.45
8.294	99.72
8.304	99.5
8.314	99.41
8.324	99.72
8.334	99.15
8.344	100.58
8.354	109.35
8.364	104.78
8.374	103.99
8.384	102.25
8.394	101.67
8.404	100.77
8.414	100.23
8.424	100.24
8.434	95.76
8.464	102.21
8.474	102.01
8.484	106.89
8.494	107.83
8.504	101.81
8.514	97.54
8.524	96
8.534	97.13
8.544	97.2
8.804	108.59
8.814	104.39
8.824	104.9
8.834	106.12
8.844	105.55
8.854	105.94
8.864	105.75
8.874	106.26
8.884	108.41
8.894	80.9
8.904	79.01
8.914	78.9
8.924	81.85
8.934	82.07
8.944	82.32
8.954	82.48
9.794	102.24
9.804	103.13
9.814	103.47
9.824	103.3
9.834	102.52
9.844	107.78
9.854	106.16
9.864	103.74
9.874	102.76
9.884	103.42
9.894	104.32
9.904	103.68
9.914	99.4
9.924	94.25
9.934	99.09
9.944	101.95
9.954	104.27
9.964	103.19
9.974	100.85
9.984	99.27
9.994	97.84
10.004	97.87
10.014	98.2
10.024	98.61
10.034	99.28
10.044	99.86
10.054	100.16
10.064	100.2
10.074	100.28
10.084	96.44
10.094	100.53
10.104	99.9
10.114	99.9
10.124	100.05
10.134	100.01
10.144	96.75
10.154	97.37
10.164	98.27
10.174	97.44
10.184	97.71
10.194	98.24
10.204	98.35
10.214	98.04
10.394	111.66
10.404	107.13
10.414	106.02
10.424	88.75
10.614	97.86
10.624	97.09
10.634	96.93
10.644	93.5
10.654	93.87
10.664	97.15
10.674	95.51
10.684	96.99
10.694	95.86
10.704	96.71
10.714	98.13
10.724	96.96
10.814	115.66
10.824	112.92
10.834	105.69
10.844	101.09
10.854	100.5
10.864	103.58
10.874	101.49
10.884	102.08
10.894	103.25
10.904	104.37
10.914	105.2
10.924	106.16
10.934	81.22
10.944	81.16
10.954	81.39
11.364	106.79
11.374	109.31
11.384	109.84
11.574	110.36
11.584	107.5
11.594	105.21
11.604	103.51
11.614	100.98
11.624	99.15
11.634	96.08
11.644	93.13
12.074	103.68
12.084	102.31
12.094	102.2
12.104	100.79
12.114	100.26
12.124	99.78
12.134	100.49
12.144	99.93
12.154	99.74
12.164	98.17
12.174	99.31
12.184	97.3
12.194	97.91
12.204	99.12
12.214	102.52
13.014	101.56
13.024	101.41
13.034	100.05
13.514	88.76
13.524	88.27
13.604	114.74
13.614	117.01
15.434	103.72
15.444	103.35
15.544	107.97
15.554	103.07
15.564	99.03
15.574	97.67
15.584	97.38
15.594	95.28
15.644	98.39
15.654	92.73
15.664	91.75
15.674	90.69
15.684	90.5
15.694	88.73
15.704	90.72
15.714	90.88
15.784	94.63
15.794	94.16
15.804	92.5
15.814	92.32
15.824	91.96
15.834	89.89
15.844	92.12
15.854	92.52
15.864	92.6
15.874	92.45
15.884	92.6
15.894	92.13
