time	f0
1.29	275.5
1.3	259.66
1.31	255.84
1.32	254.23
1.33	252.2
1.34	253.11
1.35	252.24
1.36	252.27
1.37	253.3
1.38	251.22
1.39	250.93
1.4	250.99
1.41	250.16
1.42	247.04
1.43	245.33
1.44	241.11
1.45	236.39
1.46	231.26
1.47	230.58
1.48	227.52
1.49	223.05
1.5	222.92
1.51	217.95
1.52	234.71
1.53	219.86
1.54	214.04
1.55	227.25
1.56	220.99
1.57	234.47
1.58	221.62
1.59	224.41
1.6	228.01
1.61	224.26
1.62	221.3
1.63	220.94
1.64	220.87
1.65	221.6
1.66	224.6
1.67	221.75
1.68	220.23
1.69	223.39
1.77	182.89
1.78	245.83
1.79	229.95
1.8	227.91
1.81	227.03
1.82	227.08
1.83	220.4
1.84	211.42
1.85	198.8
1.86	196.75
1.87	207.93
1.88	205.1
1.89	200.2
1.9	213.36
1.91	200.6
1.92	214.35
1.93	216.36
2.05	237.04
2.06	231.75
2.07	229.58
2.08	228.14
2.09	229.31
2.1	229.5
2.11	225.31
2.12	227.93
2.13	226.58
2.14	227.11
2.15	225.11
2.16	226.16
2.17	230.22
2.18	226.88
2.19	236.76
2.44	234.72
2.45	242.78
2.46	237.67
2.47	236.47
2.48	233.51
2.49	233.08
2.5	233.33
2.51	233.19
2.52	229.98
2.53	228.77
2.54	234.81
2.55	232.06
2.56	231.81
2.57	221.86
2.58	224.06
2.59	191.67
2.6	218.33
2.61	214.04
2.62	214.46
2.63	219.05
2.64	213.6
2.65	212.51
2.66	215.04
2.67	218.66
2.68	216.93
2.69	214.28
2.7	212.59
2.71	210.33
2.72	208.84
2.73	206.84
2.74	202.69
2.75	207.22
2.76	207.7
2.77	211.27
2.78	206.68
2.79	210.67
2.8	213.04
2.81	214.02
2.82	211.3
2.83	208.2
2.84	206.76
2.85	205.89
2.86	204
2.87	205
2.88	203.27
2.89	202.52
2.9	200.72
2.91	201.24
2.92	200.82
2.93	200.87
2.94	201.57
2.95	202.98
2.96	200.03
2.97	203.66
2.98	200.29
2.99	189.52
3	191.3
3.01	193.28
3.02	170.28
3.15	234.84
3.16	234.16
3.17	227.51
3.18	223.07
3.19	220.8
3.2	219.46
3.21	219.57
3.22	216.43
3.23	214.09
3.24	210.11
3.25	210.23
3.26	208.1
3.27	204.69
3.28	204.77
3.29	206.86
3.3	205.96
3.31	207.41
3.32	210.21
3.33	210.78
3.34	210.77
3.35	212.12
3.36	214.76
3.37	214.18
3.38	215.45
3.39	215.37
3.4	213.3
3.41	210.88
3.42	217.81
3.43	214.45
3.44	226.69
3.47	239.98
3.48	285.23
3.49	220.07
3.5	227.1
3.51	282.26
3.52	224.31
3.57	241.15
3.58	252.8
3.59	234.67
3.6	228.51
3.61	225.46
3.62	223.32
3.63	219.96
3.64	214.88
3.65	206.98
3.66	205.45
3.67	203.95
3.68	214.57
3.69	206.54
3.7	206.47
3.71	203.5
3.72	208.62
3.73	206.96
3.74	211.6
3.75	209.85
3.76	204.98
3.77	208.84
3.78	209.27
3.79	207.87
3.8	206.27
3.81	204.57
3.82	204.45
3.83	204.32
3.84	203.99
3.85	203.04
3.86	203.19
3.87	199.69
3.88	198.89
3.89	197.12
3.9	198.84
3.91	203.17
3.92	193.48
3.93	191.05
3.94	187.75
3.95	186.78
3.96	191.92
3.97	189.82
3.98	188.08
3.99	200.96
4	187.19
4.01	191.16
4.02	195.81
4.08	257.35
4.09	252.26
4.1	232.57
4.11	232.04
4.12	232.53
4.13	233.24
4.14	234.66
4.15	234.78
4.16	233.5
4.17	234.94
4.18	237.23
4.19	238.94
4.2	236.56
4.21	235.96
4.22	236.26
4.23	236.01
4.24	236.46
4.25	235.43
4.26	237.07
4.31	240.35
4.32	233.66
4.33	233.67
4.34	230.63
4.35	224.7
4.36	220.53
4.37	217.73
4.38	216.38
4.39	213.66
4.4	218.79
4.44	225.19
4.45	218.15
4.46	214
4.87	297.5
4.88	275.66
4.89	264.45
4.9	253.48
4.91	240.16
4.92	235.27
4.93	217.28
4.94	218.5
4.95	218.75
4.96	219.71
4.97	219.92
4.98	228.76
4.99	213.32
5	215.68
5.01	210.91
5.02	211.64
5.03	211.94
5.04	211.23
5.05	210.39
5.06	208.78
5.07	207.4
5.08	205.82
5.09	205.12
5.1	204.53
5.11	206.95
5.12	204.18
5.13	200.81
5.14	200.38
5.15	198.5
5.16	198.63
5.17	200.32
5.18	198.1
5.19	198.45
5.2	198.77
5.21	198.32
5.22	198.91
5.23	199.38
5.24	199.61
5.25	195.75
5.26	203.42
5.27	194.36
5.28	227.06
5.29	202.96
5.3	241.79
5.31	267.95
5.32	208.19
5.38	237.38
5.39	207.84
5.4	206.57
5.41	199.05
5.42	194.85
5.43	184.35
5.44	193.34
5.45	198.11
5.47	169.64
5.48	171.12
5.49	202.07
5.5	214.05
5.51	218.99
5.52	259.7
5.53	219.25
5.54	210.3
5.55	208.86
5.56	208.95
5.57	207.92
5.58	206.49
5.59	207.09
5.6	206.42
5.61	206.26
5.62	203.94
5.63	204.51
5.64	203.1
5.65	203.37
5.66	202.47
5.67	202.19
5.68	198.23
5.69	200.06
5.7	203.57
5.71	204.08
5.72	205.92
6.4	265.14
6.41	260.74
6.42	258.38
6.43	252.04
6.44	246.04
6.45	237.83
6.46	221.54
6.47	211.03
6.48	209.87
6.49	210.6
6.5	205.45
6.51	202.04
6.52	210.76
6.53	210.68
6.54	208.84
6.55	218.11
6.56	212.96
6.57	210.5
6.58	209.75
6.59	208.83
6.6	207.57
6.61	207.08
6.62	206.71
6.63	207.64
6.64	207.58
6.65	205.96
6.66	203.86
6.67	206.9
6.68	207.14
6.69	205.88
6.7	205.59
6.71	205.42
6.72	204.81
6.73	203.71
6.74	203.83
6.75	203.76
6.76	203.77
6.77	204.44
6.78	203.08
6.79	202.02
6.8	201.17
6.81	200.02
6.82	200.43
6.85	193.63
6.86	202.23
6.87	256.47
6.88	243.99
6.89	198.29
6.9	231.1
6.91	214.04
6.92	210.86
6.93	215.3
6.94	210.83
6.98	254.62
6.99	210.68
7	223.82
7.01	221.86
7.02	218.5
7.03	218.96
7.04	220.96
7.05	222.66
7.06	223.06
7.07	224.13
7.08	223.04
7.09	226.53
7.1	231.69
7.11	225.14
7.12	228.98
7.13	228.44
7.14	230.9
7.15	233.26
7.16	234.88
7.17	286.31
7.18	238.09
7.19	233.62
7.2	231.98
7.21	228.89
7.22	227.55
7.23	223.89
7.24	223.28
7.25	226.89
7.26	228.03
7.27	226.64
7.36	259.12
7.37	238.13
7.38	221.11
7.39	217.95
7.4	218.7
7.41	217.19
7.42	213.29
7.43	210.37
7.44	210.02
7.54	236.09
7.55	227.47
7.56	224.16
7.57	219.09
7.58	217.76
7.59	217.06
7.6	216.3
7.61	220.34
7.62	218.14
7.63	218.34
7.64	215.09
7.65	213.93
7.66	204.69
7.67	209.03
7.68	204.28
7.69	219.96
7.7	216.58
7.71	208.16
7.72	209.13
7.73	210.26
7.74	210.14
7.75	210.66
7.76	208.24
7.77	207.96
7.78	209.26
7.79	208.56
7.8	208.03
7.81	217.29
7.82	213.34
7.83	210.79
7.84	216.38
7.85	217.65
7.86	219.59
7.87	222.57
7.88	223.83
7.89	228.44
7.9	232.41
7.91	236.62
7.92	234.43
7.93	228.71
7.94	240.6
7.95	226.37
7.96	237.47
7.97	229.36
7.98	233.3
7.99	235.11
8.01	248.32
8.02	241.64
8.03	241.71
8.04	236.78
8.05	242.2
8.06	245.57
8.07	245.87
8.08	258.75
8.09	241.43
8.1	246.06
8.11	236.82
8.12	242.14
8.13	226.02
8.14	218.51
8.15	231.23
8.17	240.44
8.18	233.66
8.48	222.05
8.49	212.91
8.5	210.98
8.51	209.4
8.52	208.71
8.53	208.12
8.54	206.75
8.55	205.87
8.56	205.86
8.57	204.27
8.58	204.65
8.59	203.68
8.6	203.78
8.61	202.88
8.62	202.32
8.63	200.93
8.64	201.2
8.65	201.99
8.66	201.42
8.67	201.19
8.68	200.42
8.69	199.58
8.7	198.51
8.71	197.52
8.72	197.29
8.73	197.87
8.74	198.86
8.75	199.43
8.76	199.28
8.77	200.46
8.78	194.63
8.79	190.2
8.8	190.58
8.81	197.97
9.63	234.51
9.64	224.88
9.65	217.82
9.66	213.1
9.67	211.5
9.68	210.78
9.69	209.54
9.7	206.3
9.71	204.55
9.72	218.35
9.73	206.6
9.74	210.95
9.75	211.8
9.76	203.57
9.77	191.41
9.78	206.65
9.79	201.62
9.8	197.11
9.81	199.43
9.82	198.41
9.83	197.15
9.84	194.66
9.85	190.11
9.86	195.97
9.87	197.26
9.88	196.23
9.89	196.07
9.93	201.61
9.94	198.48
9.95	197.47
9.96	199.88
9.97	199.98
9.98	197.14
9.99	193.83
10	197.6
10.01	215.04
10.02	207.03
10.03	209.29
10.04	202.83
10.05	200.02
10.06	201.76
10.07	199.48
10.08	200.23
10.09	199.55
10.1	198.33
10.11	197.03
10.12	197.18
10.13	198.16
10.14	196.75
10.15	195.82
10.16	197.48
10.17	197.74
10.18	199.51
10.19	200.18
10.2	200.04
10.21	202.37
10.22	202.2
10.23	201.82
10.24	201.5
10.25	202.32
10.26	202.47
10.27	202.1
10.28	203.03
10.29	203.94
10.3	203.67
10.31	204.88
10.32	202.69
10.33	203.03
10.34	201.33
10.35	201.33
10.36	190.6
10.37	153.84
10.38	189.87
10.4	218.07
10.42	257.05
10.51	234.51
10.52	218.97
10.53	213.14
10.54	212.71
10.55	208.39
10.56	245.37
10.57	213.98
10.58	218.79
10.59	262.46
10.6	244.81
10.64	224.79
10.65	223.68
10.66	251.63
10.67	248.52
10.68	332.88
10.69	249.82
10.7	248.31
10.71	214.09
10.72	210.07
10.73	206.58
10.74	208.13
10.75	203.88
10.76	208.86
10.77	204.07
10.78	202.87
10.79	203.38
10.8	205.12
10.81	211.14
10.88	217.06
10.89	209.65
10.9	209.02
10.91	204.06
10.92	204.87
10.93	203.85
10.94	207.79
10.95	201.08
10.96	203.84
10.97	203.09
10.98	203.19
10.99	202.79
11	201.4
11.01	201.62
11.02	206.64
11.03	213.78
11.04	224.71
11.05	214.99
11.06	211.67
11.07	215.51
11.08	214.27
11.09	213.42
11.1	261.43
11.11	313.57
11.2	212.38
11.21	207.75
11.22	213.49
11.23	214.81
11.24	207.35
11.25	206.2
11.26	203.86
11.27	213.11
11.28	213.69
11.38	192.73
11.39	193.57
11.65	210.56
11.66	207.37
11.67	204.62
11.68	204.89
11.69	201.54
11.7	209.13
11.71	204.83
11.72	224.97
11.73	211.61
11.74	197.15
11.75	194.25
11.76	194.24
11.77	192.42
11.78	191.94
11.79	191.64
11.8	191.76
11.95	218.23
11.96	198.91
11.97	199.11
11.98	197.67
11.99	197.34
12	194.09
12.01	194.13
12.02	195.19
12.03	197.72
12.04	197.54
12.05	197.4
12.06	198.36
12.07	199.22
12.08	195.89
12.09	196.03
12.1	194.05
12.11	193.81
12.12	193.95
12.13	192.32
12.14	190.97
12.15	190.69
12.16	188.54
12.17	187.67
12.18	187.25
12.19	188.16
12.2	190.42
12.21	187.63
12.22	185.66
12.23	187.35
12.24	187.8
12.25	189.82
12.27	195.76
12.28	195.48
12.29	204.42
12.33	184.24
12.34	195.98
12.35	194.6
12.36	197.77
12.37	195.39
12.38	195.41
12.39	194.83
12.4	193.17
12.41	194.75
12.42	197.46
12.43	195.1
12.44	196.53
12.45	202.07
12.46	195.38
12.56	272.56
12.57	279.46
12.58	233.06
12.59	224.76
12.6	173.95
12.61	185.85
12.62	190.44
12.63	194.15
12.64	183.76
12.65	175.42
13.09	252.11
13.1	230.1
13.11	217.99
13.12	215.19
13.13	227.02
13.14	216.51
13.15	209.38
13.16	208.86
13.17	206.62
13.18	203.3
13.19	201.4
13.2	197.15
13.21	200.65
13.22	198.58
13.23	203.6
13.24	199.7
13.25	217.77
13.26	199.56
13.27	197.24
13.28	194.23
13.29	192.23
13.3	190.55
13.31	189.15
13.32	190.46
13.33	190.19
13.34	188.85
13.35	193.54
13.36	191.07
13.37	189.53
13.38	190.06
13.39	191.28
13.4	193.5
13.41	189.6
13.42	205.73
13.43	220.11
13.44	228.48
13.45	206.39
13.46	202.99
13.47	198.13
13.48	200.82
13.49	197.76
13.5	205.47
13.51	199.06
13.6	352.87
13.61	359.83
13.64	170.9
13.65	174.77
13.66	175.95
13.69	202.48
13.7	189.94
13.71	180.85
13.72	187.87
13.73	184.84
13.74	216.02
13.75	210
13.76	199.45
13.77	198.38
13.78	191.89
13.79	184.79
15.55	236.03
15.56	229.75
15.57	226.81
15.58	223.35
15.59	227.29
15.6	224.58
15.61	216.37
15.62	213.98
15.63	211.45
15.64	206.2
15.65	209.65
15.66	202.82
15.67	197.49
15.68	177.65
15.69	205.53
15.7	205.19
15.71	213.31
15.72	212.64
15.73	209.1
15.74	209.38
15.75	207.88
15.76	207.12
15.77	204.17
15.78	193.84
15.79	196.56
15.8	202.6
15.81	205.14
15.82	201.05
15.83	202.82
15.84	209.97
15.85	205.79
15.86	204.08
15.87	204.51
15.88	198.5
15.9	194.54
15.91	192.82
