time	f0
0.38	131.49
0.39	130.63
0.4	125.52
0.41	124.72
0.42	121.69
0.43	120.08
0.44	117.87
0.45	116.61
0.46	114.9
0.47	112.35
0.48	111.92
0.49	116.87
0.5	117.62
0.51	117.51
0.52	117.46
0.53	117.2
0.54	120.19
0.55	117.02
0.56	113.87
0.57	116.42
0.58	112.9
0.59	114.35
0.6	112.76
0.68	167.27
0.69	165
0.7	161.72
0.71	159.39
0.72	156.96
0.73	155.28
0.74	153.28
0.75	151.26
0.76	148.58
0.77	151.48
0.78	154.04
0.79	154.47
0.8	155.39
0.81	149.11
0.82	147.07
0.83	148.1
0.84	147.4
0.85	157.08
0.86	155.34
0.87	151.88
0.88	149.33
0.89	148.57
0.9	147.23
0.91	145.12
0.92	144.03
0.93	143.8
0.94	143.53
0.95	142.54
0.96	141.68
0.97	142.07
0.98	141.71
0.99	139.77
1	140.89
1.01	140.83
1.02	141.57
1.03	141.83
1.04	141.67
1.05	142.47
1.06	142.42
1.07	141.85
1.08	141.5
1.09	140.77
1.1	139.5
1.11	138.25
1.12	136.93
1.13	135.8
1.14	134.81
1.15	134.06
1.16	133.94
1.17	132.32
1.18	131.72
1.19	131.4
1.2	131.18
1.21	129.68
1.22	126.91
1.23	122.33
1.24	122.06
1.25	122.19
1.26	114.76
1.27	109.61
1.28	107.22
1.29	108.54
1.3	105.67
1.31	106.98
1.32	109.84
1.33	109.36
1.34	109.12
1.35	107.85
1.36	107.82
1.37	108.5
1.38	108.62
1.39	108.42
1.4	108.28
1.41	108.07
1.42	107.37
1.43	109.66
1.44	108.11
1.45	109.89
1.46	108.68
1.49	133.71
1.5	133.07
1.51	130.14
1.52	128.51
1.53	127.38
1.54	126.9
1.55	125.48
1.56	123.91
1.57	122.61
1.58	122.28
1.59	121.41
1.6	119.48
1.61	117.38
1.62	115.22
1.63	113.68
1.64	112.32
1.65	110.58
1.66	110.45
1.67	110.73
1.68	110.72
1.69	111.03
1.81	152.77
1.82	152.82
1.83	152.52
1.84	152.45
1.85	152.3
1.86	151.41
1.87	149.92
1.88	147.99
1.89	150.53
1.9	151.79
1.91	151.91
1.92	152.07
1.93	152.1
1.94	152.22
1.95	152.15
1.96	152.56
1.97	152.43
1.98	151.77
2.01	112.46
2.02	112.17
2.03	104.91
2.04	107
2.05	107.47
2.06	111.07
2.07	107.84
2.08	107.25
2.09	107.1
2.1	100.43
2.51	144.36
2.52	145.52
2.53	142.56
2.54	140.3
2.55	137
2.56	134.66
2.57	132.91
2.58	128.76
2.59	128.24
2.6	127.03
2.71	132.38
2.72	133.91
2.73	133.27
2.74	132.23
2.75	133.04
2.76	133.65
2.77	132.86
2.78	133.05
2.79	132.29
2.8	131.74
2.81	130.48
2.82	128.41
2.83	128.61
2.84	127.29
2.85	125.22
2.86	123.84
2.89	111.56
2.9	111.44
2.91	110.6
2.92	110.19
3.39	127.24
3.4	125.47
3.41	124.37
3.42	122.87
3.43	121.4
3.44	118.58
3.45	116.89
3.46	115.3
3.47	115.76
3.48	113.46
3.49	110.81
3.5	110.82
3.51	109.16
3.52	117.35
3.53	113.02
3.54	109.19
3.55	118.35
3.56	116.19
3.57	115.52
3.58	114.55
3.59	112.62
3.6	112.78
3.61	113.76
3.62	113.74
3.66	123.79
3.67	122.55
3.68	121.03
3.69	119.46
3.7	118.73
3.71	118.19
3.72	117.79
3.73	117.33
3.74	117.06
3.75	116.58
3.76	117.27
3.77	116.24
3.78	115.77
3.79	115.66
3.8	114.94
3.81	118.4
3.82	117.03
3.83	115.9
3.84	116.21
3.85	115.23
3.86	114.82
3.87	115.73
3.88	114.74
3.89	113.63
3.9	112.26
3.91	111.75
3.92	112.4
3.93	111.2
3.94	109.01
3.95	107.53
3.96	106.63
3.97	107.94
4.32	135.48
4.33	132.72
4.34	129.66
4.35	129.53
4.36	129.21
4.37	127.97
4.38	126.77
4.39	125.41
4.4	124.67
4.41	125.83
4.42	124.32
4.43	122.74
4.44	123.65
4.45	122.78
4.46	119.95
4.47	119.29
4.48	119.84
4.49	120.39
4.5	120.02
4.51	118.84
4.52	118.65
4.53	118.49
4.54	118.43
4.55	118.18
4.56	117.57
4.57	118.36
4.58	117.56
4.59	117.92
4.6	118.48
4.61	118.12
4.62	115.67
4.63	110.79
4.64	109.2
4.65	108.45
4.66	107.62
4.67	104.43
4.68	108.04
4.69	110.99
4.7	110.22
5.25	108.11
5.26	108.06
5.27	107.81
5.35	106.06
5.36	105.45
5.37	103.9
5.38	113.03
5.39	102.59
5.4	105.9
5.41	105.11
5.42	105.39
5.43	108.46
5.47	105.84
5.48	108.27
5.49	110.42
5.5	110.11
5.65	144.66
5.66	143.9
5.67	141.41
5.68	140.58
5.69	139.31
5.7	137.06
5.71	133.74
5.72	127.13
5.73	124.4
5.74	122.66
5.75	119.95
5.76	120.53
5.77	121.71
5.78	123.96
5.79	123.01
5.8	119.24
5.81	117.81
5.82	117.62
5.83	116.01
5.84	115.17
5.85	115.24
5.86	113.84
5.87	112.63
5.88	111.62
5.89	115.86
5.9	113.98
5.91	113.72
6.03	119.33
6.04	115.93
6.05	115.84
6.06	116.84
6.07	114.02
6.08	114.57
6.09	118.66
6.1	116.7
6.11	116.96
6.12	115.48
6.13	116.82
6.14	115.69
6.15	117.25
6.16	116.59
6.17	116.95
6.18	116.13
6.19	117.49
6.2	117.13
6.21	117.12
6.22	118.43
6.31	117.44
6.32	119.45
6.33	117.75
6.34	117.94
6.35	117.83
6.36	117.7
6.37	117.65
6.38	117.56
6.39	117.44
6.4	118.06
6.41	118.34
6.42	118.17
6.43	118.01
6.44	117.68
6.45	117.74
6.46	117.65
6.47	117.49
6.48	117.37
6.49	119.24
6.5	119.08
6.51	118.74
6.52	118.18
6.53	117.79
6.57	126.81
6.58	126.5
6.59	125.64
6.6	125.84
6.61	122.94
6.62	122.68
6.63	117.64
6.64	116.87
6.65	117.31
6.66	116.29
7.08	117.17
7.09	117.61
7.1	116.79
7.11	116.33
7.12	115.25
7.13	116.26
7.14	121
7.15	125.25
7.16	133.65
7.17	141.22
7.18	148.2
7.19	155.17
7.2	154.35
7.21	154.62
7.22	152.49
7.23	153.66
7.24	154.76
7.25	153.26
7.26	153.34
7.27	151.56
7.28	154.39
7.29	154.2
7.3	151.37
7.31	157.29
7.32	152.5
7.33	150.29
7.34	150.4
7.35	148.65
7.36	127.72
7.41	155.08
7.42	150.46
7.43	149.58
7.44	139.59
7.45	122.58
7.46	127.8
7.47	128.11
7.48	127.49
7.49	124.39
7.5	124.93
7.51	124.25
7.52	123.85
7.53	125.24
7.54	123.53
7.55	123.42
7.56	124.74
7.57	124.86
7.58	122.67
7.59	122.62
7.6	123.48
7.61	124.87
7.62	129.94
7.66	126.66
7.67	124.06
7.68	123.38
7.69	123.74
7.7	123.36
7.71	122.57
7.72	122.08
7.73	122.19
7.74	122.65
7.75	122.68
7.76	123.12
7.77	122.91
7.78	123.13
7.79	123.38
7.8	122.82
7.81	123.21
7.82	124.84
7.83	122.62
7.84	123.28
7.85	133.68
7.86	135.39
7.87	128.07
7.88	127.25
7.89	125.11
7.9	124.06
7.91	121.65
7.92	122.71
7.93	116.45
7.94	121.56
7.95	121.06
8.2	144.22
8.21	144.83
8.22	143.23
8.23	141.45
8.24	139.54
8.25	137.18
8.26	134.38
8.27	132.09
8.28	130.02
8.29	129.45
8.3	120.39
8.31	118.91
8.32	117.97
8.33	117.15
8.34	117.73
8.35	114.67
8.36	112.85
8.37	112.36
8.38	111.94
8.39	111.69
8.4	112.02
8.41	110.54
8.42	110.44
8.43	109.67
8.44	111.63
8.45	112.46
8.46	112.16
8.47	108.53
8.48	111.61
8.49	114.06
8.5	111.5
8.51	112.34
8.52	114.67
8.65	97.15
8.66	97.46
8.68	147.58
8.69	149.43
8.7	150.42
8.78	107.45
8.79	107.65
8.8	108.33
8.95	122.98
8.96	126.09
8.97	127.31
8.98	128.64
8.99	125.81
9	126.2
9.01	124.82
9.02	123.84
9.03	123.16
9.04	122.12
9.05	124.43
9.06	124.02
9.07	123.77
9.08	121.57
9.14	146.84
9.15	145.18
9.16	143.96
9.17	142.65
9.18	141.84
9.19	140.03
9.2	139.07
9.21	139.02
9.22	138.54
9.23	137.81
9.24	137.79
9.25	136.9
9.26	138.71
9.27	133.94
9.28	133.56
9.29	132.19
9.3	129.38
9.31	126.52
9.32	123.99
9.33	121.13
9.34	120.3
9.35	121.3
9.36	125.01
9.37	91.37
9.38	89.13
9.39	90.55
9.4	118.63
9.41	119.05
9.42	117.58
9.43	120.25
9.44	114.68
9.45	120.66
9.46	117.71
9.47	113.55
9.48	117.13
9.49	115.28
9.5	122.62
9.51	122.9
9.52	116.6
9.53	120.75
9.54	111.49
9.55	116.12
9.56	114.64
9.6	133.48
9.63	138.04
9.64	140.45
9.65	136.39
9.66	135.95
9.67	137.17
9.68	132.73
9.69	133.43
9.7	136.21
9.71	131.11
9.72	129.49
9.73	126.96
9.74	124.99
9.75	122.09
9.76	121.44
9.77	118.49
9.81	112.09
9.82	113.25
9.83	113.17
9.84	113.97
9.85	113.86
9.86	114.43
9.87	114.1
9.88	114.03
9.89	114.39
9.9	114.75
9.91	113.95
9.92	114.35
9.93	114.3
9.94	115.22
9.95	117.29
9.96	119.84
9.97	119.99
9.98	118.91
9.99	117.85
10	118.7
10.01	119.51
10.02	118.99
10.03	117.67
10.04	116.04
10.05	114.84
10.06	116.25
10.07	114.83
10.08	114.53
10.09	113.2
10.1	113.36
10.11	115.23
10.12	117.46
10.13	115.19
10.14	116.65
10.15	116.62
10.16	116.08
10.17	116.65
10.23	115.13
10.24	115.09
10.25	114.88
10.61	124.37
10.62	123.61
10.63	121.51
10.64	120.71
10.65	119.31
10.66	119.61
10.67	119.36
10.68	117.82
10.69	117.98
10.7	116.98
10.71	115.46
10.72	114.74
10.73	113.04
10.74	112.88
10.75	112.4
10.76	111.54
10.77	111.66
10.78	111.69
10.79	111.91
10.8	111.86
10.81	112.35
10.82	113.68
10.83	114.71
10.84	114.47
10.85	112.86
10.86	112.66
10.87	110.63
10.88	110.77
10.89	114.37
10.9	120.46
10.99	104.45
11	107.24
11.01	107.92
11.42	120.82
11.43	119.37
11.44	119.66
11.45	119.38
11.46	119.06
11.47	118.94
11.48	118.95
11.49	118.98
11.5	118.98
11.51	119.39
11.52	118.98
11.53	119.1
11.54	119.04
11.55	118.68
11.56	138.04
11.57	141.34
11.58	143.05
11.59	143.36
11.6	144.43
11.61	144.23
11.62	144.27
11.63	144.74
11.64	145.91
11.65	145.47
11.66	145.02
11.67	148.02
11.68	154.18
11.69	152.57
11.7	151.16
11.71	151.6
11.72	150.95
11.73	149.97
11.74	149.84
11.75	148.54
11.76	146.74
11.77	145.71
11.78	144.44
11.79	141.12
11.8	140.21
11.81	140.29
11.82	138.34
11.83	135.66
11.84	136.35
11.85	135.1
11.86	134.2
11.87	140.16
11.88	149.06
11.89	150.95
11.95	143.63
11.96	140.58
12.01	122.89
12.02	121.87
12.03	121.57
12.04	120.89
12.05	123.27
12.06	120.01
12.07	121.87
12.08	125.51
12.09	127.43
12.1	129.21
12.11	129.48
12.12	129.66
12.13	131.79
12.14	134.23
12.15	132.83
12.16	131.74
12.17	131.14
12.18	133.49
12.19	135.05
12.2	129.27
12.21	129.47
12.22	131.43
12.23	132.82
12.24	133.59
12.25	134.2
12.26	131.05
12.27	132.21
12.28	132.08
12.29	131.29
12.3	129.96
12.31	129.16
12.32	128.65
12.33	128.03
12.34	125.61
12.35	127.27
12.36	127.93
12.37	127.85
12.38	125.92
12.39	125.33
12.4	126.93
12.41	123.96
12.42	121.88
12.43	119.72
12.44	115.94
12.45	114.73
12.46	112.42
12.47	113.49
12.48	112.58
12.49	109.58
12.5	111.96
12.51	115.35
12.56	92.3
12.57	92.37
12.58	111.57
12.59	112.57
12.6	114.73
12.61	111.34
12.62	110.18
12.63	115
12.64	114.95
12.67	109.28
12.68	113.65
12.69	116.01
12.7	113.46
12.71	113.67
12.72	112.32
12.75	131.99
12.76	131.77
12.77	128.11
12.78	127.63
12.79	126.63
12.8	124.71
12.81	122.42
12.82	122.35
12.83	122.33
12.84	120.59
12.85	120.51
12.86	121.29
12.87	119.93
12.88	119.7
12.89	120.76
12.9	121.5
12.91	124.05
12.92	121.29
12.93	119.24
12.94	122.05
12.95	122.33
12.96	121.74
12.97	121.56
12.98	121.67
12.99	120.11
13	116.44
13.01	116.26
13.02	115.51
13.03	114.67
13.04	114.95
13.05	114.94
13.06	114.57
13.07	114.6
13.08	114.88
13.09	114.53
13.1	113.38
13.11	115.85
13.19	134.19
13.2	131.24
13.21	127.28
13.22	123.76
13.23	122.3
13.24	121.37
13.25	122.4
13.26	120.9
13.27	118.12
13.28	117.74
13.29	116.97
13.3	118.63
13.31	117.34
13.32	118.24
13.33	117.27
13.34	118.77
13.35	118.1
13.36	115.92
13.37	111.93
13.38	110.02
13.39	101.91
13.4	108.83
13.41	113.11
13.42	115.13
13.43	112.23
13.44	112.02
13.45	111.95
13.87	95.98
13.88	108.74
13.89	108.11
13.9	107.56
13.91	108.34
13.92	108.24
13.93	107.94
14.04	134.85
14.05	132.69
14.06	131.79
14.07	130.76
14.08	129.83
14.09	128.83
14.1	127.93
14.11	126.13
14.12	124.12
14.13	121.61
14.14	120.73
14.15	115.83
14.16	116.17
14.17	113.53
14.18	112.15
14.19	111.41
14.2	110.6
14.21	110.62
14.22	110.26
14.23	108.6
14.24	107.18
14.25	106.93
14.26	106.46
14.27	105.99
14.28	104.91
14.29	108.89
14.33	110.77
14.34	110.97
14.35	112.04
14.36	91.59
14.37	111.3
14.38	110.05
14.39	110.39
14.4	106.29
14.79	112.92
14.8	115.47
14.81	115.5
14.82	114.76
14.83	112.65
14.84	112.51
14.85	113.1
14.86	112.83
14.87	112.98
14.88	113.16
14.89	113.19
14.9	112.61
14.91	112.32
14.92	112.85
14.93	112.39
14.94	111.74
14.95	111.29
14.96	110.58
14.97	109.48
14.98	108.1
14.99	109.47
15	110.61
15.01	110.05
15.02	108.62
15.03	107.35
15.04	106.47
15.05	106.2
15.06	107.3
15.07	105.33
15.08	101.12
15.09	100.78
15.1	105.47
15.11	103.59
15.12	103.04
15.14	107.68
15.15	111.39
15.16	97.03
15.24	92.35
15.25	93.78
15.26	98.51
15.42	118.17
15.43	122.07
15.44	120.85
15.45	118.56
15.46	117.79
15.47	118.21
15.48	117.99
15.49	117.9
15.5	118.27
15.51	118.94
15.52	119.97
15.53	120.02
15.54	118.65
15.55	118.1
15.56	107.56
15.67	136.73
15.68	131.76
15.69	128.73
15.7	125.63
15.71	123.51
15.72	121.77
15.73	121.32
15.74	120.28
15.75	121.56
15.76	123.54
15.77	123.59
15.78	121.47
15.79	124.78
15.8	124.96
15.81	126.99
15.82	131.41
15.83	133.31
15.84	138.39
15.85	138.91
15.86	138.33
15.87	137.46
15.88	136.29
15.89	135.58
15.9	134.96
15.91	134.14
15.92	133.38
15.93	131.23
15.94	129.03
15.95	129.56
15.96	132.52
15.97	134.02
15.98	135.71
15.99	135.08
16	134.87
16.01	134.71
16.02	136.57
16.03	135.91
16.04	134.87
16.05	135.41
16.06	136.53
16.07	115.99
16.08	118.4
16.09	120.1
16.1	118.52
16.11	118.9
16.12	117.82
16.13	116.42
16.14	116.12
16.15	115.62
16.16	114.55
16.17	114.72
16.18	114.67
16.19	114.5
16.2	112.58
16.21	113.22
16.22	111.87
16.23	112.07
16.24	114.88
16.25	114.03
16.26	114.37
16.27	112.65
16.28	115.88
16.29	116
16.3	118.62
16.31	119.63
16.32	116.16
16.33	115.99
16.34	116.08
16.35	116.1
16.36	116.45
16.37	116.91
16.38	116.96
16.39	117.53
16.4	119
16.41	120.99
16.42	123.64
16.43	122.3
16.44	124.16
16.45	123.83
16.46	123.27
16.47	122.98
16.48	121.87
16.49	121.04
16.5	118.81
16.51	117.46
16.52	116.35
16.53	114.95
16.54	112.28
16.55	111.97
16.56	109.09
16.57	109.08
16.58	113.34
16.59	114.43
16.6	110.42
16.61	110.83
16.62	111.72
16.63	114.97
16.64	113.54
16.65	114.15
16.66	114.97
16.67	122.82
16.68	118.24
16.69	117.06
16.7	115.13
16.71	116.55
16.72	119.62
16.73	117.02
16.74	112.93
16.75	113.34
16.76	115.76
16.77	117.67
16.78	119.11
16.79	124.97
16.8	124.99
16.81	122.78
16.82	120.55
16.83	118.94
16.84	116.58
16.85	115.15
16.86	112.81
16.87	112.38
16.88	111.42
16.89	110.37
16.9	112.36
16.91	116.26
16.92	114.75
16.93	113.11
17.04	118.75
17.05	122.39
17.06	125.03
17.1	122.98
17.11	106.19
17.12	119.97
17.13	108.83
17.14	109.47
17.15	109.99
17.16	110.16
17.17	112
17.18	113.13
17.33	114.03
17.34	115.45
17.35	115.27
17.36	115.79
17.37	111.95
17.38	112.25
17.39	112.23
17.4	112.36
17.41	111.44
17.42	111.51
17.43	111
17.44	110.54
17.45	109.7
17.46	109.63
17.47	109.39
17.48	107.4
17.49	106.27
17.5	106.34
17.51	106.27
17.52	107.16
17.53	109.65
17.54	107.63
17.55	111.38
17.56	106.59
17.57	109.34
17.58	111.39
17.59	110.91
17.6	110.14
17.61	109.09
17.62	109.07
17.63	108.04
17.64	107.87
17.65	107.48
17.66	108.62
17.67	106.68
17.68	108.77
17.69	108.08
17.7	107.69
17.71	110.92
17.94	128.72
17.95	130.47
17.96	129.71
17.97	128.16
17.98	127.15
17.99	125.66
18	124.11
18.01	123.1
18.02	124.79
18.03	125.07
18.04	125.7
18.05	125.9
18.06	126.19
18.07	126.07
18.08	124.95
18.09	123.43
18.1	121.22
18.11	120.21
18.12	118.53
18.13	116.5
18.14	116.69
18.15	115.24
18.16	114.71
18.17	114.9
18.18	114.8
18.19	114.81
18.2	109.44
18.21	115.3
18.22	110.43
18.23	112.68
18.24	109.28
18.25	111.62
18.26	107.45
18.27	107.09
18.28	107.04
18.29	107.77
18.3	103.9
18.31	102.45
18.39	112.21
18.4	110.78
18.41	106.27
18.42	103.64
18.43	104.44
18.44	110.66
18.45	103.55
18.46	111.34
18.47	112.24
18.5	110.53
18.51	117.59
18.52	116.62
18.53	113.11
18.54	110.67
18.55	109.52
18.56	110.35
18.57	110.25
18.58	108.64
18.59	107.98
18.6	109.38
18.69	122.7
18.7	121.41
18.71	119.69
18.72	116.79
18.73	116.88
18.74	115.75
18.75	115.7
18.76	116.65
18.77	116.19
18.78	115.47
18.79	115.14
18.8	116.59
18.81	116.43
18.82	115.88
18.83	115.46
18.84	115.99
18.85	116.11
18.86	115.86
18.87	116.17
18.88	115.82
18.89	115.83
18.9	116.1
18.91	116.9
18.92	137.89
18.93	133.74
18.94	122.71
18.95	122.03
18.96	116.88
18.97	113.88
18.98	116.09
18.99	109.36
19	108.03
19.01	105.83
19.02	104.98
19.03	103.82
19.04	102.14
19.05	101.39
19.06	101.67
19.07	102.64
19.08	103.91
19.56	83.19
19.57	82.23
19.58	82.99
19.59	93.41
19.6	93.75
19.61	94.65
19.62	95.51
19.63	103.08
19.64	102.32
19.65	103.05
19.66	102.74
19.67	104
19.68	104.94
19.69	106.15
19.7	106.02
19.86	94.19
19.87	97.54
19.88	99.73
19.9	105.92
19.91	109.43
19.92	108.07
19.93	106.04
19.94	104.95
19.95	102.87
19.96	100.41
19.97	101.91
19.98	100.31
19.99	99.63
20	100.08
20.01	98.96
20.02	98.39
20.03	83.34
20.19	122.64
20.2	122.24
20.21	118.86
20.22	118.76
20.23	118.51
20.24	116.16
20.25	116.63
20.26	117.01
20.27	116.24
20.28	116.83
20.29	118.35
20.3	117.16
20.31	115.05
20.32	114.04
20.33	113.51
20.34	112.83
20.35	112.07
20.36	111.45
20.37	109.87
20.38	108.06
20.39	105.39
20.4	102.59
20.41	104.85
20.42	104.03
20.43	104.16
20.44	103.91
20.45	100.78
20.46	106.83
20.47	109.17
20.48	108.66
20.49	109.71
20.5	111.81
20.53	111.24
20.54	112.04
20.55	112.24
20.56	113.81
20.57	111.83
20.58	110.6
20.59	109.08
20.6	108.72
20.61	107.9
20.62	107.77
20.63	108.18
20.64	108.15
20.65	107.17
20.66	105.23
20.67	106.09
20.68	107.78
20.69	109.11
20.7	109.29
20.71	109.76
20.72	110.12
20.73	109.96
20.74	109.47
20.75	112.27
20.76	110.11
20.77	110.44
20.78	108.53
20.79	107.28
20.8	107.58
20.81	105.23
20.82	107.48
20.83	100.3
20.84	107.36
20.85	114.27
20.86	107.46
20.87	108.12
20.88	105.52
20.89	105.23
20.99	103.62
21	105.03
21.01	101.75
21.02	98.51
21.03	89.43
21.04	85.97
21.05	86.15
21.06	88.13
21.07	89.06
21.16	115.02
21.17	116.17
21.18	116.19
21.19	116.25
21.2	116.06
21.21	114.98
21.22	115.29
21.23	117.59
21.24	117.8
21.25	117.23
21.26	117.36
21.27	117.68
21.28	117.78
21.38	106.21
21.39	103.88
21.43	102.56
21.44	101.83
21.45	105.33
21.46	107.69
21.47	109.03
21.48	111.42
21.49	111.36
21.5	111.67
21.51	111.17
21.52	111.48
21.53	111.84
21.54	112.79
21.55	111.87
21.56	111.75
21.57	110.7
21.58	110.77
21.59	110
21.6	109.69
21.61	109.65
21.62	108.87
21.63	109.72
21.64	107.04
21.65	110.06
21.66	108.89
21.67	109.45
21.68	109.56
21.69	110.38
21.7	109.97
21.71	110.03
22.21	106.8
22.22	104.69
22.23	105.38
22.24	105.34
22.25	107.88
22.26	104.13
22.27	111.75
22.31	107.34
22.32	107.59
22.42	109.64
22.43	112.85
22.44	111.55
22.45	110.95
22.46	109.27
22.47	108.16
22.48	104.74
22.49	101.82
22.5	101.56
22.51	102.08
22.52	106.23
22.53	146.97
22.54	155.73
22.55	153.19
22.59	139.83
22.6	137.98
22.61	142.41
22.62	142.6
22.63	144.31
22.64	146.12
22.65	146.91
22.66	150.58
22.67	151.14
22.68	147.23
22.69	145.49
22.7	158.66
22.71	146.57
23.11	117.55
23.12	116.27
23.13	111.2
23.14	107.82
23.15	106.53
23.16	106.04
23.17	105.73
23.18	105.82
23.19	105.33
23.2	104.2
23.21	103.52
23.22	104.3
23.23	104.79
23.41	131.43
23.42	129.5
23.48	100.83
23.49	104.62
23.5	107.31
23.51	107.48
23.52	107.34
23.53	107.12
23.54	107.2
23.55	107.94
23.56	105.52
24.03	113.28
24.04	113.1
24.05	111.31
24.06	109.33
24.07	108.5
24.08	108.43
24.09	106.2
24.42	119.66
24.43	121.09
24.44	118.58
24.45	117.55
24.46	116.44
24.47	119.15
24.48	119.3
24.49	120.41
24.5	121.54
24.51	123.93
24.52	128.41
24.53	128.6
24.54	125.39
24.55	124.34
24.56	124.08
24.57	122.95
24.58	121.11
24.59	120.39
24.6	118.75
24.61	116.63
24.62	115.26
24.63	114.28
24.64	114.84
24.65	115.26
24.66	114.91
24.67	114.23
24.68	112.52
24.69	111.6
24.7	112.1
24.71	115.57
24.72	114.33
24.73	113.6
24.74	115.64
24.97	107.09
24.98	109.92
24.99	111.74
25	111.68
25.01	110.54
25.02	110.38
25.03	111.05
25.04	111.78
25.05	111.55
25.06	110.65
25.07	109.94
25.08	110.6
25.09	110.5
25.1	111.11
25.11	110.86
25.12	110.01
25.13	110.51
25.14	110
25.15	109.3
25.16	108.13
25.17	105.44
25.18	105.78
25.19	106.08
25.26	113.49
25.27	112.84
25.28	112.85
25.29	111.79
25.3	112.2
25.31	111.9
25.32	111.42
25.33	111.16
25.34	110.61
25.35	111
25.36	111.07
25.37	111.41
25.39	110.44
25.4	111.35
25.41	111.62
25.48	114.19
25.49	115.46
25.5	115.75
25.51	115.36
25.52	115.76
25.53	115.18
25.54	116.23
25.55	116.51
25.56	117.86
25.57	118.96
25.58	118.92
25.59	117.2
25.6	114.66
25.61	112.24
25.62	115.75
25.63	121.87
25.64	123.45
25.65	119.64
25.66	114.73
25.67	112.29
25.68	112.06
25.69	110.32
25.7	109.39
25.71	105.37
25.72	107.31
25.73	107.02
25.74	105.78
25.75	105.1
25.76	105.59
25.77	105.04
25.78	105.52
25.79	106.94
25.8	105.44
25.81	105.49
25.82	106.22
25.83	105.94
25.84	105.95
25.85	106.62
25.86	105.48
25.87	106.82
25.88	107.61
25.89	108.7
25.9	109.22
25.91	109.38
25.92	108.41
25.93	108.22
25.94	108.19
25.95	111.1
25.96	118.09
25.97	114.38
25.98	114.64
25.99	116.9
26	117.7
26.01	116.79
26.02	115.83
26.03	115.42
26.04	115.28
26.05	114.17
26.06	113.92
26.07	115.6
26.08	118.06
26.09	114.83
26.1	115.37
26.11	114.2
26.12	113.31
26.13	118.17
26.35	113.5
26.36	114.95
26.37	116.37
26.38	116.94
26.39	116.49
26.4	116.81
26.41	117.18
26.42	116.59
26.43	114.48
26.44	113.78
26.45	113.05
26.46	111.41
26.47	111.86
26.48	111.3
26.49	112.87
26.5	112.25
26.51	113.04
26.52	112.03
26.53	110.53
26.54	107.66
26.55	104.98
26.56	106.95
26.57	108.78
26.58	110.51
26.59	111.17
26.6	111.87
26.61	110.56
26.62	107.12
26.63	106.61
26.64	106.8
26.65	107.87
26.66	108.1
26.67	109.03
26.68	108.16
26.69	109.09
26.7	108.77
26.71	107.97
26.72	107.39
26.73	106.36
26.74	106.12
26.75	106.33
26.76	105.97
26.77	101.74
26.78	101.78
26.79	101.57
26.8	106.36
26.81	106.7
26.82	103.87
26.83	101.81
26.84	103.56
26.85	102.93
26.86	105.66
26.87	108.58
26.88	108.18
26.89	105.12
26.93	113.96
26.94	114.33
26.95	113
26.96	112.69
26.97	110.79
26.98	108.51
26.99	108.93
27	112.9
27.01	112.44
27.02	108.82
27.09	118.61
27.1	120.44
27.11	117.82
27.12	115.11
27.13	112.44
27.14	110.91
27.15	112.38
27.24	117.05
27.25	114.12
27.26	114.36
27.27	113.97
27.28	112.66
27.29	112.18
27.3	109.37
27.31	110
27.32	111.25
27.33	110.3
27.34	109.93
27.35	110.41
27.36	111.62
27.37	112.21
27.38	112.72
27.39	113.4
27.4	115.82
27.41	114.92
27.42	114.07
27.43	112.41
27.44	111.42
27.45	110.34
27.46	108.12
27.47	101.81
27.48	100.24
28.01	95.24
28.02	109.47
28.03	107.66
28.04	105.46
28.05	105.16
28.06	107.57
28.07	108.51
28.08	109.85
28.09	107.83
28.1	113.61
28.11	111.02
28.12	110.77
28.13	107.51
28.14	119.85
28.15	120.47
28.16	120.33
28.17	121.46
28.18	121.33
28.19	119.69
28.2	118.77
28.21	117.87
28.22	117.63
28.23	116.69
28.24	115.8
28.25	115.36
28.26	114.62
28.27	113.38
28.28	113.46
28.29	112.19
28.3	111.29
28.31	110.59
28.32	110.33
28.33	109.53
28.34	107.56
28.35	107.04
28.36	106.51
28.37	106.43
28.38	105.52
28.39	105.15
28.4	107.57
28.41	105.73
28.42	104.71
28.43	106.05
28.44	102.94
28.48	108.86
28.49	107.2
28.5	107.38
28.51	106.94
28.52	107.9
28.53	149.91
28.54	123.24
28.55	123.61
28.56	122.24
28.57	121.72
28.58	121.13
28.59	120.84
28.6	120.83
28.61	120.12
28.62	119.47
28.63	118.7
28.64	119.95
28.65	120
28.66	120.24
28.67	120.96
28.68	121.13
28.69	123.73
28.7	123.73
28.71	120.05
28.72	121.61
28.73	125.02
28.74	126.64
28.75	126.4
28.76	124.54
28.77	123.64
28.78	123.81
28.79	122.79
28.8	121.53
28.81	120.07
28.82	118.93
28.83	119.27
28.84	120.58
28.85	120.46
28.86	120.42
28.87	122.03
28.88	122.01
28.89	123.28
28.9	123.75
28.91	123.93
28.92	125.06
28.93	124.82
28.94	124.17
28.95	123
28.96	125.16
28.97	122.76
28.98	123.91
28.99	126.02
29	121.74
29.01	122.63
29.02	121.6
29.08	124.97
29.09	118.57
29.5	110.4
29.51	112.23
29.52	111.23
29.53	111.72
29.54	108.97
29.55	111.02
29.56	111.48
29.57	111.01
29.58	109.95
29.59	109.69
29.6	110.44
29.61	108.16
29.62	107.71
29.63	110.43
29.64	111.96
29.67	130.16
29.68	129.72
29.69	129.69
29.7	129.96
29.71	129.69
29.72	129.19
29.73	128.3
29.74	127.23
29.75	125.83
29.76	125.17
29.77	124.08
29.78	123.42
29.79	123.3
29.8	121.93
29.81	121.06
29.82	122.93
29.83	118.9
29.84	118.1
29.85	117.93
29.86	117.31
29.87	118.23
29.88	119.1
29.89	117.08
29.9	117.06
29.91	117.95
29.92	118.33
29.93	118.34
29.94	118.94
29.95	119.34
29.96	120.49
29.97	124.11
29.98	126.64
29.99	124.39
30	123.88
30.01	124.35
30.02	123.2
30.03	121.93
30.04	121.73
30.05	123.16
30.06	124.29
30.07	123.32
30.08	121.97
30.09	121.93
30.1	120.04
30.11	120.21
30.12	120.05
30.18	121.07
30.19	121.04
30.2	114.69
30.21	108.97
30.22	106.17
30.23	103.89
30.24	101.9
30.25	101.48
30.26	100.63
30.27	100.28
30.48	129.55
30.49	127.35
30.5	127.93
30.51	125.56
30.52	124.5
30.53	123.21
30.54	123.36
30.55	121.34
30.56	117.9
30.57	116.73
30.58	116.83
30.59	109.42
30.6	114.5
30.61	120.5
30.62	122.29
30.63	121.22
30.64	120.56
30.79	109.73
30.8	113.78
30.81	110.35
30.82	111.2
30.83	109.82
30.84	110.71
30.85	109.47
30.86	109.06
30.87	109.74
30.91	119.66
30.92	119.01
30.93	124.62
30.94	123.57
30.95	124.43
30.96	119.48
30.97	119.8
30.98	123.63
30.99	122.05
31.21	122.07
31.22	120.53
31.23	117.48
31.24	116.59
31.25	116.59
31.26	115.32
31.27	113.53
31.28	113.15
31.29	111.71
31.3	110.02
31.31	108.56
31.32	106.38
31.33	104.94
31.34	106.51
31.35	106.23
31.36	103.45
31.37	105.3
31.38	111.08
31.39	110.72
31.4	110.45
31.41	113.37
31.42	112.93
31.43	150.23
31.44	151.64
31.45	148.91
31.46	147.04
31.78	112.39
31.79	107.96
31.8	106.66
31.81	108.33
31.82	106.62
31.83	108.7
31.84	107.07
31.85	107.9
31.86	107.27
31.92	165.4
31.93	163.48
32.18	132.45
32.19	132.28
32.2	131.55
32.21	129.73
32.22	126.2
32.23	127.19
32.31	120.29
32.32	119.65
32.33	117.73
32.34	116.52
32.35	113.29
32.36	106.71
32.37	110.04
32.38	106.56
32.39	112.5
32.4	112.84
32.41	113.98
32.42	110.16
32.43	109.97
32.52	132.2
32.53	129.84
32.54	128.94
32.55	127.72
32.56	126.81
32.57	125.3
32.58	123.17
32.59	122.54
32.6	122.16
32.61	120.36
32.62	113.05
32.63	121.95
32.64	108.7
32.65	108.62
32.66	110.64
32.67	111.55
32.68	109.86
32.69	108.7
32.7	108.96
32.71	109.01
32.72	107.94
32.73	106.47
32.74	108.98
32.75	109.53
32.85	109.47
32.86	110.93
32.87	109.85
32.88	108.96
32.89	106.79
32.9	109.2
32.91	105.27
32.92	111.55
32.93	111.46
32.97	119.73
32.98	118.9
32.99	114.78
33	110.74
33.01	108.94
33.02	105.29
33.03	102.93
33.38	113.52
33.39	110.75
33.4	110.76
33.41	110.73
33.42	110.03
33.43	110.11
33.44	109.74
33.45	112.29
33.46	111.43
33.47	111.02
33.48	110.83
33.49	111.3
33.5	111.63
33.51	109.91
33.52	110.24
33.53	112.05
33.54	110.76
33.55	111.32
33.56	110.97
33.57	110.97
33.58	111.09
33.59	110.14
33.6	113.61
33.61	113.6
33.62	113.76
33.63	113.85
33.64	113.58
33.65	113.13
33.66	113.08
33.67	112.31
33.68	111.79
33.69	111.34
33.7	111.03
33.71	110.47
33.72	112.13
33.73	112.68
33.74	113.31
33.75	111.43
33.76	110.48
33.77	109.2
33.78	107.14
33.79	107.75
33.89	112.36
33.9	112.54
33.91	111.71
33.92	113.38
34.13	103.71
34.14	92.25
34.15	93.09
34.16	95.11
34.17	93.39
34.22	103.29
34.23	110
34.24	111.39
34.25	108.87
34.26	109.26
34.27	109.4
34.28	110.82
34.29	110.47
34.3	110.67
34.31	110.18
34.32	111.08
34.33	110.59
34.34	109.85
34.35	109.97
34.36	111.08
34.37	109.15
34.38	110.06
34.39	111.7
34.4	112.31
34.41	112.27
34.42	112.07
34.43	110.57
34.44	110.52
34.45	110.64
34.48	116.67
34.49	113.24
34.5	111.12
34.51	110.74
34.52	111.98
34.53	112.27
34.54	114.1
34.55	111.41
34.56	109.95
34.57	108.49
34.58	107.85
34.59	107.91
34.6	107.41
34.61	108.54
34.62	102.59
34.63	107.94
34.64	112.59
34.65	113.77
34.66	112.89
34.67	83.86
34.73	95.42
34.78	128.76
34.79	134.39
34.8	135.32
34.81	137.98
34.82	139.77
34.83	136.12
34.84	133.78
34.85	133.48
34.86	132.18
34.87	128.38
34.88	127.94
34.89	126.52
34.9	123.12
34.91	124.33
34.96	110.53
34.97	113.51
34.98	111.37
34.99	111.35
35	110.42
35.01	106.43
35.02	101.57
35.03	102.19
35.04	103.07
35.07	112.2
35.08	108.92
35.09	112.4
35.1	91.15
35.11	91.45
35.12	111.36
35.13	114.24
35.14	114.22
35.15	110
35.16	113.18
35.17	112.13
35.2	106.46
35.21	108.28
35.22	106.18
35.23	104.92
35.24	106.47
35.25	105.67
35.26	99.91
35.32	113.28
35.33	111.7
35.34	111.08
35.35	110.2
35.36	108.52
35.37	107.52
35.38	108.16
35.39	107.21
35.4	105.4
35.41	106.33
35.42	106.75
35.43	106.4
35.44	105.31
35.53	124.81
35.54	119.77
35.55	119.58
35.56	115.98
35.57	113.53
35.58	109.43
35.59	111.04
35.6	111.55
35.61	110.44
35.62	110.96
35.63	109.81
35.64	108.5
35.65	109.38
35.66	108.68
35.67	106.59
35.68	104.67
35.69	102.39
35.7	103.21
35.71	99.42
35.74	102.98
35.75	101.7
35.76	104.43
35.77	105.03
35.78	103.43
35.79	102.13
35.8	103.17
35.81	102.56
