time	f0
0.425	124.27
0.435	116.84
0.445	113.55
0.455	109.21
0.465	106.24
0.475	104.45
0.485	104.08
0.495	101.32
0.505	96.51
0.515	95.85
0.525	106.61
0.535	109.26
0.545	107.62
0.615	120.73
0.625	114.46
0.635	114.5
0.645	116.07
0.655	117.42
0.665	118.38
0.675	118.51
0.685	117.35
0.695	116.9
0.705	118.09
0.715	118.82
0.725	119.65
0.735	118.68
0.745	118.73
0.755	118.47
0.765	118.6
0.775	118.77
0.785	117.9
0.795	124.65
0.805	127.09
0.815	123.86
0.825	115.54
0.835	110.89
0.845	109.86
0.855	103.97
0.865	101.82
0.875	102.29
0.885	102.91
0.895	102.82
0.905	102.15
0.915	101.97
0.925	101.49
0.935	99.34
0.945	97.86
1.055	107.27
1.065	106.48
1.075	104.06
1.085	101.02
1.095	96.33
1.105	98.65
1.115	103.59
1.125	102.85
1.215	130.2
1.225	129.61
1.235	129.27
1.245	128.74
1.255	127.5
1.265	126.64
1.275	125.21
1.285	124.4
1.295	123.58
1.305	122.36
1.315	121.32
1.325	119.23
1.335	116.65
1.345	114.18
1.355	111.64
1.365	109.21
1.375	107.5
1.385	105.73
1.395	104.49
1.405	102.64
1.415	101.01
1.425	99.52
1.435	99.29
1.445	99.28
1.455	98.96
1.465	97.6
1.475	95.39
1.485	92.38
1.495	91.89
1.505	91.56
1.515	89.61
1.645	97.46
1.655	96.59
1.665	95.4
1.675	91.39
1.685	90.24
1.695	101.86
1.705	98.36
1.715	101.56
1.725	102.19
1.735	101.71
1.745	102.04
1.755	102.98
1.765	104.9
1.775	107.32
1.785	108.06
1.795	102.44
1.805	102.93
1.815	102.8
1.825	103.15
1.835	105.4
1.845	106.22
1.855	106.93
1.865	106.61
2.025	112.44
2.035	108.91
2.045	104.09
2.055	103.12
2.065	102.2
2.075	101.37
2.085	99.33
2.095	98.18
2.105	99.8
2.115	99.93
2.125	99.58
2.135	99.81
2.145	100.08
2.155	100.04
2.165	100.6
2.175	101.72
2.185	103.42
2.195	105.04
2.205	105.72
2.215	105.88
2.225	106.39
2.235	106.85
2.245	106.85
2.255	106.44
2.265	105.36
2.275	104.72
2.285	105.87
2.295	107.43
2.305	106.59
2.315	105.21
2.325	106.59
2.335	105.69
2.345	104.95
2.355	104.95
2.365	106.76
2.425	169.03
2.435	168.76
2.445	164.75
2.465	86.79
2.475	85.92
2.485	85.37
2.495	85.22
2.505	85.44
2.515	85.72
2.525	85.2
2.535	85.06
2.545	85.34
2.555	85.71
2.565	85.91
2.575	86.2
2.585	85.91
2.595	85.15
2.605	84.92
2.615	85
3.855	95.97
3.865	93.68
3.875	93.03
3.885	92.89
3.895	94.41
3.905	94.59
3.915	91.84
3.925	92.92
3.935	93.46
3.945	94.17
3.955	94.91
3.965	95.17
3.975	99.15
3.985	96.81
3.995	97.03
4.005	97.15
4.015	96.74
4.025	96.35
4.035	96.42
4.045	96.96
4.055	97.79
4.065	98.52
4.075	98.93
4.085	99.7
4.095	100.86
4.105	102.27
4.115	104.02
4.125	105.43
4.135	106.42
4.145	107.2
4.155	107.86
4.165	108.34
4.175	109.13
4.185	109.68
4.195	109.58
4.205	109.46
4.215	109.24
4.225	107.95
4.235	106.5
4.245	102.95
4.255	100.07
4.265	97.77
4.275	95.91
4.285	93.77
4.295	92.01
4.305	89.54
4.315	90.85
4.325	90.86
4.335	89.55
4.345	89.27
4.355	86.77
4.365	85.64
4.375	86.22
4.565	101.36
4.575	100.74
4.585	99.01
4.595	96.82
4.605	95.66
4.615	95.52
4.625	95.55
4.635	89.33
4.645	95.35
4.655	102.52
4.665	103.48
4.675	102.72
4.685	102.95
4.695	103.15
4.705	103.45
4.715	103.81
4.725	105.13
4.735	107.41
4.745	108.47
4.755	108.96
4.765	107.32
4.775	106.68
4.785	105.28
4.795	105.61
4.805	108.86
4.815	111.15
4.825	108.85
4.835	108.6
4.845	108.78
4.855	108.57
4.865	106.33
5.235	96.09
5.245	97.91
5.255	97.42
5.265	97.22
5.275	96.88
5.285	96.55
5.295	96.18
5.305	96.19
5.315	95.4
5.325	94.66
5.335	94.19
5.345	94.09
5.355	93.9
5.365	94.08
5.375	94.29
5.385	94.47
5.395	94.52
5.405	94.15
5.415	94
5.425	94.05
5.435	94.16
5.445	94
5.455	94.03
5.465	94.3
5.475	94.07
5.485	93.61
5.495	93.3
5.505	92.82
5.515	92.29
5.525	91.96
5.535	91.68
5.545	91.29
5.555	91.24
5.565	91.29
5.575	90.76
5.585	90.32
5.595	90.28
5.605	90.16
5.615	89.37
5.625	88.9
5.655	90.29
5.665	90.36
5.675	90.26
5.685	88.49
5.695	87.85
5.705	87.06
5.715	85.57
5.725	85.31
5.735	85.31
5.745	85.19
5.755	84.75
5.765	85.78
5.775	86.25
5.785	88.02
5.795	88.68
5.805	88.2
5.815	87.1
5.825	86.41
5.835	86.83
7.105	88.16
7.115	90.39
7.125	91.54
7.135	93.02
7.145	93.47
7.155	91.02
7.165	89.29
7.565	99.51
7.575	100.28
7.585	97.78
7.595	97.28
7.605	96.43
7.615	95.76
7.625	94.87
7.635	95.31
7.645	96.1
7.655	96.45
7.665	96.22
7.675	96.18
7.685	95.45
7.695	93.73
7.705	92.56
7.715	91.6
7.725	91.01
7.735	90.53
7.745	89.73
7.755	88.21
7.765	87.57
7.775	87.63
7.785	86.86
7.795	85.49
7.805	85.3
7.815	84.56
7.825	83.91
7.835	83.22
7.845	81.72
7.855	85.11
7.865	83.99
7.875	83.67
7.885	84.87
7.895	84
7.905	85.06
7.915	83.73
7.925	71.58
7.935	72.81
7.945	74.09
7.955	86.36
7.965	86.9
7.975	85.07
7.985	83.28
7.995	84.92
8.005	84.89
8.015	86.42
8.025	89.22
8.035	91.57
8.045	91.95
8.055	91.56
8.065	91.3
8.075	91.5
8.085	91.04
8.095	90.25
8.105	88.39
8.115	87.02
8.125	86.38
8.135	89.42
8.145	87.48
8.155	85.47
8.165	85.38
8.315	106.45
8.325	107.09
8.335	105.22
8.345	103.83
8.355	103.94
8.365	103.53
8.375	103.24
8.385	104.19
8.395	106.04
8.405	107.61
8.415	108.59
8.425	109.34
8.435	110.91
8.445	113.17
8.455	114.32
8.465	115.94
8.475	117.76
8.485	120.38
8.495	121.52
8.505	122.5
8.515	123.94
8.525	125.19
8.535	125.82
8.545	126.18
8.555	126.84
8.565	127.42
8.575	127.66
8.585	126.5
8.595	126.9
8.605	127.72
8.615	126.91
8.625	125.6
8.635	125.21
8.645	126.66
8.655	128.63
8.665	126.72
8.675	124.99
8.685	126.03
8.695	126.3
8.705	125.83
8.715	125.08
8.725	125.83
8.735	125.36
8.765	104.79
8.775	107.06
8.785	108.17
8.795	107.29
8.805	107.39
8.815	107.91
8.825	107.63
8.835	106.99
8.845	106
8.855	105.5
8.865	105.74
8.875	106.24
8.885	107.07
8.895	107.35
8.905	107.97
8.915	108.93
8.925	109.78
8.935	110.3
8.945	109.81
8.955	107.11
8.965	105.75
8.975	106.62
8.985	108.3
8.995	108.41
9.005	108.38
9.015	107.99
9.125	102.04
9.135	98.27
9.145	97.98
9.155	97.74
9.165	98.43
9.175	100.8
9.185	98.61
9.195	98.18
9.205	97.6
9.215	99.58
9.305	115
9.315	111.69
9.325	108.63
9.335	106
9.345	104.75
9.355	104.05
9.365	102.01
9.375	98.97
9.385	100.62
9.395	104.34
9.405	103.47
9.415	102.91
9.425	102.85
9.435	101.7
9.445	104.74
9.455	103.04
9.465	101.74
9.475	74.46
9.625	92.86
9.635	92.24
9.645	90.56
9.655	89.31
9.665	87.57
9.675	85.18
9.685	83.33
9.695	84.45
9.705	85.86
9.715	85.86
9.725	85.26
9.735	84.39
9.745	84
9.755	84.42
9.765	83.71
9.775	82.38
9.785	82.44
9.795	81.85
9.805	80.62
9.815	79.07
9.825	77.81
9.835	79.55
9.845	81.36
9.855	81.62
9.905	84.7
9.915	85.84
9.925	84.51
9.935	83.76
9.945	83.25
9.955	82.88
9.965	81.74
9.975	80.51
9.985	70.05
9.995	82.82
10.005	81.53
10.015	82.71
10.025	81.24
10.035	82.51
10.045	83.21
10.055	83.41
10.065	83.58
10.075	82.78
10.085	83.63
10.225	81.82
10.235	73.63
10.245	82.35
10.255	82.1
10.495	91.4
10.505	95.48
10.515	97.05
10.525	95.14
10.535	94.73
10.545	94.78
10.555	95.33
10.565	96.9
10.575	98.04
10.585	99.6
10.595	101.03
10.605	102.89
10.615	105.28
10.625	106.7
10.635	108.59
10.645	110.73
10.655	113.5
10.665	115.32
10.675	117.38
10.685	119.63
10.695	122.3
10.705	123.84
10.715	126.09
10.725	127.79
10.735	129.39
10.745	131.09
10.755	132.18
10.765	133.72
10.775	133.2
10.785	131.89
10.795	131.19
10.805	131.31
10.815	132.54
10.825	133.77
10.835	132.32
10.845	132.41
10.855	131.91
10.865	130.32
10.875	126.01
10.885	125.99
10.895	124.61
10.905	122.03
10.915	122.7
10.925	120.94
10.935	120.6
10.945	121.72
10.955	121.94
10.965	122.27
10.975	122.33
10.985	122
10.995	119.94
11.005	120.75
11.015	122.19
11.735	95.45
11.745	93.5
11.755	91.38
11.765	91.27
11.775	92.05
11.785	90.92
11.795	90.73
11.805	89.9
11.815	88.67
11.825	89.36
11.835	89.53
11.845	89.17
11.855	88.72
11.865	88.02
11.875	87.29
11.885	84.5
11.895	86.32
11.905	86.93
11.915	86.87
11.925	86.29
11.935	85.59
11.945	85.21
11.955	85.28
11.965	85.56
11.975	85.96
11.985	86.03
11.995	86.02
12.005	85.36
12.015	85.2
12.025	85.37
12.035	84.43
12.045	84.21
12.055	84.87
12.065	85.73
12.075	85.55
12.085	85.32
12.095	85.21
12.105	85.42
12.115	85.28
12.125	85.14
12.135	85.22
12.325	83.78
12.335	96.09
12.345	93.18
12.355	88.86
12.365	86.54
12.375	91.12
12.385	90.27
12.395	87.84
12.405	87.57
12.415	92.3
12.425	86.34
12.435	84.84
12.445	88.4
12.455	87.73
12.545	98.61
12.555	101.37
12.565	101.4
12.575	103.22
12.585	105.43
12.595	105.73
12.605	105.88
12.615	106.23
12.625	107
12.635	107.72
12.645	108.88
12.655	110.28
12.665	111.19
12.675	107.45
12.685	93.85
12.695	94.77
12.705	73.76
12.715	73.26
12.725	73.21
12.735	73.61
12.745	107.36
12.755	107.69
12.765	106.91
12.775	106.71
12.785	107.05
12.795	104.04
12.835	98.76
12.845	97.58
12.855	94.76
12.865	91.55
12.875	88.14
12.885	91.4
12.895	91.55
12.905	92.29
12.915	94.29
12.925	94.44
12.935	93.39
12.945	92.5
12.955	91.03
12.965	93.27
12.975	95.96
12.985	95.22
12.995	94.81
13.005	94.58
13.015	94.91
13.025	95.35
13.035	96.73
13.045	95.97
13.055	94.55
13.065	94.93
13.075	97.16
13.085	98.97
13.095	99.98
13.105	100.3
13.115	101.78
13.125	102.91
13.135	103.47
13.145	103.73
13.155	103.87
13.165	103.78
13.175	103.75
13.185	103.06
13.195	102.44
13.205	102.04
13.215	101.5
13.225	101.17
13.235	100.86
13.245	100.4
13.255	99.64
13.265	99.15
13.275	98.41
13.285	97.86
13.295	97.41
13.305	95.89
13.315	93.72
13.325	90.62
13.335	90.05
13.345	87.93
13.355	85.39
13.365	85.53
13.375	85.53
13.385	86.35
13.395	85.51
13.405	83.85
13.415	81.67
13.425	80.66
13.435	82.09
13.445	81.2
13.455	80.56
13.465	81.41
13.475	80.7
13.485	80.74
13.495	81.55
13.505	73.58
13.945	86.41
13.955	83.43
13.965	83.48
13.975	82.78
13.985	81.64
13.995	79.93
14.005	79.15
14.015	78.95
14.025	79.03
14.035	80.27
14.045	79.03
14.055	79.5
14.065	80.48
14.075	80.52
14.085	81.95
14.125	97.46
14.135	98.72
14.145	85.23
14.155	91.51
14.165	87.65
14.175	87.04
14.185	86.77
14.195	87.32
14.205	88.47
14.215	87.76
14.225	87.74
14.235	88.46
14.245	87.17
14.255	86.75
14.265	87.27
14.275	87.97
14.285	88.4
14.295	88.2
14.425	85.65
14.435	84.65
14.445	83.72
14.455	85.62
14.465	86.5
14.475	84.35
14.485	83.26
14.615	71.19
14.625	71.86
14.755	84.87
14.765	86.77
14.775	86.69
14.785	82.16
14.805	167.56
14.815	168.3
14.825	167.49
14.955	104.48
14.965	106.88
14.975	107.48
14.985	107.94
14.995	108.92
15.005	110.17
15.015	110.08
15.025	108.39
15.035	112.54
15.045	115.62
15.055	115.49
15.065	117.89
15.075	121.94
15.085	122.03
15.095	124.91
15.105	128.95
15.115	132.95
15.125	132.12
15.135	133.34
15.145	137.29
15.155	136.06
15.165	143.01
15.175	152.23
15.185	143.96
15.195	79.19
15.205	79.34
15.215	78.52
15.225	77.47
15.235	81
15.245	83.04
15.255	78.46
15.265	77.85
15.275	78.85
15.755	107.06
15.765	103.5
15.775	100.74
15.785	98.8
15.795	97.26
15.805	95
15.815	92.36
15.825	102.08
15.835	98.84
15.845	96.27
15.935	102.03
15.945	102.21
15.955	101.74
15.965	100.85
15.975	100.03
15.985	99.55
15.995	99.31
16.005	98.59
16.015	97.42
16.025	97.97
16.035	97.83
16.045	96.83
16.055	96.37
16.065	96.48
16.075	98.63
16.085	102.02
16.445	100.95
16.455	100.62
16.465	101.35
16.475	99.58
16.485	99.19
16.495	95.86
16.505	95.84
16.515	95.47
16.525	95.41
16.535	94.92
16.545	95
16.555	95.07
16.565	95.05
16.595	110.26
16.605	109.63
16.615	110.05
16.625	108.45
16.635	94.44
16.645	94.7
16.655	94.66
16.665	83.31
16.675	83.36
16.685	83.47
16.695	91.03
16.705	91.63
16.715	91.22
16.725	92.19
16.735	92.21
16.745	88.94
16.755	91.72
16.765	95.56
16.775	97.16
16.785	98.15
16.795	98.42
16.805	98.33
16.815	98.62
16.825	99.6
16.835	100.67
16.845	101.78
16.855	103.36
16.865	104.7
16.875	105.52
16.885	107.28
16.895	106.15
16.905	94.45
16.945	105.67
16.955	105.02
16.965	107.7
17.045	94.52
17.055	91.44
17.065	87.62
17.075	86.8
17.085	85.55
17.095	84.99
17.105	86.01
17.115	87.15
17.125	86.99
17.135	86.97
17.145	87.45
17.155	87.03
17.165	84.8
17.175	83.4
17.185	84.29
17.195	86.65
17.205	87.35
17.215	88.39
17.225	86.19
17.235	78.26
17.245	102.62
17.255	105.29
17.265	106.21
17.275	109.01
17.285	110.79
17.295	110.97
17.305	111
17.315	111.03
17.325	114.51
17.335	114.86
17.345	115.44
17.355	118.55
17.365	126.12
17.375	125.73
17.385	126.52
17.395	128.35
17.405	129.99
17.415	130.48
17.425	125.41
17.435	122.96
17.445	124.5
17.455	129.23
17.465	123.15
17.475	125.29
17.485	126.76
17.495	126.96
17.505	128.32
17.515	129.81
17.565	99.5
17.575	99.7
17.585	99.51
17.595	99.66
17.605	100.04
17.615	100.78
17.625	101.52
17.635	102.11
17.645	102.09
17.655	100.98
17.665	96.93
17.675	101.55
17.685	101.44
17.695	100.18
17.795	108.95
17.805	104.19
17.815	101.61
17.825	96.87
17.835	94.81
17.845	92.26
17.855	90.96
17.865	90.82
17.875	91.44
17.885	91.62
17.895	91.44
17.905	90.77
17.915	89.48
17.925	85.55
18.135	89.17
18.145	89.51
18.155	90.96
18.165	90.35
18.175	88.6
18.185	88.71
18.195	88.61
18.205	90.43
18.215	90.86
18.225	91.05
18.235	91.65
18.245	92.58
18.255	93.47
18.265	94.29
18.275	93.03
18.285	92.49
18.295	90.59
18.305	90.34
18.345	83.95
18.355	85.5
18.365	86.42
18.375	88.45
18.385	89.14
18.395	89.3
18.405	89.23
18.415	89.25
18.425	89.35
18.435	88.93
18.445	87.37
18.455	88.58
18.465	89.48
18.475	89.99
18.485	90.4
18.495	91.88
18.505	92.75
18.515	92.98
18.525	91.91
18.535	90.42
18.545	89.89
18.555	89.89
18.565	90.46
18.575	90.64
18.585	90.96
18.595	91.86
18.695	84.92
18.705	84.33
18.715	83.07
18.725	79.76
18.755	79.49
18.765	78.25
18.775	80.12
18.785	79.55
18.795	79.52
18.805	79.89
19.225	89.62
19.235	87.9
19.245	79.34
19.255	75.87
19.265	74.6
19.315	78.49
19.325	76.69
19.345	83.96
19.355	80.24
19.365	80.27
19.375	80.3
19.385	79.47
19.395	79.14
19.405	80.52
19.415	79.78
19.475	97.13
19.485	97.26
19.495	96.75
19.505	96.28
19.515	96.94
19.525	97.65
19.535	97.88
19.545	98.04
19.555	98.64
19.565	99.92
19.575	104.95
19.585	111.88
19.595	114.61
19.605	120.85
19.615	122.6
19.625	123.84
19.635	124.76
19.645	126.64
19.655	128.55
19.665	128.71
19.675	128.11
19.685	125.67
19.695	121.04
19.705	118.08
19.715	115.4
19.725	110.84
19.795	78.28
19.805	78.53
19.815	79.96
20.505	89.73
20.515	93.77
20.525	94.52
20.535	94.53
20.545	94.71
20.555	94.19
20.565	94.38
20.575	94.66
20.585	94.05
20.595	93.82
20.605	93.57
20.615	93.8
20.625	93.74
20.635	92.67
20.645	92.29
20.655	92.66
20.665	92.61
20.675	92.12
20.685	91.74
20.695	91.31
20.705	90.82
20.715	90.49
20.725	90.22
20.735	89.46
20.745	88.42
20.755	87.6
20.765	87.42
20.775	86.84
20.785	86.31
20.795	86.55
20.805	86.74
20.815	86.57
20.825	85.6
20.835	85.15
20.845	86.09
20.855	86.51
20.865	86.37
20.875	86.63
20.885	87.22
20.895	82.96
20.905	83.31
20.915	85.77
21.005	84.94
21.015	86.67
21.025	86.54
21.035	85.86
21.045	86.71
21.055	86.74
21.065	87.34
21.075	88.24
21.085	90.06
21.095	90.53
21.105	90.43
21.115	89.88
21.125	87.85
24.125	102.59
24.135	101.7
24.145	101.2
24.155	99.07
24.165	97.75
24.175	97.73
24.185	97.02
24.195	95.55
24.205	95.1
24.215	95.92
24.225	94.35
24.235	93.82
24.245	94.06
24.255	94.97
24.265	95.27
24.275	93.49
24.285	92.93
24.295	91.11
24.305	90.57
24.315	90.83
24.325	90.53
24.335	89.7
24.345	89.06
24.355	88.94
24.365	86.87
24.375	85.75
24.385	85.66
24.395	84.82
24.405	84.6
24.415	85.07
24.425	84.84
24.435	83.63
24.445	83.37
24.455	83.75
24.465	83.48
24.475	83.16
24.485	80.69
24.495	79.09
24.505	79.08
24.515	78.74
24.525	77.33
24.535	77.29
24.545	74.31
24.555	151.92
24.565	152.56
24.575	149.14
24.585	148.6
24.595	143.62
24.605	151.48
24.615	151.38
24.625	150.93
24.635	157.79
24.645	160.02
24.655	151.95
24.665	152.27
24.675	155.84
24.735	73.26
24.745	77.1
24.755	78
24.765	77.85
24.775	75.97
24.785	79.83
24.795	81.74
24.805	81.05
24.815	81.52
24.825	78.73
24.835	76.49
24.845	79.45
24.855	80.18
24.865	81.87
25.295	103.1
25.305	102.01
25.315	99.55
25.325	96.6
25.335	92.99
25.345	94.49
25.355	95.68
25.365	96.44
25.375	97.18
25.385	97.92
25.395	99.49
25.405	100.89
25.415	102.26
25.425	103.11
25.435	105.27
25.445	105.07
25.455	99.16
25.465	101.26
25.475	102.9
25.485	85.3
25.495	84.6
25.505	84.21
25.515	87.52
25.525	109
25.535	105.24
25.545	107.43
25.555	107.94
25.565	107.53
25.575	107.66
25.585	107.65
25.595	107.53
25.605	108.1
25.615	109.09
25.625	109.43
25.635	108.95
25.645	107.99
25.655	106.56
25.665	105.52
25.675	103.16
25.685	101.38
25.695	96.43
25.705	96.12
25.715	105.06
25.725	103.2
25.905	98.96
25.915	99.92
25.925	101.15
25.935	100.8
25.945	99.73
25.955	98.4
25.965	99.03
25.975	100.53
25.985	102.31
25.995	103.17
26.005	103.16
26.015	102.7
26.025	101.93
26.035	101.32
26.045	100.58
26.055	99.72
26.065	98.72
26.075	96.3
26.085	94.44
26.095	92.87
26.105	89.86
26.285	112.51
26.295	113.07
26.305	112.93
26.315	112.86
26.325	112.97
26.335	112.85
26.345	111.53
26.355	109.29
26.365	107.81
26.375	107.37
26.385	108.5
26.395	108.34
26.405	109.25
26.415	109.33
26.425	111.61
26.435	110.2
26.445	108.53
26.455	108.52
26.465	110.62
26.775	101.08
26.785	98.52
26.795	94.47
26.805	95.53
26.815	92.63
26.825	86.28
27.105	95.54
27.115	95.87
27.255	94.61
27.265	92.92
27.275	90.77
27.285	89.62
27.295	88.46
27.305	87.87
27.645	91.71
27.655	92.1
27.665	91.99
27.675	91.49
27.685	91.49
27.695	91.14
27.705	91.04
27.715	94.12
27.725	95.98
27.735	97.18
27.745	97.14
27.755	97.55
27.765	98.47
27.775	100.57
27.785	101.94
27.795	100.4
27.805	96.77
27.815	97.18
27.825	100.47
27.835	99.74
28.235	92.89
28.245	94.03
28.255	90.83
28.265	90.72
28.275	90.23
28.285	89.34
28.295	89.64
28.305	87.26
28.315	85.61
28.325	84.78
28.335	87.59
28.345	86.33
28.355	87.23
28.365	87.29
28.375	86.02
28.385	84.38
28.395	83.07
28.405	84.9
28.445	90.32
28.455	87.75
28.465	86.32
28.475	84.85
28.485	85.18
28.715	108.47
28.725	107.36
28.735	105.58
28.745	104.2
28.755	101.49
28.765	101.73
28.775	99.7
28.785	98.28
28.795	99.94
28.875	100.94
28.885	99.29
28.895	98.19
28.905	96.76
28.915	94.35
28.925	92.98
28.935	93.06
28.945	94.02
29.625	99.86
29.635	98.66
29.645	97.49
29.655	97.7
29.665	95.65
29.675	95.61
29.685	95.44
29.695	95.02
29.705	94.14
29.715	94.09
29.725	94.21
29.735	94.04
29.745	93.56
29.755	92.86
29.765	92.55
29.775	92.77
29.785	92.52
29.795	92
29.805	91.96
29.815	91.87
29.825	91.15
29.835	91.27
29.845	91.25
29.855	91.49
29.865	91.77
29.875	91.69
29.885	91.71
29.895	91.69
29.905	91.22
29.915	90.74
29.925	89.92
29.935	89.75
29.945	89.29
29.955	88.53
29.965	87.43
29.975	81.42
29.985	85.28
29.995	88.84
30.005	89.93
30.015	89.07
30.025	91.02
30.035	88.72
30.045	89.77
30.055	89.08
30.065	88.79
30.075	89.19
30.085	88.48
30.095	88.32
30.105	88.41
30.115	87.79
30.125	87.44
30.135	89.24
30.145	89.39
30.155	88.77
31.525	89.28
31.535	88.97
31.545	89.41
31.555	89.13
31.565	88.76
31.575	87.61
31.585	87.07
31.595	86.65
31.605	86.38
31.615	87.77
31.625	86.98
31.635	86.5
31.645	86.91
31.655	87.18
31.665	88.71
31.675	87.94
31.685	87.96
31.695	88.54
31.705	86.34
31.715	87.41
31.875	96.8
31.885	100.75
31.895	99.75
31.905	99.84
31.915	100.25
31.925	99.92
31.935	99.53
31.945	99.07
31.955	98.77
31.965	98.89
31.975	99.56
31.985	100.32
31.995	101.34
32.005	103.67
32.015	107.8
32.025	110.76
32.035	112.25
32.045	116.04
32.055	117.98
32.065	119.85
32.075	123.19
32.085	124.11
32.095	124.32
32.105	119.8
32.115	118.35
32.125	122.59
32.135	121.81
32.145	120.74
32.155	121.03
32.165	122.47
32.175	117.09
32.185	117.14
32.195	121.81
32.205	118.32
32.215	119.18
32.225	118.34
32.235	118.41
32.285	108.84
32.295	107.54
32.305	106.54
32.315	106.85
32.325	107.25
32.335	107.04
32.345	107.55
32.355	107.9
32.365	107.48
32.375	107.14
32.385	107.77
32.395	108.15
32.405	107.73
32.415	107.04
32.455	111.87
32.465	108.37
32.475	104.34
32.485	102.34
32.495	101.91
32.505	101.14
32.515	100.28
32.525	100.3
32.535	74.11
32.545	102.08
32.555	101.08
32.565	100.86
32.575	102.23
32.585	102.92
32.645	71.88
32.655	72.36
32.665	72.49
32.675	72.34
32.705	97.85
32.715	94.08
32.725	93.86
32.735	92.27
32.745	89.46
32.755	88.86
32.765	90.72
32.775	73.11
32.785	73.02
32.795	73.8
32.925	95.64
32.935	96.59
32.945	96.89
32.955	96.25
32.965	95.2
32.975	95.71
32.985	95.89
32.995	96.69
33.005	95.9
33.015	94.6
33.025	91.43
33.035	92.33
33.045	92.92
33.055	94.84
33.065	95.25
33.075	95.07
33.085	94.67
33.095	91.92
33.105	86.57
33.115	85.24
33.125	85.16
33.155	86.41
33.165	86.05
33.175	86.21
33.205	88.11
33.215	87.23
33.225	87.15
33.235	88.02
33.245	87.03
33.255	83.4
33.265	83.86
33.275	84.67
33.285	84.51
33.295	84.69
33.305	85.18
33.315	85.19
33.325	85.31
33.335	84.08
33.535	113.52
33.545	113.15
33.555	113.19
33.565	112.84
33.575	113.53
33.585	123.79
33.595	118.15
33.605	118.61
33.615	119.76
33.625	120.93
33.635	122.01
33.645	123.25
33.655	124.88
33.665	126.96
33.675	129.18
33.685	126.18
33.695	123.21
33.705	125.58
33.715	127.91
33.725	128.11
33.735	126.89
33.745	126.22
33.755	125.87
33.765	126.3
33.775	127.72
33.785	126.26
33.795	124.91
33.805	125.06
33.815	124.94
33.825	126.58
33.835	127.29
33.845	126.77
35.215	90.17
35.225	89.35
35.235	88.12
35.245	86
35.255	82
35.265	81.25
35.275	79.36
35.285	76.47
35.295	78.17
35.305	79.58
35.315	77.61
35.325	86.05
35.335	86.69
35.345	77.42
35.355	75.48
35.365	74.94
35.375	76.71
35.385	78.58
35.395	78.26
35.405	78.9
35.425	79.22
35.435	78.18
35.445	78.31
35.505	88.72
35.515	87.49
35.525	85.38
35.535	83.09
35.545	82.84
35.555	82.79
35.565	82.77
35.575	81.81
35.585	79.36
35.595	81.49
35.605	81.4
35.615	82.77
35.625	81.5
35.635	82.68
35.645	84.45
35.655	84.6
35.665	86.93
35.675	89.78
35.685	91.09
35.695	89.53
35.705	88.82
35.715	88.23
35.725	88.09
35.755	88.64
35.765	88.16
35.775	88.26
35.865	85.58
35.875	88.8
35.885	88.18
35.895	87.13
35.905	85.17
35.915	86.89
35.925	87.07
35.935	82.08
35.945	82.57
35.955	85.95
35.965	85.46
35.975	85.24
35.985	84.68
35.995	81.46
36.005	84.64
36.015	83.18
36.025	84.11
36.035	84.2
36.045	84.03
36.055	84.25
36.065	81.82
36.255	89.87
36.265	89.3
36.275	90.19
36.285	93.08
36.295	91.65
36.305	90.81
36.315	90.05
36.325	90.25
36.335	90.33
36.345	89.48
36.355	88.23
36.365	87.66
36.375	88.29
36.385	89.35
36.395	88.32
36.405	86.64
36.415	86.9
36.425	103.05
36.435	102.99
36.445	102.95
36.455	103.59
36.465	104.04
36.475	105.36
36.485	107.98
36.495	110.1
36.505	111.49
36.515	111.77
36.525	104.55
36.535	114.57
36.545	117.54
36.555	121.97
36.565	123.7
36.575	124.9
36.585	130.33
36.595	135.91
36.605	142.08
36.615	142.65
36.625	142.1
36.635	142.94
36.645	144.49
36.655	144.29
36.665	142.13
36.675	143.8
36.685	144.78
36.695	145.89
36.705	144.93
36.715	144.55
36.725	144.63
36.735	143.74
36.745	142.58
36.755	142
36.765	142.09
36.775	141.69
37.155	118.56
37.165	118.33
37.175	117.01
37.185	116.19
37.195	116.35
37.205	116.4
37.215	115.85
37.225	115.59
37.235	115.52
37.245	114.24
37.255	112.14
37.265	110.51
37.275	108.95
37.285	106.14
37.295	103.18
37.305	102
37.315	101.21
37.325	100.82
37.335	137.08
37.345	151.63
37.355	155
37.365	159.07
37.375	121.19
37.385	71.65
37.395	80.51
37.405	82.13
37.415	83.06
37.425	81.85
37.485	98.07
37.495	97.14
37.505	95.19
37.515	95.27
37.525	95.91
37.535	95.68
37.545	90.49
37.555	95.61
37.565	95.89
37.575	95.75
37.585	95.78
37.595	96.03
37.605	96.01
37.615	95.8
37.625	95.83
37.635	96.04
37.645	98.11
37.655	97.78
37.665	100.18
37.675	103.01
37.685	104.55
37.695	103.28
37.705	96.91
37.715	96.01
37.725	96.63
37.735	96.37
37.745	95.19
37.755	93.89
37.765	91.38
37.775	89.45
37.785	94.1
37.795	94.21
37.805	91.04
37.925	107.29
37.935	110.17
37.945	109.86
37.955	108.82
37.965	108.8
37.975	113.09
37.985	116.88
37.995	118.5
38.005	121.39
38.015	122.99
38.025	122.86
38.035	123.36
38.045	123.82
38.055	122.53
38.065	118.29
38.075	120.93
38.085	121.4
38.095	121.36
38.105	122.57
38.115	123.96
38.125	122.49
38.135	122.29
38.145	121.96
38.155	122.09
38.165	120.96
38.175	123.57
38.185	125.71
38.195	122.02
38.205	118.24
38.215	112.53
38.225	109.94
38.235	108.93
38.245	107.57
38.255	105.69
38.265	105.14
38.275	107.6
38.285	107.92
38.295	108.14
38.305	107.2
38.315	105.73
38.325	106.1
38.355	107.88
38.365	107.74
38.375	108.79
38.385	109.12
38.395	107.38
38.405	107.08
39.145	83.8
39.155	95.07
39.165	93.46
39.175	90.96
39.185	88.61
39.195	75.01
39.335	108.92
39.345	104.85
39.355	102.01
39.365	98.73
39.375	96.51
39.385	96.42
39.575	101.83
39.585	99.25
39.595	96.96
39.605	96.52
39.615	96.24
39.625	95.37
39.635	95.01
39.645	95.15
39.655	95.56
39.665	96.15
39.675	95.09
39.685	92.25
39.695	91.1
39.705	90.21
39.715	89.22
39.725	87.84
39.735	73.09
39.745	72.95
39.755	73.56
39.805	73.33
39.815	87.06
39.835	95.67
39.845	97.08
39.855	98.63
39.865	97.75
39.905	99.41
39.915	99.55
39.925	99.38
39.965	99.36
39.975	97.61
39.985	97.04
39.995	96.39
40.005	95.86
40.015	96.46
40.025	93.12
40.035	92.41
40.045	92.04
40.055	91.25
40.065	90.51
40.075	90.16
40.085	90.2
40.095	90.3
40.105	90.44
40.115	90.46
40.125	90.48
40.135	90.53
40.145	90.66
40.155	90.49
40.165	90.45
40.175	90.7
40.185	90.88
40.195	90.97
40.205	91.18
40.215	90.99
40.225	90.7
40.235	91.03
40.245	91.2
40.255	91.46
40.265	92.07
40.895	92.35
40.905	93.42
40.915	91.97
40.925	91.21
40.935	90.55
40.945	81.29
40.955	93.24
40.965	91.13
40.975	90.5
40.985	90.63
40.995	87.5
41.005	83.83
41.015	86.24
41.025	88.56
41.035	91.9
41.045	93.89
41.055	92.52
41.065	92.7
41.075	93.71
41.085	92.29
41.095	94.33
41.105	94.95
41.115	93.38
41.125	91.67
41.175	92.98
41.185	94.04
41.195	93.96
41.245	88.64
41.255	96.63
41.265	105.58
41.275	105.32
41.285	108.16
41.295	109.69
41.305	109.46
41.315	112.48
41.325	116.51
41.335	119.15
41.345	119.72
41.355	122.35
41.365	122.85
41.375	122.98
41.385	123.79
41.395	128.74
41.405	132.77
41.415	129.65
41.425	128.02
41.435	127.58
41.445	128.99
41.455	127.47
41.465	125.44
41.475	126.08
41.485	125.21
41.495	121.86
41.545	111.05
41.555	110.78
41.585	111.32
41.595	111.53
41.605	110.2
41.615	110.37
41.625	110.25
41.635	110.16
41.675	119.45
41.685	111.46
41.695	108.88
41.705	107.24
41.715	105.18
41.725	105.17
41.735	105.5
41.745	105.89
41.755	106.24
41.765	106.06
41.775	105.9
41.785	106.39
41.795	107.65
41.805	107.14
41.815	104.09
41.825	105.31
41.835	106.88
41.845	107.74
41.855	105.88
41.865	106.11
41.875	106.57
41.915	102.41
41.925	101.5
41.935	101.05
41.945	99.26
41.955	98.91
41.965	97.53
41.975	96.67
41.985	97.84
41.995	98.16
42.005	99.2
42.015	102.33
42.025	98.79
42.035	98.65
42.195	76.52
42.205	83.59
42.215	84.18
42.225	90.3
42.235	89.15
42.245	85.95
42.255	80.92
42.265	85.17
42.275	86.5
42.285	87.08
42.295	86.62
42.305	89.72
42.315	92.42
42.325	92.23
42.335	92.03
42.345	91.03
42.355	91.4
42.365	92.45
42.375	93.08
42.385	93.5
42.395	88.53
42.405	87.93
42.415	88.2
42.425	89.24
42.595	104.34
42.605	103.9
42.615	104.09
42.625	110.18
42.635	104.53
42.645	105.82
42.655	106.21
42.665	106.78
42.675	107.56
42.685	108.24
42.695	108.73
42.705	108.75
42.715	108.16
42.725	106.37
42.735	105.85
42.745	107.4
42.755	108.63
42.765	109.07
42.775	108.22
42.785	109.14
42.795	108.47
42.805	107.51
42.815	106.32
42.825	105.94
42.835	107.17
42.845	107.33
42.855	108.26
42.865	107.4
42.875	106.21
43.125	102.16
43.135	102
43.145	99.94
43.155	99.22
43.165	99.18
43.175	98.02
43.185	97.76
43.195	99.07
43.205	98.49
43.215	99.21
43.225	99.71
43.235	100.01
43.245	99.87
43.255	99.09
43.265	98.25
43.275	98.84
43.285	99.86
43.295	121.28
43.305	116.48
43.315	98.27
43.325	98.9
43.335	98.27
43.345	97.41
43.355	96.13
43.365	94.55
43.375	91.45
43.385	88.81
43.395	94.48
43.405	95.54
43.415	96.12
43.425	97.88
43.585	83.74
43.595	84.97
43.605	85.07
43.615	85.72
43.625	89.63
43.635	90.99
43.645	91.11
43.765	104.12
43.775	101.67
43.785	100.18
43.795	98.62
43.805	96.98
43.815	95.17
43.825	93.59
43.835	91.21
43.845	88.67
43.855	90.81
43.865	92.94
43.875	91.24
43.885	90.4
43.895	85.14
43.905	89.65
43.915	88.06
43.925	84.05
43.935	84.18
43.945	84.4
43.955	96.02
43.965	96.71
43.975	93.01
43.985	92.85
43.995	91.85
44.005	92.54
44.015	91.66
44.025	90.34
44.035	90.11
44.045	90.68
44.055	91.49
44.065	90.53
44.075	89.38
44.085	91.1
44.095	90.87
44.105	91.13
44.115	91.38
44.125	91.21
45.155	97.7
45.165	97.06
45.175	95.1
45.185	92.17
45.195	92.58
45.205	92.43
45.215	92.32
45.225	93.2
45.235	93.25
45.245	91.89
45.255	89.26
45.265	87.26
45.275	83.99
45.315	88.51
45.325	87
45.335	88.04
45.345	90.95
45.355	88.24
45.365	89.05
45.375	89.81
45.385	90.47
45.395	89.73
45.405	88.3
45.415	88.01
45.425	89.72
45.435	90.81
45.445	90.72
45.455	88.06
45.465	87.51
45.515	98.93
45.525	98.46
45.535	97.27
45.545	95.87
45.555	96.2
45.565	93.81
45.575	91.91
45.585	93.47
45.595	95.12
45.605	94.65
45.615	94.2
45.625	92.36
45.635	91.44
45.645	94.14
45.655	93.67
45.665	94.33
45.675	95.44
45.685	96.22
45.695	97.94
45.705	100.82
45.715	102.87
45.725	103.62
45.735	102.23
45.745	101
45.755	99.81
45.925	106.05
45.935	99.24
45.945	97.69
45.955	96.03
45.965	95.72
45.975	94.49
45.995	89.72
46.005	91.37
46.015	88.96
46.025	96.94
46.035	96.72
46.045	96.74
46.055	98.07
46.065	100.65
46.075	102.49
46.085	100.35
46.095	99.27
46.105	99.09
46.115	100.49
46.125	102.67
46.165	96.48
46.175	96.74
46.215	99.42
46.225	96.71
46.235	95.69
46.245	95.82
46.255	94.8
46.265	93.99
46.275	94.65
46.285	94.43
46.295	94.17
46.305	94.63
46.315	95.19
46.325	95.98
46.335	96.41
46.345	96.52
46.355	97.1
46.365	97.71
46.375	98.24
46.385	98.32
46.395	98.62
46.405	98.84
46.415	98.42
46.425	97.74
46.435	97.72
46.445	98.29
46.455	98.27
46.465	97.03
46.475	96.28
46.485	95.28
46.495	93.23
46.505	90.6
46.515	90.29
46.625	94.11
46.635	98.52
46.645	99.36
46.655	96.33
46.665	94.58
46.675	92.62
46.685	91.81
46.695	91.69
46.705	91.54
46.715	91.21
46.725	90.07
46.735	89.1
46.745	90.11
46.755	92.65
46.765	91.08
46.775	89.48
46.845	97.98
46.855	94.09
46.865	91.8
46.875	90.47
46.885	90.13
46.895	89.34
46.905	90.19
46.915	74.81
46.925	73.4
46.935	92.4
46.945	91.46
46.955	87.89
47.015	97.38
47.025	96.01
47.035	94.52
47.045	91.51
47.055	87.76
47.065	73.58
47.075	71.94
47.085	71.96
47.095	74.56
47.145	93.94
47.155	94.63
47.165	94.21
47.175	92
47.185	89.53
47.195	88.33
47.255	84.29
47.265	83.21
47.385	103.57
47.395	101.67
47.405	100.66
47.415	101.13
47.425	101.97
47.435	102.39
47.445	102.86
47.455	102.09
47.465	101
47.475	103.08
47.485	103.25
47.495	101.96
47.505	101.96
47.515	103.59
47.735	114.69
47.745	112.42
47.995	95.27
48.005	97.68
48.015	96.38
48.025	96.04
48.035	96.14
48.045	95.41
48.205	107.87
48.215	107.18
48.225	107.34
48.235	108.06
48.245	107.85
48.255	108.4
48.265	114.85
48.275	115.06
48.285	115.14
48.295	114.1
48.305	109.89
48.315	108.57
48.325	107.51
48.335	108.69
48.345	78.4
48.355	79.97
48.365	80.68
48.375	107.35
48.385	107.35
48.395	107.57
48.405	108.14
48.415	106.92
48.425	106.37
48.435	107.71
48.445	106.98
48.455	106.57
48.465	106.52
48.475	106.1
48.485	105.47
48.495	105.08
48.505	104.97
48.515	104.92
48.525	104.92
48.535	104.22
48.545	101.99
48.555	97.58
48.565	102.98
48.575	103.83
48.585	103.88
48.595	105.71
48.605	106.74
48.615	108.51
48.695	103.55
48.705	100.71
48.715	100.16
48.725	100.05
48.735	100.44
48.745	100.35
48.755	100.57
48.765	100.95
48.775	100.94
48.785	100.55
48.795	100
48.805	100.96
48.815	101.18
48.825	101.72
48.835	101.26
48.845	99.64
48.855	99.11
48.865	98.29
48.875	97.35
48.885	96.69
48.895	96.29
48.905	96.23
48.915	96.63
48.925	97.46
48.935	98.53
48.945	98.19
48.955	96.98
48.965	96.79
48.975	98.34
48.985	98.68
48.995	98.28
49.005	98.07
49.015	98.02
49.025	99.29
49.035	98.93
49.045	98.49
49.055	99.88
49.065	99.28
49.075	97.23
49.085	96.1
49.095	94.98
49.105	91.53
49.115	91.29
49.125	91.15
49.135	91.55
49.145	91.59
49.155	88.01
49.165	92.95
49.175	94.9
49.185	95.26
49.195	96.24
49.205	96.17
49.285	98.23
49.295	96.87
49.305	95.1
49.315	92.1
49.325	90.59
49.335	90.29
49.345	90.33
49.355	91.4
49.365	92.53
49.375	88.66
49.385	88.73
49.395	88.85
49.405	88.28
49.415	87.47
49.425	87.48
49.435	87.07
49.445	86.22
49.455	85.88
49.465	85.2
49.475	85.01
49.485	83.95
49.495	82.55
49.505	82.01
49.635	98.24
49.645	98.7
49.655	96.17
49.665	93.12
49.675	91.6
49.685	91.31
49.695	91.15
49.705	91.44
49.715	90.57
49.725	89.33
49.735	88.74
49.745	87.61
49.755	88.06
49.765	88.04
49.775	87.61
49.785	86.65
49.795	86.28
49.805	86.14
49.815	86.45
49.825	86.83
49.835	87.03
49.845	87.72
49.855	87.38
50.045	98.82
50.055	99.63
50.065	98.69
50.075	98.58
50.085	97.74
50.095	96.9
50.105	95.32
50.305	105.5
50.315	105.04
50.325	104.95
50.335	104.72
50.345	104.89
50.355	105.73
50.365	106.28
50.375	106.69
50.385	107.03
50.395	108.16
50.405	109.17
50.415	110.54
50.425	114.41
50.435	113.08
50.445	112.77
50.455	115.17
50.465	117.94
50.475	114.38
50.485	117.4
50.495	118.15
50.505	118.97
50.515	121.97
50.525	119.8
50.535	112.82
50.545	107.94
50.555	105.16
50.645	103.61
50.655	106.51
50.665	107.54
50.675	105.98
50.685	104.05
50.695	102.36
50.705	101.67
50.715	101.47
50.725	100.98
50.735	99.23
50.745	97.9
50.755	96
50.765	92.78
50.775	91.32
50.785	89.85
50.795	89.34
50.805	82.17
50.815	81.47
50.825	90.13
50.835	87.17
50.845	87.01
50.855	87.26
50.865	90.65
50.875	91.6
50.885	93.62
50.895	95.11
50.905	94.38
50.915	90.57
50.925	89.98
50.935	89.71
50.945	89.91
50.955	89.69
50.965	89.12
50.975	89.63
50.985	89.54
50.995	86.31
51.005	86.54
51.015	86.08
51.025	85.02
51.035	85.68
51.045	90.13
51.055	87.08
51.285	97.05
51.295	98.29
51.305	97.72
51.315	96.37
51.325	95.46
51.335	93.69
51.345	92.53
51.355	90.79
51.365	89.2
51.375	88.29
51.385	87.43
51.395	85.81
51.405	84.63
51.415	84.79
51.425	83.27
51.435	83.23
51.445	83.6
51.455	74.69
51.465	73.99
51.475	75.34
51.485	93.07
51.495	94.11
51.505	93.81
51.515	90.98
51.525	89.56
51.535	88.76
51.545	88.54
51.555	87.33
51.565	90.15
51.575	91.55
51.585	93.03
51.595	94.31
51.605	98.41
51.615	100.51
51.625	103.03
51.635	103.92
51.645	105.53
51.655	108.09
51.665	110.75
51.675	113.58
51.685	116.6
51.695	117.26
51.705	119.15
51.715	119.73
51.725	117.96
51.735	118.51
51.745	118.67
51.755	116.64
51.765	117.04
51.775	117.68
51.785	118.3
51.795	116.9
51.805	117.92
51.815	118.25
51.825	118.37
52.125	176.93
52.135	175.84
52.145	175.79
52.155	176.34
52.335	99.11
52.345	103.06
52.355	101.18
52.365	99.54
52.375	99.06
52.385	99.76
52.395	99.37
52.405	98.45
52.415	99.09
52.425	99.71
52.435	100.9
52.445	101.48
52.455	101.76
52.465	101.66
52.475	101.1
52.485	99.8
52.495	98.5
52.505	98.39
52.515	97.12
52.525	97.13
52.535	99.14
52.545	99.89
52.555	100.23
52.565	101.33
52.575	103.33
52.585	102.43
52.595	100.11
52.605	100.66
52.615	100.3
52.625	100.46
52.835	131.57
52.845	130.41
52.855	130.82
52.955	111.28
52.965	109.05
52.975	108.41
52.985	108.3
52.995	106.13
53.005	105.62
53.015	106.65
53.025	108.11
53.035	107.75
53.225	122.63
53.235	118.68
53.245	117.65
53.255	115.7
53.265	113.78
53.275	112.33
53.285	111.6
53.295	111.18
53.305	110.9
53.315	110.77
53.325	110.93
53.335	110.84
53.345	110.55
53.355	110.11
53.365	109.68
53.375	109.17
53.385	108.83
53.395	108.31
53.405	107.02
53.415	105.64
53.425	105.22
53.435	105
53.445	104.71
53.455	104.41
53.465	103.85
53.475	102.88
53.485	102.33
53.495	101.57
53.505	100.46
53.515	99.32
53.525	98.82
53.535	98.36
53.545	98.33
53.555	97.76
53.565	97.11
53.575	94.47
53.585	94.8
53.595	98.33
53.605	98.05
53.615	97.76
53.625	97.31
53.635	96.48
53.645	95.78
53.655	95.9
53.665	95.27
53.675	93.52
53.685	93.35
53.695	92.78
53.705	90.93
53.715	91.29
53.725	91.08
53.735	89.57
53.745	89.48
53.755	90.07
53.765	90.77
53.775	91.94
53.785	86.02
53.795	85.37
53.805	84.05
53.855	88.29
54.925	103.67
54.935	103.38
54.945	100.65
54.955	95.91
54.965	74.25
54.975	74.31
54.985	75.25
54.995	72.94
55.005	72.86
55.065	110.13
55.075	106.09
55.085	102.3
55.095	101.04
55.105	100.05
55.115	99.57
55.125	98.84
55.135	97.57
55.145	96.49
55.155	96.36
55.165	95.23
55.175	94.51
55.185	93.66
55.265	97.21
55.275	93.43
55.285	93.16
55.295	92.15
55.305	91.33
55.315	90.43
55.325	90.11
55.335	91.17
55.345	91.2
55.355	91.57
55.365	90.52
55.375	89.83
55.385	89.71
55.395	89.62
55.405	88.83
55.415	87.81
55.425	87.61
55.435	87.33
55.445	86.81
55.455	86.12
55.465	87.09
55.475	87.01
55.485	86.51
55.495	87.17
55.505	87.03
55.515	87.4
55.525	82.15
55.535	88.21
55.545	88.21
55.555	88.5
55.565	88.43
55.575	88.48
56.075	100.86
56.085	106.87
56.095	103.67
56.105	102.91
56.115	101.92
56.125	101.4
56.135	101.58
56.145	103.12
56.155	105.62
56.165	107.04
56.175	108.12
56.185	108.67
56.195	109.2
56.205	110.34
56.215	110.52
56.225	110.32
56.235	110.23
56.245	110.19
56.255	109.97
56.265	109.64
56.275	109.65
56.285	109.46
56.295	108.99
56.305	108.49
56.315	108.38
56.325	98.36
56.335	96.46
56.345	109.18
56.355	109.02
56.365	109.75
56.375	110.79
56.385	110.69
56.395	109.72
56.405	109.95
56.415	119.12
56.425	100.08
56.435	99.37
56.445	96.71
56.455	95.18
56.465	94.03
56.475	93.19
56.485	91.85
56.495	90.23
56.505	89.95
56.515	91.82
56.525	92.92
56.605	113.72
56.615	115.52
56.625	96.19
56.635	97.48
56.645	96.73
56.655	96.54
56.665	96.65
56.695	95.78
56.705	96.21
56.715	97.63
56.725	99.36
56.735	98.96
56.745	98.69
56.755	96.86
56.765	94.98
56.775	94.3
56.785	93.98
56.795	93.75
56.805	94.94
56.815	94.32
56.825	93.74
56.835	92.07
56.845	90.32
56.855	89.46
56.865	90.22
56.875	90.73
56.885	91.08
56.895	91.47
56.905	92.8
56.915	92.63
56.925	84.09
56.935	82.41
56.945	89.66
57.125	102.23
57.135	103.18
57.145	103.05
57.155	103.48
57.165	104.37
57.175	103.94
57.185	104.62
57.195	108.43
57.205	109.45
57.215	110.31
57.225	112.65
57.235	117.15
57.245	123.6
57.255	125.49
57.265	125.91
57.275	125.92
57.285	125.49
57.295	124.52
57.305	124.28
57.315	125.07
57.325	122.96
57.335	123.94
57.345	124.82
57.355	126.07
57.365	125.79
57.375	125.15
57.385	125.41
57.395	124.78
57.405	125.52
57.415	121.64
57.425	120.65
57.435	121.43
57.445	120.86
57.455	119.69
57.465	119.92
57.475	119.73
57.485	118.23
57.495	116.28
57.505	113.63
57.515	113.48
57.525	117.61
57.535	119.09
57.545	118.97
57.555	117.95
57.565	117.66
57.575	118
57.585	117.97
57.595	120.24
57.605	122.4
57.615	117.97
57.625	79.62
57.635	79.9
57.645	78.16
57.735	119.61
57.745	116.88
57.755	114.15
57.765	114.45
57.775	114.62
57.785	113.1
57.795	111.72
57.805	115.39
57.815	115.07
57.825	114.73
57.835	114.54
57.845	148.87
57.855	148.79
57.865	148.46
57.875	120.72
57.885	121.73
57.895	117.53
57.905	114.84
57.915	113.37
57.925	112.61
57.935	110.81
57.945	109.81
57.955	110.07
57.965	110.46
57.975	111.11
57.985	106.73
57.995	106.99
58.005	108.18
58.165	112.75
58.175	113.11
58.185	111.91
58.195	110.23
58.205	108.9
58.215	107.61
58.225	106.42
58.235	105.27
58.245	83.19
58.255	82.87
58.265	81.65
58.275	79.39
58.615	93.55
58.625	93.92
58.635	92.33
58.645	91.25
58.655	90.4
58.665	90.17
58.675	91.87
58.685	91.27
58.695	91.56
58.705	91.12
58.715	90.83
58.725	91.11
58.735	91.17
58.745	90.44
58.755	89.64
58.765	89.49
58.775	90.09
58.785	90.98
58.795	90.89
58.805	91.44
58.815	90.09
59.185	135.32
59.195	137.43
59.205	138.55
59.215	138.12
59.225	137.93
59.235	138.23
59.245	137.36
59.255	136.85
59.265	136.01
59.275	135.01
59.285	134.52
59.295	133.34
59.305	130.14
59.315	123.83
59.325	120.68
59.335	119.94
59.345	116.72
59.365	80.26
59.375	81.6
59.425	84.15
59.435	83.86
59.445	96.78
59.455	96.65
59.465	98.66
59.475	102.13
59.485	103.79
59.495	106.28
59.505	107.09
59.515	106.96
59.525	107.28
59.535	106.38
59.545	104.54
59.555	104.52
59.565	105.77
59.575	105.62
59.585	106.95
59.595	106.85
59.605	106.45
59.615	105.78
59.625	110.21
59.635	109.3
59.645	107.98
59.655	104.34
59.665	101.66
59.675	100.69
59.685	101.47
59.695	103.71
59.705	104.5
59.715	103.92
59.725	103.12
59.735	103.03
59.745	103.12
59.755	103.22
59.825	101.05
59.835	105.8
59.845	104.3
59.855	104.85
59.865	102.92
59.875	102.06
59.885	101.81
59.895	100.71
59.905	98.61
59.915	99.8
59.925	102.35
59.935	102.98
59.945	97.61
59.955	71.11
59.975	110.57
59.985	108.25
59.995	102.56
60.005	100.9
60.015	100.71
60.025	100.44
60.035	100.39
60.045	100.2
60.075	170.74
60.085	171.93
60.095	178.54
60.105	172.63
60.115	169.79
60.125	167.55
60.135	166.13
60.145	162.62
60.155	161.81
60.165	160.39
60.175	156.45
60.185	162.11
60.195	166.83
60.205	167.44
60.395	102.42
60.405	103.79
60.415	103.71
60.425	103.06
60.435	102.83
60.445	103.49
60.455	104.48
60.465	104.88
60.475	105.19
60.485	105.35
60.495	106.07
60.505	107.99
60.515	111.95
60.525	112.85
60.535	112.99
60.545	111.35
60.555	111.34
60.565	116.09
60.575	114.26
60.585	114.11
60.595	116.15
60.605	114.26
60.615	110
60.625	108.8
60.635	108.34
60.645	108.99
60.655	110.81
60.685	110.51
60.695	110.31
60.705	110.21
60.715	109.82
60.725	108.93
60.735	109.21
60.755	103.84
60.765	105.28
60.775	105.28
60.785	104.43
60.795	103.96
60.805	103.52
60.815	102.99
60.825	103.16
60.835	102.93
60.845	102.88
60.855	102.64
60.865	102.77
60.875	102.7
60.885	102.97
60.895	104.06
60.905	104.54
60.915	103.92
60.925	102.53
60.935	101.35
60.945	101.58
60.975	88.83
60.985	88.34
60.995	86.74
61.005	85.97
61.015	103.42
61.025	88.27
61.035	86.61
61.045	86.59
61.055	87
61.065	87.68
61.075	87.39
61.085	87.46
61.095	87.68
61.105	87.93
61.115	87.92
61.125	87.98
61.645	96.23
61.655	95.96
61.665	95.67
61.675	90.95
61.685	91.19
61.695	92.64
61.705	95.04
61.715	99.75
61.725	97.24
61.735	95.14
61.745	94.65
61.755	93.91
61.765	92.52
61.775	94.54
61.785	95.04
61.795	95.39
61.805	95.07
61.815	94.88
61.825	94.86
61.835	94.41
61.845	96.2
61.855	104.83
61.865	101.12
61.875	101.83
61.885	102.19
61.895	103.05
61.905	105.24
61.915	105.13
61.925	104.24
61.935	103.74
61.945	106.86
61.955	107.02
61.965	109.2
61.975	108.39
61.985	110.01
61.995	112.82
62.005	111.88
62.015	111.19
62.025	110.66
62.035	109.98
62.045	110.03
62.055	110.26
62.065	109.89
62.075	109.21
62.085	108.24
62.095	109.13
62.105	109.16
62.115	107.09
62.125	108.27
62.135	108.39
62.145	105.65
62.155	103.43
62.165	100.34
62.205	94.96
62.215	97.28
62.225	96.59
62.235	94.93
62.245	92.7
62.255	89.2
62.265	87.24
62.545	72.68
62.555	71.57
62.615	101.32
62.625	98
62.635	96.5
62.645	95.1
62.655	88.87
62.665	88.68
62.675	88.02
62.685	89.43
62.695	88.98
62.705	87.6
62.715	87.58
62.725	86.05
62.735	85.4
62.745	87.82
62.755	88.37
62.765	86.92
62.775	86.34
62.855	90.03
62.865	91.11
62.875	89.36
62.885	89.41
62.895	90.1
62.905	88.43
62.915	86.3
62.925	85.04
62.935	85.35
62.965	87.54
62.975	84.4
62.985	88.05
62.995	89.91
63.005	88.71
63.015	87.15
63.025	84.63
63.035	83.11
63.045	85.59
63.055	72.13
63.065	73.21
63.075	84.13
63.085	83.74
63.095	83.64
63.105	82.28
63.115	83.73
63.565	75.24
63.575	79.31
63.585	81.13
63.675	130.67
63.685	128.98
63.695	128.84
63.705	130.08
63.715	132.13
63.725	133.59
63.735	134.81
63.745	135.28
63.755	136.56
63.765	138.33
63.775	137.49
63.785	137.31
63.795	138.85
63.805	137.51
63.815	135.02
63.825	133.28
63.835	133.5
63.925	97.15
63.935	97.12
63.945	97.04
63.955	94.96
63.965	93.15
63.975	93.09
63.985	93.46
63.995	93.42
64.005	93.52
64.015	94.72
64.025	94.79
64.035	94.94
64.045	95.39
64.055	95.08
64.065	94.83
64.075	94.32
64.085	94.34
64.095	94.28
64.105	94.57
64.115	93.38
64.125	92.97
64.605	93.66
64.615	100.46
64.625	101.33
64.635	97.47
64.645	95.47
64.655	94.97
64.665	94.58
64.675	93.42
64.685	91.62
64.695	92.19
64.705	94.46
64.715	93.8
64.725	92.59
64.735	92.75
64.745	93.31
64.755	94.14
64.765	94.24
64.775	94.71
64.785	95.76
64.795	97.13
64.805	95.09
64.815	94.77
64.825	95.22
64.835	95.95
64.845	96.53
64.855	97.29
64.865	98.2
64.875	98.73
64.885	98.63
64.895	98.86
64.905	99.5
64.915	99.89
64.925	100.74
64.935	101.58
64.945	101.89
64.955	101.86
64.965	101.67
64.975	100.83
64.985	100.4
64.995	100.43
65.005	99.87
65.015	98.7
65.025	98.15
65.035	100.5
65.045	101.42
65.125	100.69
65.135	101.27
65.145	102.23
65.155	87.82
65.165	83.62
65.175	94.81
65.185	93.14
65.195	79.72
65.205	84.27
65.215	83.57
65.225	85.59
65.235	85.05
65.245	83.94
65.255	82.5
65.265	82.15
65.275	83.75
65.285	83.12
65.295	83.55
65.305	84.04
65.315	83.81
65.325	83.13
65.345	83.1
65.355	83.47
65.365	83.88
65.445	97.7
65.455	96.29
65.465	99.53
65.475	85.71
65.485	85.71
65.495	86.74
65.525	91.51
65.535	92.24
65.545	91.1
65.555	91.76
65.565	91.49
65.575	91.39
65.585	92.44
65.595	90.44
65.975	99.13
65.985	96.67
65.995	75
66.035	72.04
66.045	80.46
66.055	85.63
66.065	83.74
66.075	83.08
66.145	83.9
66.155	92.91
66.165	91.07
66.175	91.08
66.185	91.22
66.195	82.36
66.225	85.18
66.235	85.23
66.245	84.37
66.255	83.83
66.265	84.03
66.275	80.72
66.465	110.47
66.475	108.98
66.485	107.17
66.495	105.53
66.505	107.6
66.515	108.17
66.525	109.11
66.535	116.64
66.545	128.35
66.555	121.07
66.565	113.42
66.575	103.05
66.585	100.13
66.735	106.27
66.745	104.42
66.755	102.78
66.765	102.3
66.775	98.77
66.785	97.63
66.795	98.18
66.805	98.27
66.815	99.35
66.825	99.73
66.835	98.67
66.845	97.27
66.855	97.15
66.865	96.81
66.875	95.72
66.885	94.15
66.895	95.07
66.905	95.42
66.915	73.3
66.975	96.59
66.985	96.61
66.995	95.23
67.005	96.79
67.015	96.78
67.025	95.47
67.035	94.92
67.045	95.34
67.055	91.3
67.205	113.13
67.215	111.9
67.225	111.27
67.235	111.95
67.245	112.44
67.255	113.04
67.265	113.9
67.275	115.28
67.285	117.05
67.295	117.99
67.305	118.49
67.315	119.65
67.325	120.61
67.335	121.19
67.345	122.03
67.355	122.56
67.365	122.38
67.375	121.65
67.385	120.3
67.395	119.37
67.405	121.84
67.415	121.55
67.425	121.73
67.435	121.2
67.445	118.75
67.455	107.7
67.465	106.04
67.475	104.63
67.485	103.82
67.495	102.83
67.505	102.25
67.515	102.56
67.525	102.62
67.535	102.53
67.545	102.46
67.555	102.85
67.565	103.29
67.575	104.22
67.585	105.38
67.595	105.15
67.605	97.45
67.615	100.84
67.625	102.95
67.635	103.17
67.645	102.94
67.755	103.42
67.765	102.64
67.775	102.1
67.785	101.4
67.795	101.55
67.805	102.25
67.815	102.5
67.825	102.9
67.835	101.79
67.845	102.05
67.855	102.64
67.865	102.89
67.875	102.98
67.905	108.83
67.915	108.25
67.925	102.74
67.935	100.86
67.945	98.27
67.955	98.45
67.965	97.7
67.975	96.8
67.985	96.17
68.115	95.83
68.125	96.09
68.135	95.35
68.145	93.66
68.155	90.89
68.165	90.07
68.175	93.55
68.185	93.91
68.195	93.64
68.205	93.23
68.215	92.77
68.225	92.99
68.235	93.3
68.245	93.27
68.255	92.81
68.265	91.24
68.275	91.6
68.285	92.73
68.295	92.46
68.305	92.02
68.375	104.87
68.385	105.33
68.395	103.43
68.405	102.59
68.415	102.13
68.425	101.62
68.435	101.43
68.445	100.92
68.455	100.24
68.465	99.16
68.475	97.33
68.485	98.01
68.495	99.5
68.505	99.81
68.515	100.42
68.525	101.31
68.535	101.52
68.545	101.41
68.555	100.21
68.565	98.84
68.575	98.45
68.585	98.46
68.595	98.21
68.605	97.34
68.615	98.62
68.625	98.66
68.635	98.07
68.645	97.71
68.655	97.84
68.725	92.85
68.735	93.27
68.745	90.9
68.755	91.5
68.765	93.26
68.775	94.06
68.785	93.7
68.795	92.78
68.805	93.16
68.815	93.48
68.825	92.87
68.835	93.37
68.845	94.19
68.855	96.21
68.865	97.17
68.875	98.36
68.885	99.07
68.895	99.42
68.905	98.95
68.915	99.82
68.925	102.65
68.935	104.78
68.945	108.88
68.955	109.62
68.965	113.04
68.975	113.3
68.985	112.77
68.995	106.45
69.005	105.97
69.015	112.46
69.025	114.32
69.035	113.77
69.045	105.33
69.055	104.78
69.065	111.7
69.075	109.46
69.085	108.27
69.095	108.08
69.105	107.26
69.115	105.37
69.125	103.75
69.135	102.32
69.145	99.48
69.155	97.26
69.165	95.72
69.175	93.25
69.185	91.64
69.195	91.81
69.205	91.08
69.215	89.77
69.225	91.97
69.235	92.1
69.345	97.16
69.355	96.78
69.365	92.71
69.375	92.07
69.385	91.66
69.395	91.37
69.405	91.9
69.415	92.1
69.425	91.42
69.435	73.49
69.445	72.41
69.455	72.09
69.465	75.01
69.475	74.97
69.485	86.21
69.495	101.31
69.505	100.34
69.515	95.03
69.525	93.78
69.535	92.6
69.545	91.82
69.555	91.43
69.565	91.42
69.575	90.45
69.585	90.76
69.595	91.19
69.605	91.49
69.615	77.75
69.625	76.8
69.635	91.52
69.645	91.71
69.655	91.03
69.665	86.84
69.675	92.19
70.165	80.41
70.175	92.85
70.185	91.86
70.195	94.85
70.205	95.31
70.215	93.12
70.225	91.23
70.235	90.61
70.245	89.7
70.255	88.27
70.265	88.26
70.275	88.74
70.285	89.23
70.295	89.22
70.305	89.13
70.315	89.11
70.325	88.95
70.335	88.99
70.345	89.28
70.355	88.69
70.365	88.39
70.375	88.21
70.385	87.33
70.395	86.7
70.405	86.62
70.415	86.18
70.425	85.84
70.435	85.7
70.445	85.45
70.455	85.28
70.465	85.57
70.475	85.31
70.485	85.23
70.495	84.33
70.505	83.92
70.515	83.68
70.525	81.86
70.535	82.31
70.545	83.79
70.555	84.18
70.565	83.93
70.575	80.71
70.585	79.93
70.595	81.98
70.605	80.77
70.615	83.69
70.625	84.09
70.635	83.74
70.645	84.18
70.655	84.61
70.665	85.07
70.675	84.72
70.685	83.64
70.695	83.24
70.825	105.06
70.835	105.06
70.845	105.5
70.855	104.72
70.865	102.17
70.875	99.55
70.885	99.08
70.895	98.64
70.905	96.17
70.915	92.4
70.925	91.35
70.935	90.15
70.945	89.22
70.955	89.93
70.965	91.8
70.975	73.78
70.985	75.48
71.015	85.22
71.025	85.55
71.035	85.9
71.045	85.82
71.055	85.66
71.065	84.81
71.075	84.88
71.085	84.64
71.095	83.78
71.105	83.22
71.115	84.54
71.125	85.32
71.135	75.01
71.145	78.21
71.155	78.07
71.165	77.18
71.175	77.14
71.185	75.43
71.195	75.9
71.205	76.6
71.215	71.96
71.225	73.26
71.595	107.69
71.605	105.69
71.615	103.16
71.625	102.88
71.635	104.37
71.645	105.24
71.655	106.71
71.665	108.26
71.675	110.94
71.685	112.86
71.695	114.72
71.705	119.64
71.715	122.07
71.725	124.23
71.735	127.09
71.745	125.21
71.755	125.4
71.765	128.23
71.775	128.88
71.785	130.3
71.795	133.13
71.805	132.53
71.815	130.67
71.825	128.13
71.835	125.19
71.845	124.84
71.855	124.49
71.865	123.51
71.875	122.95
71.885	122.57
71.895	121.96
71.905	120.95
71.915	120.21
71.925	119.41
71.935	118.99
71.945	112.23
71.955	109.75
71.965	105.49
71.975	102.84
71.985	99.49
71.995	95.85
72.005	90.11
72.015	88.74
72.025	87.45
72.035	87.58
72.045	91.44
72.055	91.92
72.065	91.69
72.175	101.25
72.185	101.01
72.195	98.86
72.205	97.31
72.215	95.81
72.225	95.26
72.235	96.5
72.245	95.51
72.255	95.58
72.265	96.26
72.275	96.7
72.285	96.5
72.295	96.4
72.305	96.67
72.315	96.67
72.325	96.22
72.335	96.38
72.345	97.3
72.355	97.64
72.365	97.62
72.375	96.37
72.385	94.2
72.395	92.28
72.405	91.45
72.415	91.29
72.425	90.47
72.435	90.14
72.445	90.48
72.455	90.24
72.465	90.94
72.475	88.98
72.725	93.1
72.735	90.28
72.745	88.47
72.755	87.12
72.765	85.03
72.775	83.37
72.785	85.1
72.795	86.32
72.805	85.9
72.815	85.07
72.825	84.62
72.835	84.4
72.845	84.42
72.855	84.11
72.865	83.99
73.125	118.04
73.135	117.28
73.145	112.78
73.535	90.86
73.545	91.47
73.555	91.99
73.565	87.53
73.575	85
73.585	82.89
73.595	80.73
73.605	77.07
73.615	76.03
73.625	76.88
73.635	78.51
73.645	79.19
73.655	81.91
73.665	82.44
73.675	83.51
73.685	83.04
73.695	79.68
73.705	78.75
73.715	81.99
73.725	82.26
73.735	81.13
73.775	86.04
73.785	88.01
73.795	88.96
73.805	88.93
73.815	90.36
73.825	91.08
73.835	91.72
73.845	90.68
73.855	90.52
73.865	92.36
73.875	97.35
73.885	97.61
73.895	94.22
73.905	93.58
73.915	92.52
73.925	91.39
73.935	92.75
73.945	100.28
73.955	100.7
73.965	101.04
73.975	100.21
73.985	98.64
73.995	98.35
74.005	99.84
74.015	98.22
74.025	97.14
74.035	97.63
74.045	97.54
74.055	97.37
74.085	95.61
74.095	96.12
74.105	94.33
74.115	93.61
74.125	93.6
74.135	93.14
74.145	92.14
74.155	93.15
74.165	95
74.175	96.84
74.185	97.45
74.195	98.5
74.205	101.34
74.215	106.48
74.225	107.71
74.235	106.47
74.245	103.83
74.375	90.88
74.385	91.02
74.395	89.05
74.405	87.75
74.415	86.96
74.425	77.22
74.435	82.75
74.445	81.77
74.455	88.98
74.465	78.53
74.475	79.64
74.485	82.43
74.495	83.54
74.505	79.79
74.515	77.43
74.525	78.76
74.535	81.12
74.545	80.52
74.555	80.15
74.565	115.4
74.575	116.51
74.615	87.43
74.625	86.72
74.635	86.48
74.645	87.71
74.655	89.78
74.665	90.05
74.675	89.67
74.685	90.29
74.695	90.39
74.705	89.77
74.715	89.82
74.725	90.26
74.735	90.79
74.745	89.99
74.755	89.78
74.765	89.74
74.775	88.52
74.785	89.18
74.795	89.34
74.805	90.83
74.885	114.48
74.895	115.73
74.905	113.55
74.915	111.32
74.925	110.59
74.935	109.19
74.945	108.91
74.985	98.74
74.995	97.74
75.005	95.75
75.015	93.18
75.025	90.55
75.035	93.44
75.045	109.37
75.055	110.56
75.065	109.33
76.055	88.65
76.065	86.64
76.075	88.68
76.085	84.33
76.095	83.14
76.105	85.5
76.175	86.91
76.185	85.41
