time	f0
0.62	252.55
0.63	254.15
0.64	252.89
0.65	252.81
0.66	251.53
0.67	253.06
0.68	255.08
0.69	253.17
0.7	255.72
0.71	256.1
0.72	259.12
0.73	262.5
0.74	264.17
0.75	265.99
0.76	265.6
0.77	269.2
0.78	269.41
0.79	266.3
0.8	272.86
0.81	268.09
0.82	260
0.83	255.86
0.84	256.18
0.85	252.16
0.86	257.8
0.87	268.77
0.88	263.73
0.89	255.78
0.9	259.23
0.91	258.04
0.92	253.84
0.93	244.59
0.94	235.84
0.95	236.25
0.96	234.22
0.97	229.44
0.98	227.44
0.99	225.65
1	227.4
1.01	226.5
1.02	225.4
1.03	226.53
1.04	225.65
1.05	226.67
1.06	225.76
1.07	226.24
1.08	226.11
1.09	224.9
1.1	225.68
1.11	224.97
1.12	225.78
1.13	226.36
1.14	222.57
1.15	225.04
1.16	223.86
1.67	275.52
1.68	273.06
1.69	268.96
1.7	267.51
1.71	267
1.72	263.08
1.73	262.92
1.74	267.49
1.75	267.2
1.76	264.62
1.77	263.24
1.78	264.14
1.79	261.46
1.8	263.08
1.81	264.46
1.82	264.4
1.92	280.35
1.93	280.26
1.94	279.28
1.95	279.72
1.96	279.33
1.97	279.26
1.98	278.83
1.99	277.38
2	278.38
2.01	276.43
2.02	276.03
2.03	276.46
2.04	272.11
2.05	270.17
2.06	269.31
2.07	267.73
2.08	265.82
2.09	266.34
2.1	264.38
2.11	261.64
2.12	251.66
2.13	242.42
2.14	238.76
2.15	232.93
2.16	232.19
2.17	228.61
2.18	222.6
2.19	221.59
2.2	222.51
2.21	219.02
2.22	219.26
2.23	220.3
2.24	225.03
2.25	220.46
2.26	228.55
2.4	239.91
2.41	229.56
2.42	228.68
2.43	229.66
2.44	237.54
2.45	238.43
2.46	237.21
2.47	237.88
2.48	227.16
2.49	227.39
2.5	237.25
2.51	238.89
2.52	243.82
2.62	219.58
2.63	217.9
2.64	215.92
2.65	211.91
2.66	209.84
2.67	209.65
2.68	208.51
2.69	206.9
2.7	208.81
2.71	208.26
2.72	206.64
2.73	206.56
2.74	206.04
2.75	205.93
2.76	202.97
2.77	204.85
2.78	201.85
2.79	204.95
2.8	202.68
2.81	200.27
2.82	208.97
2.83	193.76
2.84	204.16
2.85	200.92
2.86	202.17
2.87	202.51
2.88	204.18
2.89	200
2.9	207.46
2.91	209.51
2.92	214.36
2.93	215.13
2.94	212.68
2.95	199.47
2.96	206.43
3.65	253
3.66	253.79
3.67	251.51
3.68	251.59
4.18	243.99
4.19	246.46
4.2	251.26
4.21	252.48
4.22	250.57
4.23	248.42
4.24	249.73
4.25	253.44
4.26	258.32
4.27	274.4
4.28	294.72
4.29	293.77
4.32	248.19
4.33	239.07
4.34	221.07
4.35	220.37
4.36	215.53
4.37	215.55
4.38	206.86
4.39	203.78
4.4	206.83
4.41	204.53
4.42	200.39
4.43	204.51
4.44	204.25
4.45	203.65
4.46	204.33
4.47	204.73
4.48	215.4
4.49	225.87
4.5	203.57
4.51	208.34
4.52	209.21
4.53	208.95
4.54	210.25
4.55	255
4.56	219.16
4.57	218.93
4.58	219.03
4.59	219.96
4.6	222.35
4.61	223.06
4.62	222.87
4.63	221.23
4.64	224.66
4.65	224.29
4.66	227.12
4.67	227.19
4.68	228.35
4.88	249.17
4.89	246.72
4.9	247.51
4.91	239.17
4.92	235.2
4.93	237.33
4.94	237.23
4.95	238.35
4.96	237.15
4.97	237.63
4.98	237.06
4.99	236.56
5	235.15
5.01	232.82
5.02	229.35
5.03	225.44
5.04	223.03
5.05	224.07
5.06	226.29
5.07	220.13
5.08	220.58
5.09	221.7
5.23	216.47
5.24	193.76
5.25	180.47
5.26	180.68
5.29	230.21
5.3	231.05
5.31	179.32
5.32	229.55
5.33	229.96
5.34	236.96
5.35	237.09
5.36	237.83
5.37	233.72
5.38	233.85
5.39	231.58
5.4	223.35
5.41	217.59
5.42	217.37
5.43	216.46
5.44	221.32
5.45	227.67
5.46	229.82
5.47	227.86
5.48	224.85
5.49	222.4
5.5	219.5
5.51	216.71
5.52	212.96
5.53	209.07
5.54	206.73
5.55	200.33
5.56	204.11
5.57	209.72
5.58	215.69
5.69	212.76
5.7	212.52
5.71	214.82
5.72	205.37
5.73	211.76
5.74	200.69
5.75	205.68
5.76	205.76
5.77	208.95
5.78	212.91
5.79	214.74
5.8	222.95
5.81	214.81
5.82	215.66
5.83	217.03
5.84	214.91
5.9	217.61
5.91	211.36
5.92	210.44
5.93	210.65
5.94	206.87
5.95	208.13
5.96	216.13
5.97	214.71
5.98	212.09
5.99	212.81
6	213.33
6.01	206.9
6.16	238.45
6.17	238.49
6.18	252.86
6.19	246.99
6.2	245.06
6.21	244.92
6.22	241.89
6.23	238.79
6.24	237.09
6.25	233.94
6.26	235.78
6.27	230.95
6.28	222.49
6.29	219.9
6.3	219.04
6.31	216.36
6.32	220.62
6.33	234.3
6.34	228.17
6.35	173.86
6.41	209.94
6.42	223.21
6.43	227.53
6.44	214.92
6.45	215.09
6.46	208.1
6.47	209.87
6.48	206.63
6.49	207.46
6.5	204.29
6.51	206.73
6.52	205.01
6.53	207.81
6.54	207.96
6.55	206.78
6.56	208.87
6.57	208.15
6.58	206.6
6.59	207.55
6.6	208.06
6.61	209.53
6.62	209.96
6.63	211.72
6.64	212.01
6.65	213.03
6.66	215.14
6.67	216.6
6.68	216.97
6.69	218.21
6.7	217.22
6.71	215.54
6.72	214.18
6.73	215.76
6.74	214.53
6.75	216.17
6.76	216.21
6.77	217.41
6.78	219
6.79	220.25
6.8	219.41
6.81	220.5
6.82	220.6
6.83	220.2
6.84	221.91
6.85	221.4
6.86	220.93
6.87	221.44
6.88	220.18
6.89	219.52
6.9	219.02
6.91	216.42
6.92	217.36
6.93	213.56
6.94	220.05
6.95	218.66
6.96	221.32
6.97	219.35
6.98	219.78
6.99	227.85
7	230.72
7.01	222.88
7.02	218.67
7.04	237.11
7.05	222.54
7.06	236.55
7.07	238.8
7.08	265.42
7.3	214.8
7.31	212.68
7.32	217.78
7.33	218.16
7.34	216.75
7.35	220.71
7.36	216.07
7.37	219.38
7.38	218.19
7.39	218.21
7.4	220.41
7.41	222.24
7.42	219.17
7.43	220.89
7.44	220.64
7.45	216.84
7.46	231.62
7.47	230.12
7.48	233.32
7.49	227.36
7.5	232.62
7.52	232.6
7.53	243.43
7.54	269.45
7.55	246.23
7.56	258.65
7.57	269.01
7.58	260.16
7.59	271.93
7.81	232.04
7.82	228.95
7.83	224.96
7.84	224.01
7.85	224.43
7.86	225.03
7.87	225.07
7.88	224.65
7.89	224.64
7.9	225.32
7.91	224.92
7.92	228.39
7.93	226.96
7.94	229.64
7.95	229.63
7.96	232.62
7.97	234.31
7.98	231.96
7.99	234.64
8	234.77
8.01	234.31
8.02	233.98
8.03	232.18
8.04	231.4
8.05	229.14
8.06	228.75
8.07	223.94
8.08	225.35
8.09	223.43
8.1	219.97
8.11	216.67
8.12	223.04
8.13	216.54
8.14	217.95
8.15	222.24
8.16	221.62
8.17	218.31
8.18	225.73
8.19	228.07
8.2	228.03
8.21	225.08
8.22	227.7
8.23	225.25
8.24	220.66
8.25	225.28
8.26	224.81
8.27	221.59
8.28	220.79
8.29	226.09
8.3	222.07
8.31	221.52
8.32	220.64
8.33	221.25
8.34	216.18
8.35	216.28
8.36	214.4
8.37	215.58
8.38	211.02
8.39	211.12
8.4	206.44
8.41	208.9
8.42	203.64
8.43	206.87
8.44	206.86
8.45	205.09
8.46	206.46
8.47	204.08
8.48	205.18
8.49	206.3
8.5	205.17
8.51	206.95
8.56	210.83
8.57	208.7
8.58	219.64
8.59	212.64
8.6	219.37
8.61	225.34
9.67	254.72
9.68	245.93
9.69	242.25
9.7	228.18
9.71	235.39
9.72	236.63
9.73	243.87
9.74	241.86
9.75	249.57
9.76	249.09
9.77	255.37
9.78	248.5
9.79	245.27
9.8	244.76
9.81	238.26
9.82	243.28
9.83	246.22
9.84	250.25
9.85	241.55
9.86	245.9
9.87	245.13
9.88	245.31
9.89	247.28
9.9	246.15
9.91	245.59
9.92	242.78
9.93	242.67
9.94	241.66
9.95	244.16
9.96	244.17
9.97	244.2
9.98	244.65
9.99	244.19
10	243.17
10.01	243.41
10.02	240.94
10.03	239.66
10.04	236.59
10.05	232.68
10.06	229.28
10.07	225.87
10.08	224.74
10.09	221.79
10.1	224.59
10.11	223.34
10.12	214.64
10.13	220.35
10.14	211.13
10.15	210.83
10.16	208.26
10.17	206.65
10.18	206.31
10.19	204.28
10.2	207.2
10.21	216.45
10.22	206.35
10.37	241.64
10.38	234
10.39	225.14
10.4	225.06
10.41	220.1
10.42	218.65
10.43	219.72
10.44	217.65
10.45	216.28
10.46	214.14
10.47	215.14
10.48	213.62
10.49	213.46
10.5	214.22
10.51	214.47
10.52	213.56
10.53	214.41
10.54	211.47
10.55	213.07
10.56	211.36
10.57	210.47
10.58	209.64
10.59	204.92
10.6	209.61
10.61	216.62
10.62	215.9
10.63	213.91
10.64	216.58
10.79	192.91
10.8	205.12
10.81	199.85
10.82	198.47
10.83	203.39
10.84	204.54
10.85	208.84
10.86	213.79
10.87	219.06
10.88	191.03
10.89	212.11
10.9	210.54
10.91	216.2
10.92	209.72
10.98	211.94
11.17	254.98
11.18	255.16
11.19	254.6
11.2	254.54
11.21	254.75
11.22	255.11
11.23	254.02
11.24	254.7
11.25	254.72
11.26	253.35
11.27	253.76
11.28	255.03
11.56	209.52
11.57	203.12
11.58	203.76
11.59	203.1
11.6	199.29
11.61	200.93
11.62	199.86
11.63	199.04
11.64	200.95
11.65	199.27
11.66	200.02
11.67	201.96
11.68	202.43
11.69	199.82
11.7	197.46
11.71	197.33
11.72	198.13
11.73	195.98
11.74	212.19
11.75	214.99
11.76	219.17
11.77	214.64
11.78	211.7
11.79	211.32
11.8	209.2
11.91	211.69
11.92	211.57
11.93	210.26
11.94	210
11.95	209.17
11.96	209.53
11.97	207.57
11.98	208.88
11.99	204.73
12	208.77
12.01	208.45
12.02	210.93
12.03	217.45
12.04	218.62
12.05	229.34
12.06	227.71
12.07	229.81
12.08	232.25
12.09	232.61
12.1	234.33
12.11	237.24
12.12	235.65
12.13	235.03
12.14	238.61
12.15	239.11
12.16	237.07
12.17	236.04
12.18	237.61
12.19	234
12.2	358.89
12.21	362.94
12.22	361.44
12.23	302.65
12.25	248.15
12.26	284.14
12.27	284.18
12.28	284.29
12.29	249.68
12.3	233.64
12.31	234.57
12.32	220.82
12.33	207.02
12.34	209.28
12.35	207.74
12.36	212.62
12.37	208.59
12.38	214.11
12.39	205.74
12.4	211.35
12.41	214.02
12.42	219.71
12.43	220.85
12.44	225.44
12.45	224.95
12.46	225.34
12.47	225.78
12.48	223.77
12.49	225.03
12.5	223.02
12.51	222.61
12.52	224.61
12.53	217.87
12.54	220.8
12.55	221.15
12.56	219.18
12.57	219.49
12.58	216.59
12.59	217.18
12.6	217.17
12.61	213.54
12.62	211.01
12.63	208.37
12.64	207.02
12.65	200.45
12.66	203.13
12.67	206.74
12.68	202.2
12.69	198.59
12.7	197.19
12.71	198.1
12.72	206.3
12.73	206.99
12.74	207.8
12.75	205.53
12.76	204.6
12.77	204.98
12.78	204.79
12.79	205.24
12.8	203.33
12.81	253.55
12.82	253.3
12.83	254.3
12.84	252.68
12.94	227.91
12.95	213.65
12.96	207.86
12.97	203.69
12.98	199.45
12.99	201.17
13	196.88
13.01	196.11
13.02	197.38
13.03	193.87
13.04	197.41
13.05	199.76
13.06	201.19
13.07	198.33
13.08	197.44
13.09	196.34
13.1	194.63
13.11	200.26
13.12	195.64
13.13	193.68
13.14	229.86
13.15	220.13
13.16	221.44
13.17	221.17
13.18	218.93
13.19	219.92
13.2	218.75
13.21	218.49
13.22	220.03
13.23	212.81
13.24	213.84
13.25	211.62
13.26	211.67
13.27	212.56
13.28	210.41
13.29	217.39
13.3	215.03
13.31	214.53
13.32	220.5
13.33	216.23
13.34	214.69
13.35	212.42
13.36	209.36
13.37	205.51
13.38	204.77
13.39	205.28
13.4	205.83
13.41	201.95
13.42	200.26
13.43	200.7
13.44	199.62
13.45	199.18
13.46	196.99
13.47	194.92
13.48	196.11
13.49	197.36
13.5	196.56
13.51	195.75
13.52	195.56
13.53	195.46
13.54	194.02
13.55	193.62
13.56	195.36
13.57	195.32
13.58	195.78
13.59	197.31
13.6	199.5
13.61	198.86
13.62	205.14
13.63	203.48
13.64	206.8
13.65	214.99
13.66	215.18
13.67	232.73
13.68	208.82
13.69	212.87
13.7	210.14
13.71	199.39
14.56	239.6
14.57	228.65
14.58	221.89
14.59	217.96
14.6	219.03
14.61	217.92
14.62	218.31
14.63	219.97
14.64	221.52
14.65	224.5
14.66	223.46
14.67	227.59
14.68	229.74
14.69	229.35
14.7	229.99
14.71	230.01
14.72	232.57
14.73	231.74
14.74	231.32
14.75	232.59
14.76	231.94
14.77	231.88
14.78	231.97
14.79	231.57
14.8	230.16
14.81	231.31
14.82	229.78
14.83	230.2
14.84	234.13
14.85	231.88
14.86	231.74
14.87	226.47
14.88	232.52
14.89	226.67
14.9	225.03
14.91	235.79
14.92	227.81
15.05	247.68
15.06	243.55
15.07	240.64
15.08	240.11
15.09	239.48
15.1	241.56
15.11	243.91
15.12	242.82
15.13	239.78
15.14	240.56
15.15	238.69
15.16	236.58
15.17	242.54
15.18	238.04
15.19	240.62
15.2	243.48
15.21	244.48
15.22	241.68
15.23	244.21
15.33	260.55
15.34	253.71
15.35	245.98
15.36	252.77
15.38	241.76
15.42	195.65
15.43	195.48
15.44	194.63
15.5	234.69
15.51	249.69
15.52	250.04
15.53	249.25
15.54	242.47
15.55	226.03
15.56	233.4
15.57	233.33
15.58	220.08
15.59	219.19
15.6	220.23
15.61	218.15
15.62	225.29
15.63	224.6
15.64	225.58
15.65	226.24
15.66	233.09
15.67	226.19
15.68	233.18
15.69	249.56
15.7	240.91
15.71	234.68
15.72	232.91
15.73	229.36
15.74	229.11
15.75	226.01
15.76	162.65
15.77	230.14
15.78	234.73
15.79	230.02
15.8	236.06
15.81	224.32
15.82	231.4
15.83	232.86
15.87	240.43
15.88	237.25
15.89	236.79
15.9	232.5
15.91	230.2
15.92	229.74
15.93	225.71
15.94	224.6
15.95	222.6
15.96	219.25
15.97	218.37
15.98	214.76
15.99	211.36
16	210.49
16.01	212.86
16.02	214.45
16.03	214.86
16.04	207.8
16.05	211.45
16.06	226.14
16.07	228.47
16.08	230.88
16.09	233.11
16.1	211.27
16.11	219.36
16.12	235.95
16.13	237.1
16.14	209.04
16.16	367.96
16.17	366.57
16.18	366.37
16.19	352.58
16.2	363.76
17.18	255.13
17.19	247.86
17.2	243.94
17.21	237.91
17.22	227.37
17.23	241.11
17.24	240.35
17.25	246.77
17.26	243.34
17.27	245.49
17.28	244.23
17.29	246.6
17.3	245.61
17.31	231.23
17.32	225.01
17.33	220.84
17.34	246.16
17.46	256.54
17.47	259.23
17.48	250.53
17.49	246.22
17.5	220.1
17.51	231.84
17.52	226.13
17.53	221.9
17.54	216.75
17.55	213.18
17.56	215.96
17.57	213.92
17.58	215.23
17.59	216.24
17.6	212.16
17.61	213.82
17.62	212.89
17.63	213.37
17.64	215
17.65	215.32
17.66	216.51
17.67	216.65
17.68	216.92
17.69	215.78
17.7	215.54
17.71	215.18
17.72	213.81
17.73	213.82
17.74	214.73
17.75	211.58
17.76	214.53
17.77	212.55
17.78	212.51
17.83	224.7
17.84	215.2
17.85	215.58
17.86	216.83
17.87	217.37
17.88	215.93
17.89	215.09
17.9	213.48
17.91	215.34
17.92	211.63
18.05	214.93
18.06	209.55
18.07	210.84
18.08	209.83
18.09	211.39
18.1	212.36
18.11	212.06
18.12	211.17
18.13	211.37
18.14	210.66
18.15	210.44
18.16	214.25
18.17	219.81
18.18	218.98
18.19	219.82
18.2	219.66
18.21	220.8
18.22	220.74
18.23	220.64
18.24	219.9
18.25	219.45
18.26	218.35
18.27	217.08
18.28	217.44
18.29	216.74
18.3	215.32
18.31	214.92
18.32	217.84
18.33	219.4
18.34	217.9
18.43	240.39
18.44	237.06
18.45	234.77
18.46	234.14
18.47	232.11
18.48	233.75
18.49	230.76
18.5	230.02
18.51	227.56
18.52	227.25
18.53	227.87
18.54	227.98
18.55	226.63
18.56	229.45
18.57	229.34
18.58	229.09
18.59	229.72
18.6	228.51
18.61	229.3
18.62	229.12
18.63	228.92
18.64	226.99
18.65	226.96
18.66	225.44
18.67	228.57
18.68	231.91
18.69	225.54
18.8	208.63
18.81	213.07
18.82	216.89
18.83	218.44
18.84	218.81
18.85	217.75
18.86	207.31
18.87	208.96
18.96	231.71
18.98	218.03
18.99	218.28
19.11	253.06
19.12	256.62
19.13	231.48
19.14	242.31
19.15	208.39
19.16	210.19
19.3	209.28
19.31	215.12
19.32	213.01
19.33	208.83
19.34	205.5
19.35	203.79
19.36	205.47
19.37	205.67
19.38	203.53
19.39	205.15
19.4	204.26
19.41	206.26
19.42	206.22
19.43	207.66
19.44	205.46
19.45	209.17
19.46	207.41
19.47	208.71
19.48	208.45
19.49	207.09
19.5	212.75
19.51	207.8
19.53	225
19.54	222.62
19.55	218.06
19.56	218.75
19.57	216.82
19.58	213.92
19.59	212.6
19.6	209.89
19.61	213.04
19.62	211.38
19.63	212.63
19.64	209.25
19.65	210.95
19.66	209.03
19.67	208.16
19.68	209.43
19.69	210.21
19.7	207.32
19.71	209.7
19.72	205.33
19.73	206.74
19.74	204.18
19.75	205.97
19.76	203.42
19.77	205.13
19.78	202.63
19.79	203.55
19.8	203.17
19.81	203.19
19.82	205.68
19.83	204.21
19.84	203.04
19.85	204.79
19.86	208.66
19.87	209.65
19.88	215.83
19.89	215.62
19.9	220.78
19.91	222.15
19.92	223.28
19.93	220.65
19.94	222.17
19.95	224.1
19.96	221.26
19.97	221.85
19.98	219.1
19.99	221.66
20	221.68
20.01	219.38
20.02	222.1
20.03	217.41
20.04	220.5
20.05	211.34
20.06	217.08
20.07	216.74
20.08	221.51
20.09	221.44
20.1	225.06
20.11	226.86
20.12	224.38
20.54	221.2
20.55	215.56
20.56	212.74
20.57	209.21
20.58	212.6
20.59	210.5
20.6	209.36
20.61	205.87
20.62	207.82
20.63	208.77
20.64	206.95
20.65	206.23
20.66	206.98
20.67	207.59
20.68	204.78
20.69	205.67
20.7	205.52
20.71	204.89
20.72	205.07
20.73	201.85
20.74	208.59
20.75	201.95
20.76	208.33
20.77	207.24
20.78	210.06
20.79	213.32
20.8	218.61
20.81	214.06
20.82	214.78
20.83	214.67
20.84	219.02
20.85	217.39
20.86	218.91
20.87	218.62
20.88	222.02
20.89	217.53
20.9	226.86
20.91	221.21
20.92	220.71
20.93	225.65
20.94	220.46
20.95	216.89
20.96	217.36
20.97	212.62
20.98	215.57
20.99	218.88
21	216.94
21.01	216.68
21.02	218.05
21.03	207.94
21.04	200
21.05	230.34
21.06	219.12
21.07	215.97
21.08	213.61
21.09	207.04
21.1	206.9
21.11	203.4
21.12	205.71
21.13	205.86
21.14	205.18
21.15	211.01
21.23	227.93
21.24	224.25
21.25	227.37
21.26	225.99
21.27	227
21.28	226.82
21.29	225.18
21.3	219.03
21.31	230.49
21.32	221.56
21.34	232.13
21.35	228.7
21.36	229.48
21.37	230.61
21.38	227.89
21.39	223.71
21.4	218.53
21.41	216.41
21.42	211.02
21.43	209.63
21.44	207.64
21.45	206.8
21.46	207.9
21.47	208.48
21.48	214.2
21.49	214.98
21.52	207.65
21.53	214.11
21.6	222.72
21.61	222.92
21.62	212.79
21.63	215.42
21.64	213.39
21.65	213.05
21.66	226.92
21.67	231.7
21.68	226.05
21.69	216.32
21.7	212.81
21.71	212.89
21.72	213.06
21.73	216.96
21.74	218.05
21.75	220.65
21.76	214.57
21.77	220.27
21.78	193.54
21.92	252.34
21.93	244.73
21.94	241.57
21.95	225.92
21.96	234.05
21.97	236.71
21.98	229.57
21.99	232.68
22	227.53
22.01	235.31
22.02	226.96
22.03	230.55
22.04	227.46
22.05	225.15
22.06	224.29
22.07	221.96
22.08	221.14
22.09	218.19
22.1	214.13
22.11	213.53
22.12	210.22
22.13	211.57
22.14	213.11
22.15	215.15
22.19	228.23
22.2	224.69
22.21	215.1
22.22	199.58
22.23	196.83
22.24	191.46
22.25	196.56
22.26	198.8
22.27	199.99
22.28	200.42
22.29	200.43
22.3	199.57
22.31	201.3
22.32	204.25
22.33	202.95
22.34	211.24
22.35	207.1
22.36	213.06
22.66	213.09
22.67	210.91
22.68	213.28
22.69	210.91
22.7	217.43
22.71	220.52
22.72	217.17
22.73	216.49
22.74	220.47
22.75	221.85
22.76	223.36
22.77	220.09
22.78	225.46
22.79	221.53
22.8	224.76
22.81	225.04
22.82	222.22
22.83	224.09
22.84	223.88
22.85	222.02
22.86	220.31
22.87	219.13
22.88	220.74
22.89	219.18
22.9	215.69
22.91	218.4
22.92	216.29
22.93	214.06
22.94	209.71
22.95	208.55
22.96	204.76
22.97	204.63
22.98	203.4
22.99	201.29
23	200.01
23.01	198.89
23.02	197.55
23.03	200.67
23.04	202.58
23.05	203.71
23.06	199.99
23.07	199.94
23.08	199.29
23.09	201.71
23.1	203.11
23.11	206.95
23.12	199.8
23.13	191.5
23.14	205.65
23.15	197.25
23.16	214.69
23.17	226.82
23.18	222.5
23.19	217.94
23.2	218.45
23.21	217.75
23.22	219.17
23.23	217.55
23.24	214.13
23.25	216.31
23.26	217.81
23.27	216.96
23.28	215.89
23.29	214.39
23.3	216.72
23.31	214.12
23.32	214.53
23.33	215.3
23.34	213.3
23.35	215.09
23.36	214.49
23.37	216.37
23.38	213.54
23.39	219.42
23.4	210.31
23.41	207.93
23.42	215.27
23.43	213.64
23.44	216.2
23.45	217.62
23.46	214.33
23.47	214.44
23.56	236.42
23.57	226.46
23.58	228.45
23.59	220.34
23.6	224.18
23.61	222.89
23.62	226.29
23.63	223.44
23.64	226.64
23.65	217.72
23.66	217.42
23.67	219.68
23.68	220
23.69	217.61
23.7	221.13
23.71	214.31
23.72	215.61
23.73	223.48
23.74	218.32
24.72	235.5
24.73	228.87
24.74	223.37
24.75	217.06
24.76	218.2
24.77	216.55
24.78	222.9
24.79	221.16
24.8	226.77
24.81	222.1
24.82	221.21
24.83	226.52
24.84	225.39
24.85	220.88
24.86	274.7
24.87	256.51
24.88	253.73
24.89	250.79
24.9	242.58
24.91	231.77
24.92	233.22
24.93	229.06
24.94	226.02
24.95	226.19
24.96	234.37
24.97	226.02
24.98	218.99
24.99	203.83
25	223.35
25.01	233.28
25.02	232.95
25.03	223.11
25.04	228.25
25.05	234.99
25.06	217.16
25.07	220.36
25.08	206.37
25.09	210.16
25.1	216.15
25.11	216.98
25.12	218.25
25.13	210.97
25.14	213.21
25.15	213.28
25.16	216.32
25.17	218.15
25.18	216.56
25.19	215.23
25.2	216.8
25.26	217.78
25.27	215.68
25.28	216.07
25.29	216.04
25.3	207.74
25.31	214.75
25.32	205.95
25.33	205.02
25.34	202.71
25.35	208.13
25.36	221.72
25.37	219.92
25.38	225.19
25.39	198.59
25.4	206.58
25.41	208.81
25.42	206.7
25.76	234.93
25.77	222.19
25.78	213.61
25.79	222.56
25.8	216.86
25.81	228.27
25.82	234.15
25.83	254.99
25.84	245.24
25.85	252.99
25.86	250.65
25.87	255.55
25.88	251.55
25.89	245.71
25.9	240.3
25.91	246.13
25.92	248.37
25.93	248.36
25.94	249.21
25.95	245.99
25.96	243.52
25.97	241.55
25.98	242.53
25.99	239.54
26	237.33
26.01	237.36
26.02	236.83
26.03	232.27
26.04	229.48
26.05	224.42
26.06	219.38
26.07	216.82
26.08	214.98
26.09	211.79
26.1	215.08
26.11	216.61
26.12	218.32
26.13	210.73
26.14	213.26
26.15	203.75
26.16	218.54
26.17	204.22
26.18	210.82
26.19	215.07
26.2	206.79
26.21	206.88
26.22	203.13
26.23	205.18
26.24	200.87
26.25	206.32
26.26	213.56
26.27	211.21
26.28	216.64
26.29	209.51
26.3	212.34
26.31	213.71
26.32	208.07
26.33	210.78
26.36	202.14
26.37	205.54
26.38	204.1
26.39	207.23
26.4	204.56
27.41	236.32
27.42	238.03
27.43	204.61
27.44	219.6
27.45	217.55
27.46	207.7
27.47	206.36
27.48	202.97
27.49	197.86
27.5	200.97
27.51	201.96
27.52	197.2
27.53	196.53
27.54	197.61
27.55	202.65
27.56	201.4
27.57	202
27.58	202.28
27.59	202.48
27.6	203.55
27.61	202.45
27.62	196.29
27.63	177.08
27.64	193.83
27.65	220.75
27.66	213.54
27.67	210.08
27.68	211.17
27.69	210.74
27.7	213.33
27.71	212.49
27.72	210.06
27.73	212.82
27.74	207.22
27.75	215.54
28.04	242.91
28.05	245.68
28.06	243.29
28.07	242.9
28.08	239.95
28.09	239.19
28.1	243.89
28.11	238.61
28.12	238.21
28.13	238.59
28.14	237.9
28.15	237.82
28.16	239.49
28.17	238.03
28.18	238.92
28.19	236.74
28.2	238.3
28.21	241.29
28.22	238.11
28.23	239.01
28.24	240.48
28.25	237.96
28.57	213.84
28.58	214.32
28.59	209.27
28.6	208.42
28.61	206.57
28.62	205.94
28.63	205.03
28.64	205.6
28.65	205.45
28.66	205.93
28.67	203.85
28.68	205.08
28.69	204
28.7	208.05
28.71	212.86
28.72	213.16
28.73	213.97
28.74	215.65
28.75	215.31
28.76	215.64
28.77	217.57
28.78	217.36
28.79	219.36
28.8	219.93
28.81	221.38
28.82	220.55
28.83	221.29
28.84	217.7
28.85	222.78
28.86	222.04
28.87	220.24
28.88	217.34
28.89	215.65
28.9	226.65
28.91	216.66
28.92	225.68
28.93	223.07
28.94	213.68
28.95	216.85
29.21	237.25
29.22	234.37
29.23	235.59
29.24	235.03
29.25	234.71
29.26	235.23
29.27	232.73
29.28	233.78
29.29	232.46
29.3	235.69
29.31	233.78
29.32	234.16
29.33	235.31
29.34	233.74
29.35	229.99
29.36	228.12
29.37	222.7
29.38	221.46
29.39	219.35
29.4	219.53
29.41	217.43
29.42	216.32
29.43	215.41
29.44	220.61
29.45	219.39
29.46	220.44
29.47	220.77
29.48	217.56
29.49	221.75
29.5	221.39
29.51	218.36
29.52	227.16
29.53	228.52
29.54	222.99
29.55	223.14
29.58	213.82
29.59	201.68
29.6	207.22
29.61	206.15
29.62	203.45
29.63	198.2
29.64	205.2
29.65	204.95
29.66	202.48
29.67	201
29.68	213.36
29.69	205.12
29.71	205
29.72	201.6
29.73	202.78
29.74	201.89
29.75	205.15
29.77	223.55
29.78	214.11
29.79	218.77
29.8	216.44
29.81	221.07
29.82	220.89
29.83	221.09
29.84	221.99
29.85	220.5
29.86	217.54
29.87	219.9
29.88	215.11
29.89	224.43
29.9	214.59
29.91	224.11
29.92	214.82
30	226.38
30.01	224.88
30.02	219.62
30.03	221.66
30.04	221.33
30.05	221.56
30.06	221.55
30.07	220.74
30.08	222.64
30.09	221.5
30.1	220.77
30.11	216.66
30.12	217.9
30.13	215.56
30.14	220.09
30.15	219.35
30.16	215.68
30.17	218.24
30.18	217.63
30.19	218.88
30.2	216.57
30.21	216.12
30.22	224.46
30.23	214.81
30.24	226.13
31.01	230.57
31.02	228.5
31.03	229.09
31.04	226.85
31.05	228.37
31.06	229.41
31.07	231.82
31.08	232.45
31.09	232.07
31.1	232.33
31.11	232.31
31.12	231.96
31.13	234.5
31.14	232.16
31.15	233.48
31.16	232.01
31.17	232.44
31.18	233.7
31.19	231.94
31.2	232.9
31.21	235.54
31.22	232.81
31.23	234.66
31.24	235.29
31.25	228.71
31.26	234.17
31.27	231.9
31.28	232.65
31.29	222.44
31.42	229.17
31.43	219.22
31.44	209.19
31.45	209.91
31.46	206.78
31.47	204.15
31.48	202.27
31.49	200.1
31.5	199.52
31.51	197.69
31.52	197.08
31.53	196.19
31.54	196.87
31.55	195.52
31.56	195.6
31.57	200.14
31.58	198.31
31.59	202.13
31.6	200.75
31.61	204.71
31.62	203.25
31.63	195.96
31.64	199.98
31.65	202.46
31.66	196.54
31.67	199.65
31.68	202.04
31.69	200.26
31.7	198.32
31.71	191.9
31.72	192.88
