time	f0
0.485	258.06
0.495	256.8
0.595	139.96
0.605	137.15
0.615	135.74
0.625	134.03
0.635	131.85
0.645	130.07
0.655	127.52
0.665	126.62
0.675	125.45
0.685	124.21
0.695	123.53
0.705	123.65
0.715	124.32
0.725	124.4
0.735	120.21
0.745	120.02
0.755	118.24
0.765	117.34
0.775	116.99
0.785	115.99
0.795	114.8
0.805	113.97
0.815	107.72
0.825	111.39
0.835	110.97
7.965	164.4
7.975	159.88
7.985	157.83
7.995	152.44
8.005	149.96
8.015	149.08
8.025	148.96
8.035	148.42
8.045	149.24
8.055	150.7
8.065	150.38
8.075	151.11
8.085	149.89
8.095	150.35
8.105	148.27
8.115	147.81
8.125	146.67
8.135	145.8
8.145	144.74
8.155	143.76
8.165	143.62
8.175	141.47
8.185	140.49
8.195	140.97
8.205	139.64
8.215	139.07
8.225	137.32
8.235	136.36
8.245	137.09
8.255	136.14
8.265	137.54
8.275	135.84
8.285	135.13
8.295	134.82
8.305	134.03
8.315	135.33
8.325	134.44
8.335	134.7
8.345	133.97
8.355	133.55
8.365	132.35
8.375	131.1
8.385	129.54
8.395	125.82
8.405	121.62
12.565	196.35
12.575	190.19
12.585	177.47
12.595	176.66
12.605	177.33
12.615	179.87
12.625	183.63
12.635	189.38
12.645	192.04
12.655	191.71
12.665	189.44
12.675	190.6
12.685	196.54
12.695	204.45
12.705	205.55
12.715	202.61
12.725	200.51
12.735	196.46
12.745	193.12
12.755	192.18
12.765	190.42
12.775	186.55
12.785	186.76
12.795	185.58
12.805	185.13
12.815	185.59
12.825	186.12
12.835	188.58
12.845	188.62
12.855	187.63
12.865	186.63
12.875	185.42
12.885	182.99
12.895	180.58
12.905	178.35
12.915	176.2
12.925	172.73
12.935	169.58
12.945	167.04
12.955	164.39
12.965	162.83
12.975	159.4
12.985	153.8
12.995	157.16
13.005	157.61
13.015	161.6
13.605	221.85
13.615	228.17
13.625	225.06
13.635	198.69
13.645	178.85
13.655	165.12
13.665	160.77
13.675	156.52
13.685	151.02
13.695	145.31
13.705	143.42
13.715	141.43
13.725	139.47
13.735	139.67
13.745	140.31
13.755	140.27
13.765	139.63
13.775	139.46
13.785	139.22
13.795	138.58
13.805	137.65
13.815	137.07
13.825	135.72
13.835	133.48
13.845	132.73
13.855	131.59
13.865	130.69
13.875	130.86
13.885	128.91
13.895	129.48
13.905	128.76
13.915	128.96
13.925	128.87
13.935	129.18
13.945	128.22
13.955	128.38
13.965	128.7
13.975	129.01
13.985	128.75
13.995	128.78
14.005	128.39
14.015	127.85
14.025	127.74
14.035	126.95
14.045	125.83
14.055	126.19
14.065	125.96
14.075	125.89
14.085	125.29
14.095	126.07
14.105	125.27
14.115	124.39
14.125	123.3
14.135	122.58
14.145	122.34
14.155	122.29
14.165	123.78
14.175	123.35
14.185	121.65
14.195	121.53
14.205	120.92
14.215	120.22
14.225	117.84
14.235	115.14
14.245	107.13
16.715	160.31
16.725	160.41
16.735	160.65
16.745	159.49
16.755	158.13
16.765	154.5
16.775	157.53
16.785	155.59
16.795	159.8
16.915	230.86
16.925	222.53
16.935	208.83
16.945	200.45
16.955	194.73
16.965	189.79
16.975	182.34
16.985	178.21
16.995	172.48
17.005	167.28
17.015	164.22
17.025	159.03
17.035	161.44
17.045	159.55
17.055	158.99
17.065	156.39
17.075	156.69
17.085	157.43
17.095	157.46
17.105	156.46
17.115	166.03
17.125	168.28
17.135	172.96
17.145	176.62
17.155	178.33
17.165	181.26
17.175	179.84
17.185	179.91
17.195	178.16
17.205	178.24
17.215	174.26
17.225	168.43
17.235	170.72
17.245	172.8
17.255	183.08
17.355	187.95
17.365	182.36
17.375	181.35
17.385	180.87
17.395	180.48
17.405	177.07
17.415	174.05
17.425	169.88
17.435	167.16
17.445	163.93
17.455	162.09
17.465	160.98
17.475	163.19
17.485	164.33
17.495	165.23
17.505	162.85
17.515	160.84
17.525	157.04
17.535	154.65
17.545	148.7
17.555	149.38
17.565	143.53
17.575	140.76
17.585	140.38
17.595	143.27
17.605	145.42
17.615	136.78
17.625	138.78
17.635	137.42
17.645	137.8
17.655	138.88
17.665	138.54
17.675	138.29
17.685	138.3
17.695	138.16
17.705	137.62
17.715	137.74
17.725	139.23
17.735	139.74
17.745	141.09
17.755	142.82
17.765	143.69
17.775	144.37
17.785	143.93
17.795	142.58
17.805	154.69
17.815	154.29
17.825	157.52
17.835	160.56
17.845	165.56
17.855	169.96
17.865	171.59
17.875	173.82
17.885	181.83
17.895	184.2
18.855	198.63
18.865	180.26
18.875	166.7
18.885	165.66
18.895	164.04
19.065	203.37
19.075	193.46
19.085	184.51
19.095	179.62
19.105	179.07
19.115	180.48
19.125	181.14
19.135	183.34
19.145	184.21
19.155	187.13
19.165	189.3
19.175	190.2
19.185	189.79
19.195	187.89
19.205	182.83
19.215	187.51
19.225	188.74
19.375	187.3
19.385	183.75
19.395	182.02
19.405	180.11
19.415	176.58
19.425	171.31
19.435	167.74
19.445	167.15
19.455	159.31
19.465	158.97
19.475	160.52
19.485	158.64
19.495	164.92
19.505	168.15
19.515	164.46
19.525	161.24
19.535	158.85
19.545	156.51
19.555	154.22
19.565	152.01
19.575	150.04
19.585	147.13
19.595	143.9
19.605	145.41
19.615	146.01
19.625	145.45
19.635	144.31
19.645	144.2
19.655	143.43
19.665	143.77
19.675	146.44
19.685	145.49
19.695	138.66
20.755	189.27
20.765	179.21
20.775	169.8
20.785	164.46
20.795	161.58
20.955	226.16
20.965	199.72
20.975	184.43
20.985	173.98
20.995	167
21.005	161.16
21.015	158.53
21.045	156.24
21.055	151.8
21.065	154.3
21.075	155.45
21.085	154.87
21.095	150.73
21.105	147.94
21.115	146.01
21.125	145.6
21.135	147.38
21.145	146.16
21.155	146.74
21.165	145.76
21.175	148.11
21.185	148.88
21.195	147.69
21.205	145.23
21.215	144.86
21.225	144.16
21.235	142.93
21.245	144.39
21.255	145.2
21.265	152.53
21.275	153.51
21.285	155.49
21.295	166.77
21.305	172.96
21.315	175.85
21.325	176.59
21.335	178.54
21.345	181.75
21.355	183.69
21.365	190.77
21.375	200.54
21.385	202.19
21.395	199.96
21.405	197.26
21.415	193.4
21.425	183.73
21.435	173.37
21.445	184.3
21.455	191.23
21.535	220.49
21.545	219.28
21.555	191.87
21.565	183.69
21.575	175.25
21.585	173.41
21.595	169.95
21.605	165.81
21.615	171
21.625	173.84
21.635	157.15
21.645	158.01
21.655	156.57
21.725	170.18
21.735	156.44
21.745	148.3
21.755	144.21
21.765	148.13
21.775	148.16
21.785	148.78
21.795	149.15
21.805	151.71
21.815	155.52
21.825	157.13
21.835	157.79
21.845	160.98
21.855	162.95
21.865	167.13
21.875	171.6
22.335	186.49
22.345	173.67
22.355	167.2
22.365	160.23
22.375	158.55
22.385	152.07
22.395	151.69
22.405	151.73
22.415	153.52
22.425	155.43
22.435	157.95
22.445	157.32
22.455	157.73
22.465	158.46
22.475	160
22.485	162.53
22.495	165.93
22.505	169.65
22.515	171.34
22.525	173.81
22.535	179.18
22.545	182.37
22.555	189.38
22.565	191.82
22.575	195.03
22.585	195.21
22.595	192.92
22.605	192.92
22.615	189.39
22.625	188.97
22.635	184.65
22.645	181.75
22.655	178.28
22.665	173.01
22.675	165.93
22.685	161.64
22.695	177.21
22.765	167.25
22.775	165.14
22.785	163.06
22.795	158.32
22.805	158.29
22.815	158.36
22.825	155.51
22.835	153.45
22.845	148.78
22.855	147.75
22.865	148.77
22.875	145.15
22.885	144.02
22.895	141.89
22.905	138.67
22.915	140.13
22.925	144.02
22.935	143.13
22.945	140.69
23.025	163.02
23.035	161.63
23.045	158.76
23.055	157.31
23.065	155.74
23.075	157.09
23.085	158.88
23.095	160.48
23.105	162.45
23.115	164.15
23.125	162.08
23.135	161.77
23.145	160.86
23.155	161.71
24.265	167.27
24.275	161
24.285	153.94
24.295	148.39
24.305	145.59
24.315	144.27
24.325	142.22
24.335	140.94
24.345	145.07
24.355	147.53
24.365	146.02
24.375	143.12
24.385	141.99
24.395	141.01
24.405	140.49
24.415	140.52
24.425	140.07
24.435	138.87
24.445	138
24.455	137.79
24.465	138.3
24.475	139.49
24.485	140.53
24.495	140.35
24.505	140.08
24.515	138.2
24.525	136.95
24.535	134.7
24.545	137.04
24.555	136.48
24.595	180.71
24.605	167.72
24.615	167.59
24.625	164.02
24.635	163.84
24.645	162.25
24.655	165
24.665	164.57
24.675	163.59
24.685	162.17
24.695	160.32
24.705	157.52
24.715	155.23
24.725	154.97
24.735	152.79
24.745	150.12
24.755	148.74
24.765	148.5
24.775	148.74
24.785	149.41
24.795	149.62
24.805	150.24
24.815	150.38
24.825	151.19
24.835	151.66
24.845	151.95
24.855	153.03
24.865	152.91
24.875	152.14
24.885	151.4
24.895	149.06
24.905	147.97
24.915	145.75
24.925	144.49
24.935	142.73
24.945	141.39
24.955	140.7
24.965	139.67
24.975	138.99
24.985	135.99
24.995	136.68
25.005	134.34
25.015	131.99
25.025	130.08
25.035	130.45
25.045	129.43
25.055	126.34
25.065	126.82
25.075	125.18
25.085	123.08
25.095	122.79
25.815	171.04
25.825	165.22
25.835	159.45
25.845	158.01
25.855	156.81
25.865	157.97
25.875	156.23
25.885	156.73
25.895	155.32
25.905	147.2
25.915	158.21
25.925	163.2
26.095	178.66
26.105	170.92
26.115	161.13
26.125	146.74
26.135	139.24
26.145	137.38
26.155	137.52
26.165	122.51
26.245	143.1
26.255	152.71
26.265	154.39
26.275	153.81
26.285	155.97
26.295	159.78
26.305	160.9
26.315	159.01
26.325	164.87
26.335	169.27
26.345	169.36
26.355	168.07
26.365	165.81
26.375	162.65
26.385	155.65
26.395	154.5
26.405	152.89
26.415	150.77
26.425	147.52
26.435	141.08
26.445	138.92
26.455	136.42
26.465	134.15
26.475	134.86
26.485	136.65
26.495	135.18
26.505	130.58
26.515	139.96
26.525	132.09
26.535	130.26
28.435	163.67
28.445	156.8
28.455	151.6
28.465	148.37
28.475	146.58
28.485	148.51
28.495	146.33
28.505	144.25
28.515	140.96
28.525	137.64
28.535	133.44
28.545	130.41
28.645	229.99
28.655	202.24
28.665	197.79
28.675	193.63
28.685	189.25
28.695	186.39
28.705	186.21
28.715	186.36
28.725	186.67
28.735	183.44
28.745	185.53
28.755	182.82
28.855	180.1
28.865	176.22
28.875	173.66
28.885	171.19
28.895	169.43
28.905	167.5
28.915	166.01
28.925	165.13
28.935	164.53
28.945	163.61
28.955	161.81
28.965	160.14
28.975	158.05
28.985	156.39
28.995	155.93
29.005	158.19
29.015	157.16
29.025	155.63
29.035	152.61
29.045	145.57
29.055	137.55
29.195	193.97
29.205	177.03
29.215	173.43
29.225	159.41
29.235	150.35
29.245	143.82
29.255	141.75
29.265	139.23
29.275	134.4
29.285	131.6
29.295	137.19
29.305	148.06
29.315	151.36
29.325	149.53
29.335	146.34
29.345	144.07
29.355	142.41
29.365	139.81
29.375	132.42
29.385	142.67
29.395	143.21
29.405	143.5
29.415	142.01
29.425	141.24
29.435	140.87
29.445	140.86
29.455	139.47
29.465	139.44
29.475	143.05
29.485	149.09
29.495	148.73
29.505	156.42
29.515	166.69
29.525	171.95
29.535	175.52
29.545	179.17
29.555	183.43
29.565	184.53
29.575	185.36
29.585	185.37
29.595	184.14
29.605	182.26
29.615	178.16
29.625	180.9
29.635	179.68
29.735	181.88
29.745	176.84
29.755	175.93
29.765	163.41
29.775	162.42
29.785	161.1
29.795	157.85
29.805	154.35
29.815	151.94
29.825	146.46
29.835	142.72
29.845	143.49
29.855	146.87
29.865	147.97
29.875	145.12
29.885	144.03
29.895	143.21
29.905	140.98
29.915	140.07
29.925	139.08
29.935	139
29.945	138.41
29.955	141.64
29.965	141.72
29.975	142.6
29.985	141.86
29.995	144.84
30.005	146.51
30.285	198.39
30.295	199.34
30.305	186.04
30.315	184.93
30.325	185.3
30.335	182.49
30.345	181.87
30.355	181.89
30.365	181.41
30.375	182.2
30.385	182.04
30.395	184.04
30.405	182.42
30.415	176.93
30.425	179.46
30.435	183.79
30.445	181.62
30.455	182.7
30.465	182.64
30.475	181.19
30.735	171.91
30.745	158.4
30.755	149.28
30.765	142.95
30.775	140.25
30.785	139.96
30.795	140.57
30.805	137.7
30.815	137.62
30.825	134.7
30.835	134.68
30.845	134.37
30.855	128.52
30.865	129
30.875	129.01
30.885	129.33
30.895	127.45
30.905	127.94
30.915	126.51
30.925	126.7
30.935	125.5
30.945	124.78
30.955	124.13
30.965	124.38
30.975	123.59
31.925	198.58
31.935	174.79
31.945	161.15
31.955	145.15
31.965	145.51
31.975	145.94
31.985	145.26
31.995	145.06
32.005	144.97
32.015	146.04
32.025	147.97
32.035	151
32.045	151.94
32.055	152.09
32.065	152.39
32.075	152.46
32.085	152.54
32.095	153.09
32.105	154.07
32.115	154.79
32.125	155.44
32.135	155.77
32.145	157.2
32.155	158.41
32.165	158.73
32.175	160.21
32.185	160.5
32.195	161.62
32.205	162.3
32.215	163.35
32.225	164.05
32.235	163.65
32.245	162.29
32.255	161.28
32.265	160.89
32.275	159.67
32.285	157.68
32.295	155.93
32.305	154.36
32.315	154.22
32.325	154.07
32.335	155.89
32.345	160.06
32.355	165.13
32.365	171.01
32.375	175.44
32.385	178.23
32.395	177.15
32.405	175.56
32.415	175.78
32.425	177.53
32.435	178.92
32.445	182.51
32.455	185.23
32.465	185.67
32.475	182.82
32.485	180.35
32.495	177.64
32.505	175.03
32.515	167.5
32.525	166.88
32.535	163.82
32.545	163.28
32.555	162.8
32.565	158.06
32.575	154.96
32.585	149.62
32.595	150.36
32.605	150.03
32.615	150.73
32.625	147.02
32.635	146.99
32.645	144.24
32.655	142.21
32.665	139.75
32.675	141.08
32.685	140.05
32.695	136.34
32.705	132.76
32.715	130.24
32.725	120.14
32.735	136.78
32.845	175.3
32.855	166.76
32.865	166.62
32.875	168.25
32.885	171.68
32.895	174.16
32.905	175.92
32.915	175.28
32.925	172.52
32.935	163.26
32.945	161.98
33.085	147.08
33.095	143.74
33.105	139.16
33.115	139.55
33.145	137.44
33.155	138.15
33.165	136.85
33.175	135.39
33.185	134.68
33.195	134.77
33.205	135.52
33.215	133.42
33.485	156.5
33.495	149.52
33.505	142.15
33.515	139.93
33.525	136.76
33.535	134.42
33.545	132.64
33.555	133.3
33.565	134.15
33.575	123.08
33.585	130.85
33.595	132.59
33.605	129.09
33.615	130.5
33.625	131.39
33.815	194
33.825	186.1
33.835	169.98
33.845	167.67
33.855	160.65
33.865	153.77
34.055	141.41
34.065	137.29
34.075	136.19
34.085	131.95
34.095	129.73
34.105	129.08
35.325	218.72
35.335	201.29
35.345	183.61
35.355	163.9
35.365	153
35.375	147.06
35.385	145.16
35.395	143.22
35.405	141.34
35.415	139.88
35.425	138.69
35.435	137.89
35.445	136.42
35.455	134.89
35.465	134.18
35.475	135.23
35.485	135.21
35.495	133.98
35.505	133.05
35.515	132.92
35.525	132.19
35.535	131.63
35.545	131.64
35.555	130.88
35.565	130.58
35.575	130.01
35.585	129.93
35.595	130.14
35.605	129.48
35.615	129.37
35.625	129.36
35.635	129.53
35.645	129.12
35.655	128.86
35.665	128.09
35.675	127.94
35.685	127.6
35.695	126.71
35.705	127.08
35.715	126.37
35.725	125.79
35.735	125.93
35.745	125.44
35.755	125.14
35.765	125
35.775	123.85
35.785	123.96
35.795	124.48
35.805	124.02
35.815	124.44
35.825	124.6
35.835	124.1
35.845	124.36
35.855	124.32
35.865	123.77
35.875	123.43
35.885	123.29
35.895	123.37
35.905	123.86
35.915	123.02
35.925	123.74
35.935	123.42
35.945	122.6
35.955	122.08
35.965	121.67
35.975	120.84
35.985	120.59
35.995	120.93
38.485	220.16
38.495	205.5
38.505	196.21
38.515	178.79
38.525	168.19
38.535	162.8
38.545	159.13
38.555	156.09
38.565	153.7
38.575	152.07
38.585	149.76
38.595	148.98
38.605	155.41
38.615	153.91
38.625	155.79
38.635	157.96
38.645	153.19
38.655	147.53
38.665	146.08
38.675	143.96
38.685	140.39
38.695	138
38.705	127.08
38.805	169.51
38.815	166.15
38.825	164.85
38.835	163.01
38.845	162.62
38.855	161.6
38.865	159.4
38.875	157.48
38.885	155.88
38.895	156.38
38.905	156.88
38.915	156.44
38.925	154.81
38.935	151.84
38.945	150.74
38.955	148.68
38.965	145.06
38.975	140.51
38.985	135.58
38.995	133.21
39.005	134.51
39.015	134.27
39.025	135.35
39.035	137.42
39.045	142.63
39.055	147.45
39.065	149.02
39.075	150.7
39.085	147.47
39.095	147.16
39.105	148.13
39.115	145.77
39.125	144.7
39.135	144.45
39.145	142.5
39.155	141.44
39.165	140.42
39.175	137.79
39.185	133.28
39.195	137.04
39.205	141.32
39.215	141.81
39.225	138.18
39.235	142.25
39.245	145.84
39.255	142.2
39.265	137.08
39.275	134.57
39.285	129.21
39.295	121.1
39.305	121.16
39.445	152.07
39.455	145.88
39.465	143.62
39.475	142.79
39.485	142.84
39.495	143.08
39.505	143.36
39.515	148.43
39.525	153.89
39.535	165.54
39.545	171.71
39.555	183.95
39.565	192.49
39.575	201.22
39.585	203.45
39.595	202.81
39.605	205.35
39.615	206.39
39.625	204.52
39.635	201.31
39.645	197.43
39.655	191.97
39.665	181.47
39.675	178.28
39.685	162.97
39.725	141.86
39.735	141.18
39.745	138.43
39.755	134.67
39.765	133.48
39.775	132.52
39.785	132.87
39.795	133.63
39.805	134.47
39.815	135.65
39.825	137.6
39.835	139.71
39.845	140.52
39.855	142.23
39.865	143.34
39.875	147.51
39.885	146.34
39.895	148.73
39.905	148.64
39.915	144.28
39.925	141.36
39.935	137.27
39.945	148.82
39.955	145.16
39.965	144.71
39.975	143.84
39.985	139.38
39.995	138.99
40.005	164.39
40.015	160.96
40.025	152.63
40.035	150.41
40.045	149.1
40.055	148.37
40.065	147.33
40.075	147.01
40.085	145.75
40.095	145.16
40.105	144.56
40.115	142.47
40.125	144.25
40.135	143.62
40.145	144.35
40.155	144.54
40.165	142.77
40.175	151.36
40.355	163.87
40.365	162.47
40.375	162.72
40.385	164.26
40.395	166.88
40.405	168.01
40.415	164.08
40.425	159.86
40.435	151.94
40.535	154.59
40.545	150.42
40.555	138.75
40.565	142.61
40.575	142.56
40.585	140.51
40.595	140.88
40.605	140.2
40.615	142.05
40.625	143.49
40.635	149.6
40.645	151.72
40.655	153.07
40.665	154.68
40.675	155.89
40.685	158.51
40.695	158.61
40.705	155.77
40.715	157.06
40.725	155.28
40.735	152.97
40.745	152.29
40.755	151.43
40.765	153.44
40.775	147.51
40.785	148.62
40.795	150.53
40.805	150.4
40.815	151.17
40.825	152.82
40.835	155.57
40.845	156.38
40.855	156.78
40.865	155.97
40.875	155.4
40.885	154.06
40.895	150.45
40.905	147.53
40.915	144.58
40.925	142.44
40.935	139.84
40.945	137.55
40.955	136.74
40.965	135.77
40.975	134.38
40.985	138.81
40.995	138.84
41.855	193.05
41.865	195.17
41.875	168.25
41.885	170.1
41.895	178.02
41.905	179.33
41.915	180.11
41.925	180.62
41.935	179.32
41.945	178.2
41.955	175.05
41.965	170.35
41.975	167.9
41.985	165.38
41.995	160.13
42.005	152.81
42.015	143.64
42.025	139.57
42.035	136.55
42.045	137.2
42.055	133.11
42.065	131.12
42.075	127.37
42.085	130
42.095	129.08
42.105	128.65
42.115	129.36
42.125	129.41
42.135	129.46
42.145	127.54
42.155	125.91
42.165	123.04
42.175	122.27
42.185	121.73
42.195	119.15
42.205	118.26
42.215	116.62
42.445	147.63
42.455	138.08
42.465	139.05
42.475	136.61
42.485	135.52
42.495	136.75
42.505	136.26
42.515	136.93
42.525	134.73
42.535	134.66
42.545	133.97
42.555	133.11
42.565	134.01
42.575	133.57
42.585	135.04
42.805	154.82
42.815	146.05
42.825	139.73
42.835	133.83
42.845	139.25
42.855	136.52
42.865	137.85
42.875	136.24
42.885	134.44
42.895	133.23
42.905	132.47
42.915	131.32
42.925	129.23
42.935	131.26
42.945	129.66
42.955	129.58
42.985	135.76
42.995	134.5
43.005	133.21
43.015	134.09
43.025	135.84
43.035	138.39
43.045	140.18
43.055	141.13
43.065	142.55
43.075	145.25
43.085	148.46
43.095	150.43
43.105	152.42
43.115	157.6
43.125	162.94
43.135	164.83
43.145	168.15
43.155	171.26
43.165	170.74
43.175	168.92
43.185	163.45
43.315	181.26
43.325	169.19
43.335	166.17
43.345	150.95
43.355	150.06
43.365	148.22
43.375	147.58
43.385	148.56
43.395	149.86
43.405	147.83
43.415	145.96
43.425	144.65
43.435	143.49
43.445	141.42
43.455	144.55
43.465	146.64
43.475	142.73
43.485	140.66
43.495	139.58
43.505	137.68
43.515	133.67
43.525	130.77
43.535	121.81
43.545	121.46
43.685	166.55
43.695	159.27
43.705	152.32
43.715	150.69
43.725	150.6
43.735	150.86
43.745	149.8
43.755	150.96
43.765	152.41
43.775	153.53
43.785	153.84
43.795	155.01
43.805	155.35
43.815	155.06
43.825	153.51
43.845	153.01
43.855	154.11
43.865	153.91
43.965	154.81
43.975	149.02
43.985	147.08
43.995	144.84
44.005	143.9
44.015	143.08
44.025	140.83
44.035	136.57
44.045	132.89
44.055	144.78
44.065	141.67
44.075	135.74
44.125	154.84
44.135	142.38
44.145	135.69
44.155	132.84
44.165	131.23
44.175	129.81
44.185	129.69
44.195	129.24
44.205	127.33
44.215	126.46
44.225	127.75
45.075	158.93
45.085	153.27
45.095	151.87
45.105	148.62
45.115	146.79
45.125	145.31
45.135	144.55
45.145	144.91
45.155	145.21
45.165	143.71
45.175	142.01
45.185	141.8
45.195	140.69
45.205	139.17
45.215	139.01
45.225	138.46
45.235	137.63
45.245	138.18
45.255	136.4
45.265	136.66
45.275	135.49
45.285	134.01
45.295	132.8
45.305	131.38
45.315	130.15
45.325	131.03
45.335	129.87
45.345	130.65
45.355	129.14
45.365	128.61
45.375	126.64
45.385	125.75
45.395	124.96
45.405	125.96
45.415	124.71
45.425	124.19
45.435	123.42
45.445	122.05
45.455	122.2
45.465	121.58
45.475	122.13
45.485	122.41
45.495	120.52
45.505	120.6
45.515	119.9
45.525	120.23
45.535	119.93
45.545	119.25
45.555	118.79
45.565	118.94
45.575	118.37
45.585	119.76
45.595	118.95
45.605	120.28
45.615	118.68
45.625	117.71
46.905	152.95
46.935	143.69
46.945	141.78
46.955	140.52
46.995	135.1
47.005	136.73
47.015	136.16
47.025	142.88
47.075	178.05
47.085	165.17
47.095	165.86
47.105	166.4
47.115	167.12
47.125	168.99
47.135	171.81
47.145	173.48
47.155	173.64
47.165	172.51
47.175	170.33
47.185	165.19
47.195	161.99
47.205	159.69
47.215	153.19
47.225	149.02
47.235	144.57
47.245	142.48
47.255	137.5
47.265	133.3
47.275	123.81
47.285	123.93
47.295	131.49
47.305	140.07
47.435	152.39
47.445	143.01
47.455	135.02
47.465	133.36
47.475	131
47.485	133.32
47.495	135.47
47.505	139.64
47.515	132.33
47.555	203.41
47.565	190.77
47.575	171.16
47.585	156.5
47.595	154.76
47.605	149.41
47.615	146.27
47.625	144.53
47.635	144.66
47.645	145.79
47.655	146.48
47.665	146.77
47.675	146.7
47.685	144.63
47.695	145.31
47.705	147.86
47.715	146.03
47.815	151.08
47.825	148.18
47.835	150.36
47.845	152.2
47.855	154.42
47.865	152.51
47.875	175.39
47.885	154.93
47.895	152.75
47.905	153.18
47.915	152.05
47.925	150.14
47.935	149.89
47.945	149.12
47.955	149.66
47.965	151.6
47.975	154
47.985	154.51
47.995	161.44
48.005	165.67
48.015	168.61
48.025	171.58
48.035	165.47
48.045	161.96
48.055	165.46
48.065	171.68
48.075	152.97
48.115	193.26
48.125	177.62
48.135	175.84
48.155	136.21
48.165	133.36
48.175	131.11
48.185	129.04
48.195	124.38
48.205	128.62
48.215	126.08
48.225	121.8
48.235	121.03
48.245	120.33
48.255	128.82
48.265	139.41
48.275	127.02
48.285	127.29
48.295	127.54
48.305	130.07
48.315	131.99
48.325	133.51
48.335	134.93
48.345	136.7
48.355	137.3
48.365	137.98
48.375	136.13
48.385	135.39
48.395	133.14
48.405	128.49
48.415	122.29
48.425	120.77
48.435	123.48
48.445	119.62
48.455	121.14
48.465	124.93
48.475	134.46
48.485	141.4
48.495	145.58
48.505	148.64
48.515	152.2
48.525	154.85
48.535	155.43
48.565	150.34
48.575	147.89
48.585	144.73
48.595	141.26
48.605	139.67
48.615	130.53
48.625	141.87
48.635	142.31
48.645	141.04
48.655	144.48
49.875	179.82
49.885	171.52
49.895	162.16
49.945	148.07
49.955	144.74
49.965	140.97
49.975	132.61
49.985	130.39
49.995	130.65
50.005	130.88
50.015	132.54
50.025	136.13
50.035	140.91
50.045	142.54
50.055	142.17
50.065	143.32
50.075	135.06
50.085	142.8
50.095	142.08
50.105	141.58
50.115	140.69
50.125	141.21
50.135	145.88
50.145	144.13
50.155	143.03
50.165	141.63
50.175	137.99
50.265	188.4
50.275	185.91
50.285	163.78
50.295	161.08
50.305	159.22
50.315	156.36
50.325	153.25
50.335	150.79
50.345	149.56
50.355	147.36
50.365	145.75
50.375	142.29
50.385	142.99
50.395	140.48
50.405	142.58
50.415	143.47
50.425	143.4
50.435	142.59
50.445	140.92
50.455	141.07
50.465	141.04
50.475	141.33
50.485	138.9
50.495	138.46
50.505	137.97
50.515	137.25
50.525	136.61
50.535	135.14
50.545	134.99
50.555	132.06
50.565	136.26
50.605	148.67
50.615	158.95
50.625	167.06
50.635	168.8
50.645	171.81
50.655	174.95
50.665	175.08
50.675	175.98
50.685	175.84
50.695	174.78
50.705	172.8
50.715	174.99
50.725	166.53
50.735	162.72
50.865	163.58
50.875	160.94
50.885	155.38
50.895	151.28
50.905	151.05
50.915	150.9
50.925	151.23
50.935	152.54
50.945	150.04
50.955	150.16
50.965	149.79
50.975	149.49
50.985	146.02
50.995	145.74
51.005	139.92
51.015	132.57
51.025	135.87
51.035	139.29
51.165	162.63
51.175	148.65
51.185	140.86
51.195	139.51
51.205	140.55
51.215	141.43
51.225	143.32
51.235	147.87
51.245	152.85
51.255	156.33
51.265	168.69
51.275	170.05
51.285	177.18
51.295	183.2
51.305	183.9
51.315	183.28
51.325	180.81
51.335	177.83
51.345	171.44
51.355	163.05
51.365	159.18
51.375	144.55
51.385	139.06
51.395	136.81
51.405	136.19
51.415	138.19
51.425	137.16
51.435	132.15
51.445	129.49
51.455	127.49
51.465	126.04
51.475	124.85
51.485	124.95
51.495	124.43
51.505	125.37
51.515	125.68
51.525	127.9
51.535	128.43
51.545	128.24
51.555	127.72
51.565	124.99
51.575	129.78
51.585	132.76
51.595	133.15
51.605	134.27
51.615	135.43
51.625	135.81
51.635	136.33
51.645	136.79
51.655	135.45
53.825	171.9
53.835	145.62
53.845	142.4
53.855	142.89
53.865	140.94
53.875	144.88
53.885	150.01
53.895	159.28
53.905	164.26
53.915	163.72
53.925	164.91
53.935	167.33
53.945	170.99
53.955	176.9
53.965	185.86
53.975	191.47
53.985	198.29
53.995	201.8
54.005	202.71
54.015	205.23
54.025	204.15
54.035	201.59
54.045	200.28
54.055	193.84
54.065	185.62
54.075	184.81
54.085	178.89
54.095	177.46
54.105	174.69
54.115	173.37
54.125	170.7
54.135	167.81
54.145	163.16
54.155	160.71
54.165	159.43
54.175	159.08
54.185	159.85
54.195	160.7
54.205	162.77
54.215	164.28
54.225	167.44
54.235	170.96
54.245	173.52
54.255	178.61
54.265	183.79
54.275	184.96
54.285	184.66
54.295	183.51
54.305	183.08
54.315	180.23
54.325	180.14
54.335	182.56
54.345	182.37
54.355	172.62
54.485	183.42
54.495	162.04
54.505	152.69
54.515	144.66
54.525	143.22
54.535	140.44
54.545	139.38
54.555	140.25
54.565	140.39
54.575	139.42
54.585	137.67
54.595	135.72
54.605	135.31
54.615	134.46
54.625	134.14
54.635	134.37
54.645	134.75
54.655	133.88
54.665	133.31
54.675	133.65
54.685	133.14
54.695	132.79
54.705	131.29
54.715	131.49
54.725	131.28
54.735	131.41
54.745	131.4
54.755	130.97
54.765	130.46
54.775	130.82
54.785	130.97
56.715	207.18
56.725	174.74
56.735	166.23
56.745	161.05
56.755	156.04
56.765	154.03
56.775	152.63
56.785	154.25
56.795	159.28
56.805	157.46
56.815	160.99
56.825	166.24
56.835	174.29
56.845	177.6
56.855	180.6
56.865	183.3
56.875	185.07
56.885	184.9
56.895	183.75
56.905	181.53
56.915	174.53
56.925	168.86
56.935	167.65
56.945	170.84
57.065	183.51
57.075	176.13
57.085	173.88
57.095	173.32
57.105	172.17
57.115	171.36
57.125	169.01
57.135	167.46
57.145	164.93
57.155	162.25
57.165	159.13
57.175	154.9
57.185	154.88
57.195	152.37
57.205	150.42
57.215	144.04
57.225	142.03
57.235	140.5
57.245	135.31
57.255	131.51
57.265	148.55
57.275	155.71
57.285	159.53
57.295	161.54
57.305	162.52
57.315	163.61
57.325	165.68
57.335	167.27
57.345	167.6
57.355	167.99
57.365	166.11
57.375	163.1
57.385	159.84
57.395	154.45
57.405	156.49
57.415	152.97
57.425	152.67
57.435	158.14
57.445	158.31
57.455	158.53
57.465	156.1
57.475	151.9
57.485	145.28
57.495	139.46
57.605	186.34
57.615	176.55
57.625	165.13
57.635	166.51
57.645	166.7
57.655	170.29
57.665	172.36
57.675	170.97
57.685	171.6
57.695	171.84
57.705	170.77
57.715	169.22
57.725	168.11
57.735	168.69
57.745	161.31
57.755	158.36
57.765	157.62
57.775	157.86
57.785	156.45
57.795	157.74
57.805	156.22
57.815	153.02
57.825	154.87
57.835	153.92
57.845	153.08
57.855	153.57
57.865	154.84
57.875	157.12
57.885	161.89
57.895	168.84
57.905	178.47
57.915	184.77
57.925	194.87
57.935	202.61
57.945	202.62
57.955	198.2
57.965	191.6
57.975	178.6
57.985	172.73
57.995	166.44
58.005	160.77
58.015	155.17
58.025	147.63
58.035	138.37
58.045	132.87
58.055	128.75
58.065	127.34
58.075	124.67
58.085	123.59
58.095	123.34
58.105	122.18
58.115	121.45
58.125	121.56
58.135	121.37
58.145	121.27
58.155	122.02
58.165	121.36
58.175	120.7
58.185	120.99
58.195	122.19
58.205	122.27
58.215	121.62
59.195	174.89
59.205	157.29
59.215	146.15
59.225	134.69
59.235	135.79
59.285	186.62
59.295	175.72
59.305	174.29
59.315	171.61
59.325	168.46
59.335	166.68
59.345	165.32
59.355	164.98
59.365	161.82
59.375	158.67
59.385	154.57
59.455	175.86
59.465	178.52
59.475	179.75
59.485	178.76
59.495	173.91
59.505	172.46
59.515	171.79
59.525	167.98
59.535	165.67
59.545	162.84
59.555	159.03
59.565	158.1
59.575	158.39
59.585	156
59.595	160.12
59.605	153.65
59.615	161.69
59.625	163.63
59.635	165.92
59.645	153.25
59.655	149.12
59.665	151.51
59.675	148.06
59.685	147.7
59.695	146.82
59.705	145.8
59.715	144.37
59.725	144.2
59.735	143.81
59.745	145.67
59.755	147.73
59.765	149.73
59.775	148.09
59.785	147.62
59.795	148.56
59.805	150.75
59.815	153.68
59.825	157.28
59.835	158.12
59.845	161.96
59.855	165.02
59.865	165.97
59.875	166.66
59.885	161.15
59.895	158.34
59.905	149.36
59.915	141.15
60.115	209.55
60.125	192.46
60.135	186.7
60.145	179.53
60.155	175.43
60.165	180.29
60.175	171.6
60.185	176.49
60.195	183.64
60.205	192.51
60.215	203.88
60.225	208.64
60.235	198.73
60.245	196.13
60.255	196.16
60.265	194.41
60.275	194.35
60.285	188.69
60.295	174.71
60.305	173.14
60.315	166.26
60.325	158.68
60.335	180.63
60.345	185.61
60.355	197.55
61.435	189.5
61.445	180.6
61.455	170.38
61.465	154.81
61.475	145.47
61.485	141.2
61.495	137.43
61.505	141.12
61.515	140.32
61.525	141.5
61.635	186.22
61.645	173.04
61.655	162.79
61.665	156.64
61.675	153.37
61.685	152.43
61.695	153.16
61.705	154.4
61.715	155.82
61.725	157.57
61.735	160.2
61.745	161.63
61.755	162.31
61.765	162.63
61.775	161.16
61.785	159.49
61.795	161.74
61.805	158.33
61.815	158.72
61.825	161.04
61.925	167.02
61.935	162.53
61.945	159.12
61.955	155.22
61.965	153.46
61.975	149.79
61.985	149.93
61.995	146.17
62.005	142.66
62.015	143.73
62.025	144.66
62.035	146.31
62.045	146.73
62.055	146.82
62.065	145.75
62.075	143
62.085	139.62
62.095	135.51
62.105	131.76
62.115	129.18
62.125	125.13
62.135	126.79
62.145	124.72
62.155	126.4
62.165	126.11
62.175	133.09
62.185	129.85
62.195	126.09
63.215	155.22
63.225	145.77
63.235	146.18
63.245	146.72
63.255	145.45
63.265	143.67
63.275	143.89
63.285	143.8
63.295	142.46
63.305	140.18
63.315	138.27
63.325	137.21
63.335	135.05
63.345	135.85
63.355	135.33
63.365	133.98
63.375	132.13
63.385	130.6
63.395	130.94
63.405	130.59
63.415	130.44
63.425	129.25
63.435	129.34
63.445	128.72
63.455	128.48
63.465	127.94
63.475	128.85
63.485	128.75
63.495	128.28
63.505	127.29
63.515	126.9
63.525	125.87
63.535	126.31
63.545	126.46
63.555	126.75
63.565	125.95
63.575	125.73
63.585	125.64
63.595	125.08
63.605	124.89
63.615	124.7
63.625	124.37
63.635	124.29
63.645	123.83
63.655	124.18
63.665	124.11
63.675	122.38
63.685	122.33
63.695	122.08
63.705	121.5
63.715	120.94
63.725	121.64
63.735	122.73
63.745	122.71
63.755	122.57
63.765	121.37
63.775	120.54
63.785	121.69
67.355	192.54
67.365	191.31
67.375	183.82
67.385	171.26
67.395	172.24
67.405	170.32
67.415	169.01
67.425	167.96
67.435	169.16
67.445	169.08
67.455	172.63
67.465	174.16
67.475	174.76
67.485	170.2
67.495	168.98
67.505	167.35
67.515	163.41
67.525	156.55
67.535	150.72
67.545	149.09
67.555	148.28
67.565	149.22
67.575	149.36
67.585	148.96
67.595	149.33
67.605	150.99
67.615	154.47
67.625	158.3
67.635	160.26
67.645	161.52
67.655	162.18
67.665	161.25
67.675	149.16
67.685	151.9
67.695	147.61
67.705	146.66
67.715	150.52
67.725	155.28
67.735	159.42
67.745	165.08
67.755	167.58
67.765	170.98
67.775	172.33
67.785	172.4
67.795	170.33
67.805	169.77
67.815	166.84
67.825	165.98
67.835	154.07
67.845	147.9
67.855	143.75
67.865	139.78
67.875	136.9
67.885	136.77
67.895	151.64
67.905	133.04
67.915	135.19
67.925	135.15
67.935	134.21
67.945	133.19
67.955	131.57
67.965	130.38
67.975	136.98
67.985	139.79
67.995	137.71
68.005	134.71
68.015	130.09
68.025	129.62
68.185	172.62
68.195	163.94
68.205	161.5
68.215	155.99
68.225	155.43
68.235	151.32
68.245	148.38
68.255	145.65
68.265	138.73
68.275	133.27
68.285	128.93
68.295	123.76
69.125	156.19
69.135	146.6
69.145	140.64
69.155	139.07
69.165	136.06
69.175	136.17
69.185	132.05
69.195	135.23
69.205	134.21
69.215	135.52
69.225	130.47
69.235	130.2
69.245	130.14
69.255	130.98
69.265	133.2
69.275	134.52
69.285	138.74
69.295	142.85
69.305	145.68
69.315	149.33
69.325	148.95
69.335	153.67
69.345	158.08
69.355	158.67
69.365	158.23
69.375	155.85
69.385	155.92
69.395	155.7
69.405	157.3
69.415	157.48
69.425	157.6
69.435	159.2
69.445	159.11
69.455	159.08
69.465	158.77
69.475	157.3
69.485	154.84
69.495	153.6
69.505	150.74
69.515	149.53
69.525	147.51
69.535	145.71
69.545	144.3
69.555	142.18
69.565	141.01
69.575	139.75
69.585	139.06
69.595	137.7
69.605	135.01
69.615	133.21
69.625	132.72
69.635	132.69
69.645	129.94
69.655	129.21
69.665	128.37
69.675	126.81
69.685	126.19
69.695	125.67
69.705	124.91
69.715	124.26
69.725	124.11
69.735	124.12
69.745	123.33
69.755	119.73
69.765	124.66
69.775	125.84
69.785	125.19
69.795	123.52
70.035	145.33
70.045	139.64
70.055	136.85
70.065	135.1
70.075	131
70.085	134.01
70.205	201.2
70.215	188.01
70.225	169.25
70.235	163
70.245	160.82
70.255	160.01
70.265	159.02
70.275	159.08
70.285	158.76
70.295	157.78
70.305	156.97
70.315	146.57
70.325	160.24
70.415	177.02
70.425	167.91
70.435	159.61
70.445	153.3
70.455	149.92
70.465	146.87
70.475	147.83
70.565	156.33
70.575	147.08
70.585	141.9
70.595	137.11
70.605	139.16
70.615	137.91
70.625	137.51
70.635	136.64
70.645	136.01
70.655	135.48
70.665	136.22
70.735	199.12
70.745	196.51
70.755	153.71
70.765	149
70.775	148.2
70.785	147.26
70.795	145.43
70.805	146.31
70.815	146
70.825	144.75
70.835	143.76
70.845	143.86
70.855	144.14
70.865	145.1
70.875	144.38
70.885	144.22
70.895	144.94
71.965	191.31
71.975	170.72
71.985	164.17
71.995	161.22
72.005	153.06
72.015	149.16
72.025	144.26
72.035	147.31
72.045	137.44
72.055	132.13
72.065	132.06
72.075	130.31
72.085	134.38
72.095	134.79
72.105	143.28
72.115	141.47
72.125	140.22
72.135	137.9
72.145	137.37
72.155	135.62
72.165	134.52
72.175	138.12
72.185	139.68
72.195	140.93
72.215	145.29
72.225	162.21
72.235	162.38
72.245	163.07
72.255	161.52
72.265	161.84
72.275	162.69
72.285	163.43
72.295	164.4
72.305	167.05
72.315	169.66
72.325	170.36
72.335	170.47
72.345	170.93
72.355	174.04
72.365	175.41
72.375	175.94
72.385	174.8
72.395	173.15
72.405	172.42
72.415	175
72.425	171.21
72.435	169.48
72.445	169.36
72.645	170.86
72.655	163.55
72.665	147.7
72.675	138.92
72.685	136.79
72.695	135.25
72.705	138.35
72.715	135.86
72.725	129.31
72.735	130.73
72.745	129.28
72.755	129.12
72.765	128.16
72.775	127.97
72.785	128.16
72.795	127.56
72.805	126.89
72.815	126.65
72.825	126.05
72.835	125.9
72.845	125.33
72.855	124.38
72.865	123.1
72.875	123.21
72.885	122.54
72.895	123.66
72.905	124.5
72.915	125.44
72.925	125.23
72.935	125.49
72.945	124.92
72.955	123.17
72.965	122.56
72.975	122.75
72.985	121.96
72.995	122.56
73.005	122.22
73.015	122.28
73.025	122.41
73.035	122.95
73.045	119.56
73.055	119.14
74.815	209.94
74.825	188.38
74.835	184.73
74.845	181.15
74.855	179.22
74.865	177.47
74.875	175.55
74.885	170.1
74.895	169.37
74.905	168.74
74.915	161.29
74.925	157.01
74.935	153.79
74.945	152.84
74.955	147.86
74.965	142.31
74.975	137.24
74.985	140.39
74.995	139.16
75.005	135.06
75.015	141.02
75.025	139.91
75.035	146.77
75.045	154.39
75.055	150.43
75.065	141.4
75.075	138.85
75.085	136.48
75.095	135.13
75.105	134.96
75.115	133.3
75.125	134.35
75.135	136.11
75.145	136.23
75.155	136.88
75.165	137.55
75.175	138.38
75.185	136.53
75.195	135.98
75.205	135.43
75.215	140.74
75.225	138.41
75.235	137.59
75.245	134.13
75.255	132.32
75.265	131.32
75.275	130.57
75.285	129.25
75.295	128.62
75.305	127.8
75.315	127
75.325	126.28
75.335	126.02
75.345	126.07
75.355	126.46
75.365	127.06
75.375	126.22
75.385	127.23
75.395	127.25
75.405	126.25
75.415	125.57
75.425	119.9
75.435	122.95
75.445	124.83
75.455	125.44
75.505	135.95
75.515	142.52
75.855	171.25
75.865	153.6
75.875	152.9
75.885	150.4
75.895	150.87
75.905	152.93
75.915	153.01
75.925	154.4
75.935	155.79
75.945	156.54
75.955	155.33
75.965	154.36
75.975	165.9
75.985	169.46
75.995	168.05
76.005	158.83
76.015	153.21
76.025	148.29
76.035	142.67
76.045	155.26
76.055	157.28
76.065	143.84
76.075	152.63
76.165	140.61
76.175	139.06
76.185	138.81
76.195	139.1
76.205	140.92
76.215	142.89
76.225	144.59
76.235	141.07
76.245	141.67
76.255	141.57
76.265	143.32
76.275	143.68
76.285	144.79
76.965	166.5
76.975	148.28
76.985	140.07
76.995	128.52
77.005	124.3
77.015	125.78
77.025	126.52
77.035	124.08
77.045	124.98
77.055	130.4
77.065	138.36
77.075	142.79
77.085	145.99
77.095	146.41
77.105	145.53
77.115	148.44
77.125	151.31
77.135	151.64
77.145	153.64
77.155	153.06
77.165	157.61
77.175	158.85
77.185	157.93
77.195	155.59
77.205	154.3
77.215	155.2
77.225	152.24
77.235	150.47
77.245	147.68
77.255	144.83
77.265	140.12
77.275	137.22
77.285	135.37
77.295	132.7
77.305	132.05
77.315	136.15
77.325	136.95
77.335	138.35
78.535	106.06
78.545	113.43
78.555	118.22
78.565	120.26
78.575	104.14
79.185	175.99
79.195	161.73
79.205	160.81
79.215	157.39
79.225	151.45
79.235	149.33
79.245	145.97
79.255	144.15
79.265	142.35
79.275	140.89
79.285	139.94
79.295	139.86
79.305	138.99
79.315	135.18
79.325	135.53
79.335	135.97
79.345	135.69
79.355	135.97
79.365	131.96
79.375	130.67
79.385	129.36
79.395	128.82
79.405	128.51
79.415	128.77
79.425	126.89
79.435	127.32
79.445	127.08
79.455	126.62
79.465	126.67
79.475	127.21
79.485	126.07
79.495	124.83
79.505	123.9
79.515	123.74
79.525	123.71
79.535	124.19
79.545	124.64
79.555	124.36
79.565	124.04
79.575	123.54
79.585	123.97
79.595	121.49
79.605	120.37
79.615	121.17
79.625	122.14
79.635	121.94
79.645	121.77
79.655	121.36
79.665	121.3
79.675	120.49
79.685	120.52
79.695	120.79
79.705	120.26
79.715	119.98
79.725	119.54
79.735	119.14
79.745	118.33
79.755	118.13
79.765	116.79
79.775	117.18
79.785	117.11
79.795	116.14
79.805	115.72
79.815	115.28
79.825	115.94
79.835	113.06
79.845	114.63
79.855	115.37
79.865	113.82
79.875	116.58
85.385	164.87
85.395	162.93
85.405	151.11
85.465	173.35
85.475	175.95
85.485	173.89
85.495	170.03
85.505	159.72
85.515	158.23
85.525	175.35
85.535	173.85
85.545	170.07
85.555	157.76
85.565	165.88
85.615	193.15
85.625	192.81
85.635	182.32
85.645	180.25
85.655	179.33
85.665	179.05
85.675	177.52
85.685	176.85
85.695	173.31
85.705	175.65
85.715	175.14
85.725	173.26
85.735	170.77
85.745	172.25
85.755	166.81
85.765	162.58
85.775	160.78
85.785	156.31
85.795	152.76
85.805	150.16
85.815	149.22
85.825	148.17
85.835	149.97
85.845	150.64
85.855	150.81
85.865	150.38
85.875	150.31
85.885	151.01
85.895	151.7
85.905	150.37
85.925	147.38
85.935	148.55
85.945	152.36
85.955	153.07
85.965	156.34
85.975	157.93
85.985	159.41
85.995	161.48
86.005	163.98
86.015	165.23
86.025	165.74
86.035	165.68
86.045	164.53
86.055	164.25
86.065	157.35
86.315	155.01
86.325	169.63
86.335	168.36
86.345	164.7
86.355	160.64
86.365	156.19
86.375	154.47
86.385	142.67
86.395	150.57
86.405	161.65
86.415	156.64
86.425	152.63
86.435	168.54
86.445	173.37
86.455	157.35
86.465	157.28
86.475	152.05
86.485	147.21
86.495	143.85
86.505	136.16
86.515	139.63
86.525	141.1
86.535	140.09
86.545	138.93
86.555	142.02
86.565	143.33
86.575	143.51
86.585	141.17
86.595	140.66
86.605	139.59
86.615	138.99
86.625	139.64
86.635	143.25
86.645	145.55
86.655	151.42
86.665	155.42
86.675	156.79
86.685	156.58
86.695	156.18
86.705	157.26
86.715	160.03
86.725	162.42
86.735	163.94
86.745	165.33
86.755	165.96
86.765	165.88
86.775	165.84
86.785	164.13
86.795	162.65
86.805	157.71
86.815	157.09
86.825	162.44
86.835	162.51
86.945	166.17
86.955	162.64
86.965	157.95
86.975	157.19
86.985	160.57
86.995	160.21
87.005	159.11
87.015	156.22
87.025	161.36
87.035	148
87.045	147.08
87.105	166.19
87.115	152.34
87.125	146.96
87.135	141.31
87.145	137.37
87.155	136.02
87.165	136.32
87.175	137.54
87.185	138.3
87.195	139.42
87.205	141.1
87.215	140.5
87.225	139.92
87.235	140.33
87.245	138.72
87.255	140.51
87.265	138.54
88.235	271.07
88.245	233.71
88.255	213.37
88.265	207.22
88.275	204.61
88.285	205.38
88.295	205.13
88.305	202.98
88.315	200.51
88.325	194.04
88.335	184.1
88.345	183.64
88.355	179.88
88.365	176.23
88.375	165.49
88.385	158.23
88.395	152.99
88.405	146.86
88.415	142.53
88.425	136.32
88.435	135.17
88.445	135.02
88.455	137.92
88.465	141.14
88.475	147.29
88.485	150.51
88.495	149.84
88.505	149
88.515	147.41
88.525	149.77
88.535	151.85
88.545	145.92
88.555	144.18
88.565	145.51
88.575	140.97
88.585	140.59
88.595	138.48
88.605	136.52
88.615	133.39
88.625	134.89
88.635	131.5
88.645	130.99
88.655	127.35
88.665	127.7
88.675	130.18
88.685	134.93
88.695	136.06
88.705	138.35
88.715	138.56
89.115	175.66
89.125	173.48
89.135	165.12
89.145	157.67
89.155	155.69
89.165	140.76
89.175	135.27
89.275	188.8
89.285	182.03
89.295	183.92
89.305	184.21
89.315	187.58
89.325	185.89
89.335	187.39
89.345	190.7
89.355	195.47
89.365	196.99
89.375	194.9
89.385	192.2
89.395	188.3
89.405	182.2
89.415	179.33
89.425	177.08
89.435	172.44
89.445	160.53
89.455	155.17
89.465	146.73
89.475	145.28
89.485	135.02
89.495	152.4
89.505	153
89.515	122.72
89.525	111.66
89.585	163.85
89.595	153.84
89.605	152.24
89.615	148.01
89.625	148.08
89.635	148.25
89.645	148.53
89.655	152.05
89.665	153.56
89.675	154.57
89.685	154.38
89.695	152.98
89.705	149.96
89.715	148.01
89.725	146.67
89.735	145.4
89.745	143.67
89.755	141.76
89.765	141.46
89.775	139.39
89.785	138.8
89.795	136.76
89.805	130.59
89.815	135.65
89.825	138.86
89.835	141
89.845	142.32
91.425	151.53
91.435	155.07
91.445	156.07
91.455	154.81
91.465	152.78
91.475	148.15
91.485	145.85
91.495	144.95
91.505	144.27
91.515	139.94
91.525	141.24
91.535	143.29
91.545	142.27
91.555	143.49
91.565	143.29
91.575	146.05
91.585	156.1
91.595	153.11
91.605	148.79
91.615	145.1
91.625	142.76
91.635	137.97
91.645	141.8
91.655	141.61
91.665	139.08
91.775	201.43
91.785	180.46
91.795	178.91
91.805	174.41
91.815	174.28
91.825	174.38
91.835	174.21
91.845	174.59
91.855	173.28
91.865	169.04
91.875	165.56
91.885	171.45
91.895	171.15
91.905	162.35
91.915	160.37
91.925	159.05
91.935	160.62
91.945	162.39
91.955	162.35
91.965	161.66
91.975	161.97
91.985	162.56
91.995	161.85
92.005	160.92
92.015	160.82
92.025	161.33
92.035	161.34
92.045	160.63
92.055	158.28
92.065	155.59
92.075	152.69
92.085	145.93
92.095	141.99
92.105	144.72
92.115	128.86
92.125	137.91
92.135	141.89
92.145	140.84
92.155	139.78
92.165	149.06
92.175	161.55
92.185	156.97
92.195	150.42
92.205	146.03
92.215	144.09
92.225	136.21
92.235	148.14
92.245	149.65
92.255	149.81
92.265	150.89
92.275	149.57
92.315	177.05
92.325	164.55
92.335	163.92
92.345	163.96
92.355	163.17
92.365	161.61
92.375	159.96
92.385	158.44
92.395	157.25
92.405	156.88
92.415	156.23
92.425	158.34
92.435	158.67
92.445	157.94
92.455	155.21
92.465	151.35
92.475	144.71
92.485	138.82
92.495	146.93
92.505	148.65
92.515	151.71
92.615	155.7
92.625	141.58
92.635	137.36
92.645	137.8
92.655	137.34
92.665	150.86
92.675	142.23
92.685	145.21
92.695	146.9
92.705	150.88
92.715	154.45
92.725	166.6
92.735	168.81
92.745	169.05
92.755	165.05
93.015	162.61
93.025	161.33
93.035	160.47
93.045	155.72
93.055	148.65
93.065	148.5
93.075	144.81
93.085	141.8
93.095	140.03
93.105	136.17
93.115	134.47
93.125	132.34
93.135	131.25
93.145	131.25
93.155	126.37
93.165	131.18
93.175	129.76
93.185	138.59
93.195	139.34
93.205	138.95
93.215	138.97
93.225	138.82
93.235	139.98
93.245	141.63
93.255	149.35
93.265	150.95
93.275	145.27
93.285	142.92
93.295	142.59
93.305	147.35
93.315	141.64
93.325	149.68
93.595	153.39
93.605	149.21
93.615	145.63
93.625	142.92
93.635	141.82
93.645	140.56
93.655	138.52
93.665	138.57
93.675	141.9
93.685	143.2
93.695	141.47
93.845	180.2
93.855	163.84
93.865	149.47
93.875	143.8
93.885	140.27
93.895	139.2
93.905	137.71
93.915	131.96
93.925	138.72
93.935	140.61
93.945	144.58
93.955	142.13
93.965	140.18
93.975	138.43
93.985	136.61
93.995	136.99
94.015	135.78
94.025	136.31
94.035	137.19
94.045	136.8
94.055	138.88
94.065	137.83
94.075	137.93
94.085	138.02
94.185	181.38
94.195	179.4
94.205	160.58
94.215	140.43
94.225	136.58
94.235	134.13
94.245	132.43
94.305	137.83
94.315	136.72
94.325	129.71
94.335	126.67
94.345	121.27
94.355	122.8
94.365	125.43
94.375	125.99
94.385	124.81
94.395	122.84
94.405	117.77
94.415	121.9
94.425	118.39
94.645	147.62
94.655	141.65
94.665	137.96
94.675	137.03
94.685	135.78
94.695	135.31
94.705	135.02
94.715	135.46
94.725	134.82
94.735	133.92
94.745	133.38
94.755	134.35
94.765	133.91
94.775	131.61
94.785	134.24
95.385	159.28
95.395	152.95
95.405	144.17
95.415	141.44
95.425	137.49
95.435	135.05
95.445	131.47
95.455	129.86
95.465	128.34
95.475	127.25
95.485	125.11
95.495	124.41
95.505	125.54
95.515	126.73
95.525	125.57
95.535	124.43
95.545	121.49
95.555	121.87
95.565	127.57
95.575	131.35
95.585	135.47
95.595	137.52
95.605	137.54
95.615	136.97
95.625	136.03
95.635	137.96
95.645	141.41
95.655	141.92
95.665	140.18
95.675	141.09
95.685	143.1
95.695	142.46
95.705	141.69
95.715	141.71
95.725	140.54
95.735	141.11
95.745	142.37
95.755	142.6
95.765	141.45
95.775	140.68
95.785	140.62
95.795	138.47
95.805	139.57
95.815	141.17
95.825	142.75
95.835	143.57
95.845	145.3
95.855	146.75
95.865	146.16
95.875	143.98
95.885	139.35
95.895	137
95.905	139.45
95.915	139.3
95.925	136.83
95.935	133.17
95.945	131.63
95.955	122.71
95.965	126.25
95.975	126.18
95.985	120.58
95.995	121.18
96.005	124.69
96.225	159.45
96.235	140
96.245	133.47
96.255	130
96.265	128.36
