time	f0
0.022	120.88
0.032	122.69
0.042	121
0.882	139.67
0.892	140.88
0.902	142.51
0.912	144.1
0.922	144.78
0.932	145.75
0.942	145.02
0.952	145.52
0.962	144.36
0.972	143.42
0.982	142.52
0.992	143.24
1.002	144.1
1.012	144.87
1.022	144.33
1.032	142.02
1.042	141.46
1.052	134.94
1.062	135.41
1.072	134.53
1.082	134.35
1.092	128.22
1.102	123.2
1.112	119.14
1.122	117.96
1.132	117.89
1.142	117.63
1.152	122.26
1.162	125.54
1.172	123.99
1.242	142.56
1.252	139.48
1.262	140.99
1.272	143.05
1.282	144.48
1.292	133.25
1.302	129.61
1.312	126.56
1.322	122.43
1.332	118.49
1.342	120.49
1.352	120.77
1.362	121.36
1.372	124.47
1.382	121.2
1.612	97.39
1.622	106.85
1.632	110.26
1.642	108.97
1.742	156.75
1.752	157.08
1.762	157.25
1.772	155.73
1.782	152.07
1.792	150.27
1.802	147.93
1.812	145.1
1.822	140.79
1.832	134.03
1.842	130.71
1.852	125.17
1.862	123.21
1.872	116.59
1.882	116.7
1.892	117.49
1.902	118.72
1.912	116.59
1.922	132.55
1.932	135.4
1.942	135.03
1.952	134.06
1.962	133.7
1.972	133.3
1.982	132.95
1.992	132.29
2.002	131.56
2.012	130.31
2.162	136.02
2.172	128.69
2.182	126.12
2.192	126.97
2.202	127.43
2.212	117.48
2.222	119.22
2.232	119.36
2.242	118.46
2.252	114.55
2.262	107.24
2.272	107.14
2.282	105.7
2.292	101.56
2.302	107.37
2.312	111.1
2.322	108.3
2.332	109.2
2.402	109.4
2.412	114.23
2.422	113.77
2.432	114.05
2.442	114.46
2.452	114.84
2.462	115.76
2.472	118.82
2.482	119.75
2.492	120.07
2.502	123.18
2.512	124.27
2.522	124.54
2.532	125.28
2.542	126.57
2.552	127.09
2.562	127.31
2.572	127.3
2.582	127.08
2.592	127.73
2.602	126.88
2.612	124.66
2.622	124.79
2.632	125.52
2.642	125.5
2.652	127.94
2.662	127.5
2.672	129.54
2.722	112.62
2.732	111.3
2.742	106.99
2.752	105.29
2.762	105.47
2.772	105.09
2.782	103.81
2.792	104.16
2.802	106.54
2.962	119.08
2.972	124.16
2.982	125.78
2.992	127.61
3.002	127.99
3.012	125.99
3.022	126.63
3.032	129.16
3.042	129.34
3.052	125.61
3.062	124.68
3.072	126.63
3.082	125.57
3.262	102.27
3.272	104.04
3.282	103.98
3.292	106.94
3.302	107.4
3.312	108.67
3.322	109.2
3.332	109.84
3.342	110.33
3.352	110.12
3.362	115.07
3.372	116.61
3.382	116.3
3.392	118.76
3.402	121.52
3.412	127.56
3.422	129.78
3.432	132.54
3.442	139.65
3.452	136.79
3.462	135.93
3.472	135.31
3.482	135.77
3.492	138.38
3.502	138.83
3.512	135.14
3.522	132.69
3.532	133.12
3.542	134.24
4.032	112.32
4.042	107.56
4.052	109.89
4.062	109.18
4.072	109.04
4.082	109.61
4.092	110.59
4.102	122.14
4.112	122.15
4.122	120.8
4.132	121.56
4.142	121.01
4.152	120.31
4.162	118.95
4.172	117.51
4.182	116.54
4.192	114.78
4.202	112.44
4.212	111.19
4.222	107.15
4.232	107.54
4.412	118.68
4.422	121.14
4.432	121.5
4.442	121.62
4.452	120.82
4.462	121.94
4.472	122.02
4.482	122.46
4.492	123.81
4.502	125.6
4.512	126.95
4.522	126.89
4.532	125.53
4.542	121.8
4.552	118.46
4.562	117.61
4.572	116.4
4.582	114.65
4.592	114.66
4.602	121.32
4.612	117.94
4.622	117.18
4.662	106.32
4.672	107.99
4.682	109.33
4.692	110.12
4.702	104.79
4.712	104.13
4.722	103.03
4.732	106.41
4.742	109.3
4.752	109.19
4.762	114.32
4.772	111.78
4.782	109.17
4.792	109.18
4.802	108.81
4.812	107.57
4.822	107.29
4.832	107.86
4.842	95.23
4.852	95.11
4.862	94.54
4.872	93.15
4.882	92.3
4.912	104.99
4.922	108.15
4.932	102.79
4.942	104.97
4.952	104.17
4.962	104.39
4.972	104.16
4.982	106.92
4.992	107.89
5.172	122.42
5.182	123.3
5.192	124.49
5.202	123.14
5.212	123.8
5.222	124.53
5.232	124.53
5.242	126.47
5.442	97.38
5.452	99.11
5.462	98.41
5.472	98.03
5.482	98.21
5.492	97.22
5.502	94.26
5.512	94.7
5.632	119.77
5.642	121.82
5.652	123.37
5.662	122.59
5.672	122.93
5.682	122.25
5.692	122.44
5.702	123.45
5.712	123.35
5.722	122.35
5.732	119.78
5.792	122.42
5.802	115.4
5.812	108.67
5.822	107.81
5.832	108.71
5.842	106.82
5.852	107.35
5.862	104.95
5.872	107.66
5.882	109.69
5.892	104.15
5.902	112.38
5.912	114.5
5.922	105.67
5.932	109.44
5.942	112.66
5.952	115.19
5.962	115.26
5.972	114.67
5.982	114.33
5.992	115.61
6.002	118.48
6.012	116.12
6.022	113.44
6.032	113.11
6.042	117.18
6.052	117.34
6.062	116.69
6.072	116.73
6.082	117.95
6.092	118.95
6.102	120.42
6.112	125.48
6.122	125.63
6.132	126.37
6.142	129.49
6.152	130.14
6.162	125.52
6.172	128.81
6.182	127.61
6.192	124.54
6.202	125.89
6.212	125.16
7.272	115.75
7.282	115.55
7.292	113.97
7.302	113.32
7.312	112.89
7.322	112
7.332	111.98
7.342	111.02
7.352	110.14
7.362	108.86
7.372	108.54
7.382	107.93
7.392	106.95
7.402	106.14
7.412	105.9
7.422	104.95
7.432	104.47
7.442	103.67
7.452	104.55
7.462	104.65
7.472	105.45
7.482	105.02
7.492	104.49
7.502	104.15
7.512	104.05
7.522	103.49
7.532	103.08
7.542	102.52
7.552	101.87
7.562	101.45
7.572	101.58
7.582	101.18
7.592	100.52
7.602	100.15
7.612	99.65
7.622	99.7
7.632	99.87
7.642	99.1
7.652	99.49
7.662	99.12
7.672	98.71
7.682	98.79
7.692	98.86
7.702	98.17
7.712	98.42
7.722	98.47
7.732	97.68
7.742	98.18
7.752	98.2
7.762	97.88
7.772	98.25
7.782	98.57
7.792	98.11
7.802	98.95
7.812	98.35
7.822	98.7
7.832	98.29
8.202	115.06
8.212	110.69
8.222	110.17
8.232	109.31
8.242	116.63
8.252	114.71
8.262	115.32
8.272	128.39
8.282	116.18
8.292	106.22
8.302	108.59
8.312	109.4
8.322	106.61
8.332	105.49
8.342	105.34
8.352	105.09
8.362	109
8.432	131.62
8.442	124.81
8.452	120.94
8.462	120.78
8.472	120.25
8.482	117.99
8.492	115.17
8.502	112.59
8.512	110.04
8.522	103.34
8.532	106.62
8.562	113.08
8.572	114.75
8.912	121.21
8.922	119.36
8.932	115.44
9.052	119.94
9.062	118.74
9.072	120.72
9.082	124.76
9.092	128.52
9.102	135.69
9.112	140.36
9.122	144.28
9.132	148.44
9.142	149.01
9.152	149.35
9.162	148.85
9.172	149.04
9.182	150.05
9.192	147.72
9.202	148.2
9.212	148
9.222	148.68
9.232	147.92
9.242	146.52
9.252	143.89
9.262	124.67
9.272	118.99
9.282	117.14
9.292	112.25
9.302	111.78
9.312	112.41
9.322	115.82
9.332	117.06
9.342	115.1
9.352	113.84
9.362	105.35
9.372	104.45
9.382	108.75
9.392	109.32
9.402	111.7
9.412	108.8
9.422	101.99
9.432	106.69
9.442	106.35
9.452	103.13
9.462	106.34
9.472	106.71
9.482	106.8
9.492	108.98
9.502	111.07
9.512	113.36
9.522	114.17
9.532	117.45
9.542	116.77
9.552	115.33
9.562	113.71
9.572	113.36
9.582	111.4
9.592	108.84
9.602	109.27
9.612	107.65
9.622	106.64
9.632	107.63
9.642	106.87
9.652	106.12
9.662	105.2
9.672	105.16
9.682	108.37
9.692	107.19
9.702	105.14
10.582	104.08
10.592	105.4
10.602	105.94
10.612	101.84
10.622	106.06
10.632	106.69
10.642	107.84
10.652	108.17
10.662	108.01
10.672	111.64
10.682	113.25
10.692	113.9
10.702	114.35
10.712	114.79
10.722	113.96
10.732	113.75
10.742	114.17
10.752	116.16
10.762	115.86
10.772	114.49
10.782	114.97
10.792	112.78
10.902	115.08
10.912	114.74
10.922	110.5
10.932	107.52
10.942	106.42
10.952	106.34
10.962	106.36
10.972	105.34
10.982	106.08
10.992	105.25
11.002	104.01
11.012	103.49
11.022	108.07
11.032	107.1
11.142	122.69
11.152	112.56
11.162	112.03
11.172	112.53
11.182	112.1
11.192	112.47
11.202	111.92
11.212	111.9
11.222	113.4
11.232	114.52
11.242	114.38
11.252	114.88
11.262	115.66
11.272	116.84
11.282	117.67
11.292	118.33
11.302	118.94
11.312	119.69
11.322	120.42
11.332	121.38
11.342	122.06
11.352	122.47
11.362	123.13
11.372	123.8
11.382	124.1
11.392	124.41
11.402	124.45
11.412	125.01
11.422	126.75
11.432	128.11
11.442	125.73
11.452	124.46
11.462	124.64
12.262	117.04
12.272	112.05
12.282	103.25
12.292	99.23
12.302	91.31
12.312	95.82
12.322	100.44
12.332	103.56
12.422	101.96
12.432	98.93
12.442	98.25
12.452	98.02
12.462	101.6
12.472	104.24
12.482	104.66
12.492	103.71
12.502	102.12
12.512	99.11
12.522	98.69
12.532	98.07
12.542	98.75
12.762	106.21
12.772	98.12
12.782	114.33
12.792	109.65
12.802	104.67
12.812	105.7
12.822	106.39
12.832	106.45
12.842	106.43
12.852	106.53
12.862	106.73
12.872	107.41
12.882	108.24
12.892	108.67
12.902	108.75
12.912	109.6
12.922	110.38
12.932	111.7
12.942	112.5
12.952	111.48
12.962	110.29
12.972	108.15
12.982	107.11
12.992	108.75
13.002	109.04
13.012	109.68
13.022	110.25
13.032	110.47
13.042	110.44
13.052	110.62
13.062	110.08
13.072	97.29
13.082	103.12
13.092	104.56
13.102	102.91
13.112	100.52
13.122	96.57
13.132	94.09
13.142	96.82
13.302	100.03
13.312	99.89
13.322	99.54
13.332	99.84
13.342	100.39
13.352	101.07
13.362	100.68
13.372	101.29
13.382	101.84
13.392	100.86
13.402	100.14
13.412	99.28
13.422	98.54
13.432	98.08
13.442	98.67
13.452	99.46
13.462	99.18
13.472	99.9
13.482	99.54
13.492	100.11
13.502	99.22
13.512	100
13.522	99.63
13.532	100.64
13.542	100.15
13.552	100.33
13.562	100.04
13.572	99.76
13.582	98.18
13.592	98.53
13.602	98.34
13.612	97.4
13.622	96.84
13.632	98.59
13.642	101.99
13.652	107.4
13.662	106.29
13.672	101.05
13.682	103.73
13.692	104.43
13.702	102.56
13.722	108.38
13.732	105.08
13.742	104.44
13.752	104.68
13.762	103.16
13.772	103.28
13.782	102.07
13.792	101.78
13.822	106.44
13.832	107.51
13.842	103.37
13.852	102.8
13.862	104.65
13.872	102.61
13.882	101.16
13.892	103.69
13.902	105.52
13.912	103.53
13.922	102
14.052	109.86
14.062	110.54
14.072	109.72
14.082	109.01
14.092	104.72
14.102	104.88
14.112	104.49
14.122	108.87
14.132	105.95
14.142	105.57
14.312	107.02
14.322	103.44
14.332	104.54
14.342	101.2
14.352	100.05
14.372	99.11
14.382	99.55
14.552	111.97
14.562	111.33
14.572	110.83
14.582	109.78
14.592	108.42
14.602	106.37
14.612	105.73
14.622	106.23
14.632	103.66
14.642	103.92
14.652	102.26
14.662	101.86
14.672	102.04
14.682	101.01
14.692	131.41
14.702	132.33
14.712	101.78
14.722	101.14
15.252	122.73
15.262	101.98
15.272	102.03
15.282	106.03
15.292	108.02
15.302	108.04
15.312	108.38
15.322	109.33
15.332	109.23
15.342	109.25
15.352	108.61
15.362	105.55
15.372	106.48
15.382	107.81
15.392	106.45
15.402	106.21
15.412	111.29
15.422	122.32
15.432	118.87
15.442	118.56
15.452	124.22
15.582	135.35
15.592	133.34
15.602	132.82
15.612	122.36
15.622	128
15.632	131.17
15.642	131.07
15.652	133.48
15.662	134.24
15.752	111.7
15.762	104.56
15.772	100.84
15.782	101.72
15.792	95.13
15.802	97.79
15.812	100.46
16.612	120.72
16.622	116.49
16.632	116.48
16.642	120.62
16.652	114.48
16.662	111.33
16.752	120.72
16.762	124.21
16.772	123.82
16.782	122.18
16.792	121.16
16.802	120.41
16.812	119.82
16.822	118.65
16.832	113.62
16.842	112.3
16.852	119.01
16.862	119.86
16.872	120.49
16.882	123.41
16.892	122.98
16.902	121.21
16.912	123.39
16.922	124.67
16.932	125.9
16.942	126.57
16.952	126.91
16.962	126.53
16.972	125.48
16.982	125.07
16.992	124.53
17.002	122.1
17.012	121.07
17.022	120.15
17.032	118.84
17.042	116.72
17.052	115.12
17.062	112.62
17.072	110.93
17.082	109.74
17.092	106.66
17.102	106.09
17.112	106.28
17.122	107.11
17.132	107.44
17.142	107.14
17.152	105.64
17.162	107.9
17.172	107.94
17.232	127.86
17.242	120.37
17.252	115.03
17.262	113.65
17.272	113.17
17.282	111.73
17.292	109.16
17.302	108.34
17.312	107.44
17.322	106.71
17.332	107.09
17.342	109.28
17.352	109.08
17.362	108.14
17.372	108.85
17.382	109.09
17.762	123.29
17.772	122.59
17.782	122.27
17.792	121.67
17.802	121.61
17.812	120.84
17.822	120.97
17.832	120.63
17.842	120.25
17.852	120.33
17.862	120.68
17.872	121.42
17.882	121.56
17.892	120.54
17.932	112.28
17.942	109.56
17.952	108.7
18.002	79.86
18.012	103.73
18.022	102.97
18.032	102.27
18.042	102.97
18.052	104.37
18.062	100.98
18.072	100.49
18.082	100.54
18.092	100.39
18.102	99.8
18.112	99.26
18.142	99.86
18.152	99.39
18.492	113.11
18.502	113.86
18.512	113.76
18.522	112.91
18.532	112.5
18.542	110.88
18.552	111.65
18.562	110.82
18.572	107.12
18.582	113.29
18.592	113.17
18.602	114.05
18.612	116.62
18.622	116.85
18.632	114.86
18.642	113.87
18.652	113.89
18.662	113.12
18.672	111.12
18.682	109.84
18.692	108.56
18.702	106.37
18.712	102.05
18.722	100.56
18.732	108.24
18.742	104.55
18.752	102.58
18.762	102.39
18.772	104.64
18.782	106.51
18.792	107.69
18.802	107.67
18.812	106.98
18.822	108.14
18.832	108.15
18.842	108.39
18.852	109.56
18.862	108.45
18.872	109.26
18.882	109.44
18.892	109.7
18.902	108.42
18.912	109.17
18.922	108.75
18.932	107.4
18.942	104.56
18.952	104.8
18.962	106.24
18.972	109.7
19.012	111.43
19.022	112.84
19.032	96.54
19.042	103.57
19.052	100.41
19.062	102.56
19.072	99.95
19.082	100.56
19.092	96.97
19.102	100.06
19.492	107.24
19.502	110.06
19.512	107.06
19.522	104.68
19.532	101.47
19.542	104.03
19.552	110.34
19.562	110.33
19.572	107.16
19.582	107.31
19.902	114.77
19.912	115.23
19.922	124.3
19.932	107.66
20.022	132.61
20.032	128.66
20.202	119.13
20.212	115.21
20.222	113.66
20.232	111.06
20.242	109.79
20.252	106.79
20.262	107.73
20.272	108.03
20.282	104.27
20.292	105.35
20.302	106.71
20.312	106.23
20.322	105.3
20.332	104.25
20.342	105.23
20.352	107.51
20.362	109.29
20.372	111.02
20.382	110.88
20.392	108.07
20.402	108.4
20.412	107.31
20.422	105.18
20.432	105.35
20.442	105.79
20.452	80.96
20.462	80.78
20.962	120.83
20.972	116.31
20.982	112.6
20.992	110.09
21.002	110.19
21.012	108.73
21.022	108.78
21.032	116.4
21.052	80.92
21.062	81.02
21.072	84.17
21.082	88.36
21.092	121.79
21.102	122.05
21.192	112.4
21.202	105.88
21.212	101.72
21.222	104.03
21.392	114.87
21.402	115.22
21.412	113.81
21.422	113.58
21.432	113.41
21.442	117.34
21.452	122.73
21.462	117.38
21.532	133.05
21.542	107.23
21.552	106.49
21.562	102.21
21.572	104.77
21.582	102.75
21.592	104.26
21.602	84.23
21.612	82.87
21.622	81.37
21.722	110.07
21.732	111.83
21.742	107.33
21.752	107.75
21.762	108.01
21.772	106.69
21.782	105.43
21.792	105.42
21.802	103.66
21.812	103
21.822	103.28
21.832	99.81
21.842	92.83
21.852	96.99
21.862	97.57
21.872	98.43
21.882	99.57
21.892	97.33
22.092	124.54
22.102	123.08
22.112	122.31
22.122	120.49
22.132	118.44
22.142	116.29
22.162	116.13
22.172	115.75
22.182	112.96
22.192	113.42
22.202	113.42
22.212	112.83
22.222	112.28
22.232	111.11
22.242	107.93
22.252	104.5
22.262	108.38
22.272	107.66
22.282	107.79
22.292	111.36
22.392	118.48
22.402	116.71
22.412	109.64
22.552	130.42
22.562	126.07
22.572	125.86
22.582	125.76
22.592	125.27
22.602	123.82
22.612	119.03
22.622	117.71
22.632	114.5
22.642	112.91
22.652	116.7
22.662	84.82
22.672	85.44
22.682	104.59
22.692	104.42
22.702	102.59
22.712	101.22
22.722	100.95
23.462	136.32
23.472	107.45
23.482	109.01
23.492	110.28
23.502	106.95
23.512	104.7
23.522	108.79
23.532	108.87
23.542	107.03
23.552	107.2
23.562	108.71
23.622	106.64
23.632	104.85
23.642	103.68
23.772	128.05
23.782	121.26
23.792	119.83
23.802	119.79
23.812	120.93
23.822	115.56
23.832	115.58
23.842	113.55
23.852	113.61
23.862	108.18
23.872	104.91
23.932	81.31
23.942	81.57
23.952	109.07
23.962	106.74
23.972	110.84
23.982	110.16
23.992	104.86
24.002	108.82
24.012	105.86
24.022	108.24
24.032	108.29
24.042	104.77
24.052	108.73
24.442	112.23
24.452	108.23
24.462	104.32
24.472	100.56
24.482	101.73
24.492	103.4
24.502	103.66
24.512	103.97
24.522	104.05
24.532	102.05
24.542	97.57
25.022	111.73
25.032	116.06
25.042	115.14
25.052	114.57
25.062	114.72
25.072	113.77
25.082	112
25.092	113.16
25.102	115.45
25.112	115.41
25.122	116.17
25.132	116.91
25.142	114.93
25.152	112.32
25.162	108.76
25.172	107.63
25.182	104.23
25.192	104.68
25.202	106.94
25.212	107.56
25.222	106.82
25.232	106.11
26.022	107.08
26.032	105.24
26.042	106.19
26.052	105.26
26.062	105.36
26.072	103.73
26.082	103.34
26.092	103.45
26.102	103
26.112	101.77
26.412	106.86
26.422	104.95
26.432	102.42
26.442	93.69
26.452	99.34
26.462	104.55
26.472	106.19
26.482	102.9
26.492	101.05
26.502	97.21
26.512	93.09
26.522	96.88
26.532	97.39
26.642	107.94
26.652	107.33
26.662	107.09
26.672	106.87
26.682	106.72
26.692	107.46
26.702	108.5
26.712	109.42
26.722	110.17
26.732	109.66
26.742	109.29
26.752	104.65
26.762	104.21
26.772	108.99
26.782	108.03
26.792	107.08
26.802	108.27
26.842	110.67
26.852	114.27
26.862	108.89
26.872	110.09
26.882	108.59
26.892	108.52
26.902	105.08
26.912	106.31
26.982	152.64
26.992	151.21
27.002	155.22
27.912	107.57
27.922	107.21
27.932	104.17
27.942	110.01
27.952	109.72
27.962	104.81
27.972	107.8
27.982	109.89
27.992	105.46
28.002	104.6
28.012	107.67
28.022	108.19
28.032	108.17
28.042	104.66
28.052	103.56
28.062	103.28
28.072	105.97
28.082	104.94
28.092	104.53
28.102	111.23
28.142	124.21
28.152	125.07
28.162	109.63
28.172	110.08
28.182	108.31
28.192	106.68
28.202	104.84
28.212	108.76
28.222	110.05
28.232	103.31
28.242	103.95
28.252	102.24
28.262	103.96
28.272	100.54
28.312	108.4
28.322	109.62
28.332	110.21
28.342	111.71
28.352	117.17
28.362	124.95
28.372	124.56
28.382	127.35
28.392	130.72
28.402	132.33
28.412	132.16
28.422	125.05
28.432	124.53
28.442	125.64
28.452	126.43
28.462	125.71
28.472	122.78
28.482	132.41
28.492	132.78
28.502	130.81
28.512	127.33
28.522	124.26
28.532	122.95
28.542	121.54
28.552	118.39
28.562	113.25
28.572	112.17
28.582	112.19
28.632	114.42
28.642	112.48
28.652	110.47
28.692	118.08
28.702	120.28
28.712	121.5
28.722	116.22
28.732	114.91
28.742	113.12
28.752	111.14
28.762	108.58
28.772	107.42
28.782	105.97
28.792	104.54
28.802	104.36
28.812	105.2
28.822	113.85
28.832	106.85
28.842	106.85
29.422	109.15
29.432	107.61
29.442	111.56
29.452	111.74
29.462	116.98
29.472	118.8
29.482	120.35
29.492	120.32
29.502	119.79
29.512	120.3
29.522	122.9
29.532	125.3
29.542	122.76
29.552	120.9
29.562	116.84
29.572	115.79
29.582	116.27
29.592	114.69
29.602	110.58
29.612	109.91
29.622	108.78
29.632	102.84
29.642	102.36
29.652	102.39
29.662	101.09
29.672	117.37
29.682	110.65
29.692	106.73
29.702	105.73
29.712	105.36
29.722	105.53
29.732	105.41
29.742	105.16
29.752	105.02
29.762	107.32
29.772	105.11
29.782	107.44
29.792	115.1
29.802	113.5
29.812	112.34
29.822	110.95
29.832	109.73
29.842	108.45
29.852	108.46
29.862	111.4
29.872	112.11
29.882	110.13
29.892	108.75
29.902	108.19
29.912	108.59
29.922	108.57
29.932	108.08
29.942	108.54
29.952	107.64
29.962	107.6
29.972	108.48
29.982	108.57
29.992	116.57
30.002	111.74
30.012	108.87
30.022	108.56
30.032	107.21
30.042	105.69
30.052	104.79
30.062	104.68
30.072	107.21
30.082	107.29
30.092	106.89
30.102	107.03
30.112	108.62
30.172	125.75
30.182	120.72
30.192	119.13
30.202	118.2
30.212	115.12
30.222	108.84
30.272	104.98
30.282	112.2
30.482	120.2
30.492	113.63
30.502	112.2
30.512	109.03
30.552	107.26
30.562	104.22
30.572	105.77
30.582	107.3
30.592	104.79
30.602	103.25
30.612	102.24
30.622	101.53
30.632	98.91
30.642	96.56
30.652	96.04
30.662	96.34
30.672	96.31
30.682	96.88
30.862	80.25
30.872	82.54
30.912	115.73
30.922	114.74
30.932	110.79
30.942	106.69
30.952	104.43
30.962	103.19
30.972	102.21
30.982	101.65
30.992	102.4
31.002	105.06
31.012	108.67
31.022	108.46
31.032	107.79
31.042	107.31
31.052	106.99
31.062	107.38
31.072	107.49
31.082	107
31.092	105.71
31.102	103.7
31.112	102.5
31.142	105.85
31.152	105.64
31.162	105.68
31.172	98.47
31.182	98.89
31.192	97.8
31.202	95.6
31.212	94.05
31.222	94.3
31.232	94.34
31.242	96.52
31.602	109.09
31.612	108.75
31.622	106.94
31.632	107.58
31.642	108.85
31.652	107.53
31.662	106.08
31.672	105.88
31.682	105.67
31.692	105.61
31.702	106.51
31.712	107.7
31.722	109.46
31.732	109.93
31.742	108.98
31.752	105.39
31.762	102.62
31.772	107.39
31.782	107.74
31.792	104.66
31.802	106.66
31.812	109.24
31.862	99.1
31.872	101.42
31.882	98.44
31.892	98.35
31.902	99.73
31.912	99.13
31.992	83.13
32.002	106.59
32.012	104.92
32.022	106.28
