time	f0
0.586	256.5
0.596	258.62
0.606	262.9
0.616	265.65
0.626	269.14
0.636	271.17
0.646	267.61
0.656	265.89
0.666	264.79
0.676	266.43
0.686	262.53
0.696	261.12
0.706	259.26
0.716	253.01
0.726	255.36
0.736	235.2
0.746	231.37
0.756	227.7
0.766	223.02
0.776	217.37
0.786	212.58
0.796	208.4
0.806	200.5
0.816	200.1
0.826	195.68
0.836	193.58
0.976	180.6
0.986	175.98
0.996	181.59
1.006	203.51
1.016	210.19
1.026	202.52
1.036	196.67
1.046	198.79
1.056	193.92
1.066	183.74
1.076	195.83
1.086	175.23
1.096	185.11
1.106	195.65
1.116	182.89
1.126	153.66
1.136	148.67
1.146	155.85
1.156	173.27
1.166	177.6
1.176	180.28
1.186	179.67
1.336	195.92
1.346	186.92
1.356	180.6
1.366	181.69
1.376	177.47
1.386	193.45
1.396	196.71
1.406	197.93
1.416	192.52
1.426	188.58
1.436	185.77
1.446	184.28
1.456	184.83
1.466	183.33
1.476	185.29
1.486	186.45
1.496	185.25
1.506	183.33
1.516	181.44
1.526	179.9
1.536	181.15
1.546	175.81
1.556	174.63
1.566	177.65
1.576	177.97
1.586	173.8
1.646	179.8
1.656	174.98
1.666	186.74
1.686	247.82
1.696	260.38
1.706	261
1.716	266
1.726	272.76
1.736	290.84
1.746	288.9
1.756	291.82
1.766	305.37
1.776	309.91
1.786	310.85
1.796	305.51
1.806	319.98
1.816	315.16
1.826	318.61
1.836	318.56
1.846	308.78
1.856	309.98
1.866	315.8
1.876	308.03
1.886	310.39
1.896	310.87
1.906	319.45
2.446	320.74
2.496	197.13
2.506	218.69
2.516	208.46
2.526	207.1
2.536	207.49
2.546	206.7
2.556	207.35
2.566	193.35
2.576	187.54
2.636	201.85
2.646	207.65
2.656	212.78
2.666	221.37
2.676	223.31
2.686	228.07
2.696	234.33
2.706	237.52
2.716	228.47
2.726	234.87
2.736	244.56
2.746	248.69
2.756	244.18
2.766	244.16
2.776	241.49
2.786	245.31
2.796	248.91
2.806	247.5
2.816	242.73
2.826	236.32
2.836	232.39
2.846	227.24
2.856	231.78
2.866	236.14
2.876	240.46
2.886	244.22
2.896	231.56
2.906	242.99
2.916	241.51
2.926	231.11
2.936	214.36
2.946	210.54
2.956	203.89
2.966	201.56
2.976	202.5
2.986	201.4
2.996	198.59
3.006	196.74
3.016	194.59
3.026	194.29
3.036	195.1
3.046	202.81
3.056	198.59
3.066	198.78
3.076	199.96
3.086	203.13
3.096	198.53
3.106	197.22
3.116	198.41
3.236	138.72
3.246	138.39
3.256	139.45
3.266	139.61
3.276	138.49
3.336	190.42
3.346	184.85
3.356	186.13
3.406	198.98
3.416	183.16
3.426	172.37
3.436	170.17
3.446	172.35
3.456	174.83
3.466	174.63
3.476	177.87
3.486	170.32
3.496	174.06
3.506	163.39
5.216	216.65
5.226	210.18
5.236	211.88
5.246	217.32
5.256	220.6
5.266	223.43
5.276	211.75
5.286	212.52
5.296	220.65
5.306	218.23
5.356	243.64
5.366	220.6
5.376	217.06
5.386	209.7
5.396	203.32
5.406	201.95
5.416	196.89
5.426	201.26
5.436	190.42
5.446	201.26
5.456	204.58
5.466	207.79
5.476	200.29
5.486	189.08
5.496	181.18
5.506	169.02
5.516	175.56
5.526	181.23
5.536	167.87
5.546	171.42
5.556	172.04
5.566	171.32
5.576	174.64
5.586	172.81
5.596	173.15
5.606	178.63
5.806	205.9
5.816	195.09
5.826	195.82
5.836	195.69
5.846	195.24
5.856	192.99
5.866	192.65
5.876	186.35
5.886	186.58
5.896	189.11
5.906	187.08
5.916	190.79
5.926	192.98
5.936	191.74
5.946	185.78
5.956	190.62
5.966	193.01
5.976	195.96
5.986	206.28
5.996	218.96
6.006	221.61
6.016	226.16
6.026	226.74
6.036	225.79
6.046	220.29
6.056	221.18
6.066	222.38
6.076	224.82
6.086	225.81
6.096	236.9
6.196	215.31
6.206	213.84
6.216	217.89
6.226	218.89
6.236	221.41
6.246	208.11
6.256	217.64
6.396	191.73
6.406	203.14
6.416	211.52
6.426	207.72
6.436	209.31
6.446	209.78
6.456	202.17
6.466	189.09
6.476	183.85
6.486	183.62
6.496	187.53
6.506	183.21
6.516	186.71
6.526	180.94
6.536	175.43
6.546	177.89
6.556	192.4
6.566	181.71
6.576	177.63
6.586	173.13
6.626	177.1
6.636	177.91
6.646	181.99
6.656	195.34
6.666	204.39
6.676	202.9
6.686	198.77
6.696	183.19
6.726	163.17
6.736	193.97
6.746	207.93
6.756	226.5
6.766	235.42
6.776	236.65
6.786	233.64
6.796	241.59
6.806	215.68
6.816	212.4
6.826	206.14
6.836	214.32
6.876	216.71
6.886	224.26
6.896	218.19
6.906	207.51
6.916	199.72
6.926	199.37
6.936	196.99
6.946	195.96
6.956	194.68
6.966	196.96
6.976	197.4
6.986	194.1
6.996	193.12
7.006	191.17
7.016	183.97
7.026	193.12
7.036	198.55
7.046	196.24
7.056	190.16
7.066	188.52
7.076	185.94
7.086	186.83
7.096	189.34
7.106	194.48
7.116	156.96
7.126	185.44
7.136	204.76
7.146	200.79
7.176	223.18
7.186	224.03
7.196	224.98
7.206	223.87
7.216	224.75
7.226	224.99
7.236	218.16
7.246	226.19
7.256	226.21
7.266	223.73
7.276	220.99
7.286	224.51
7.296	224.12
7.306	227.76
7.316	228.36
7.326	221.33
7.336	216.44
7.536	241.14
7.546	240.45
7.556	238.89
7.566	235.5
7.576	230.13
7.586	226.7
7.596	225.49
7.606	225.61
7.616	217.43
7.626	216.68
7.636	218.17
7.646	213.55
7.656	210.51
7.666	205.66
7.676	198.85
7.686	198.43
7.696	210.01
7.706	202.91
7.716	207.58
7.726	204.1
7.736	212.78
7.746	210.78
7.756	209.87
7.786	183.24
7.796	182.74
7.806	184.18
7.816	183.75
7.826	181.39
7.836	184.99
7.846	182.68
7.856	184.92
7.866	184.8
7.876	185.1
7.886	184.26
7.896	181.94
7.906	184.04
7.916	201.47
7.926	180.56
7.936	190.64
7.946	191.56
7.956	189.04
7.966	186.31
7.976	183.91
7.986	188.73
7.996	188.16
8.006	191.57
8.016	183.64
8.076	240.5
8.086	235.78
8.096	238.86
8.106	238.32
8.116	241.91
8.126	238.8
8.136	228.77
8.146	230.8
8.156	232.21
8.166	242.57
8.176	236.46
8.186	227.24
8.206	242.14
8.216	226.19
8.226	218.73
8.236	221.04
8.246	213.73
8.256	199.61
8.266	203.68
8.276	212.29
8.286	212.8
8.296	221.06
8.306	223.12
8.316	215.24
8.326	210.85
8.336	209.72
8.346	210.38
8.396	222.41
8.406	221.68
8.416	219.32
8.426	216.78
8.436	217.94
8.446	215.28
8.456	213.42
8.466	212.7
8.476	213.9
8.486	214.53
8.496	214.63
8.506	219.2
8.516	221.85
8.526	222.87
8.536	223.32
8.546	217.62
8.556	219.25
8.566	219.78
8.676	208.85
8.686	213.97
8.696	210.5
8.706	172.93
8.716	212.93
8.726	214.07
8.736	204.97
8.796	202.31
8.806	198.32
8.816	201.8
8.826	195.55
8.836	205.47
8.846	200.97
8.856	200.46
8.866	198.33
8.876	200.84
8.886	200.38
8.896	205.27
9.096	227.6
9.106	211.75
9.116	202.48
9.126	216.86
9.136	205.51
9.146	195.88
9.496	226.24
9.506	222.8
9.516	223.44
9.526	220.24
9.536	215.91
9.546	222.9
9.556	218.68
9.566	223.79
9.576	215.57
9.586	217.22
9.596	216.26
9.606	215.92
9.616	220.99
9.636	188.17
9.646	199.04
9.656	203.85
9.666	204.75
9.676	183.36
9.686	190.5
9.696	222.54
9.706	217.22
9.716	218.16
9.726	223.45
9.736	225.57
9.746	228.67
9.756	232.85
9.766	234.45
9.776	235.03
9.786	233.2
9.796	234.15
9.806	229.84
9.816	229.07
9.826	226.34
9.836	226.26
9.846	225.09
9.856	222.45
9.866	222.41
9.876	215.15
9.886	215.04
9.896	186.07
9.906	208.24
9.916	207.13
9.926	201.85
9.936	206.77
9.946	213.87
9.956	211.13
9.966	206.97
9.976	210.96
9.986	206.12
9.996	204.28
10.926	224.19
10.936	217.04
10.946	213.4
10.956	218.75
10.966	212.91
10.976	204.81
10.986	207
10.996	203.84
11.006	202.26
11.016	201.3
11.026	201.01
11.036	201.22
11.046	200.85
11.056	201.19
11.066	204.08
11.076	206.3
11.086	200.42
11.096	200.24
11.106	198.48
11.116	198.12
11.126	193.94
11.136	191.06
11.146	187.79
11.156	192.58
11.166	198.61
11.206	311.02
11.216	335.24
11.226	333.97
11.236	344.02
11.246	299.36
11.256	298.06
11.266	299.11
11.286	197.66
11.296	196.79
11.306	197.61
11.316	198.01
11.326	198.62
11.336	200.06
11.346	200.92
11.356	198.64
11.366	199.86
11.376	197.86
11.386	196.63
11.396	196.3
11.406	196.55
11.416	194.01
11.426	194.26
11.436	191.84
11.446	193.72
11.456	195.88
11.466	196.14
11.476	198.36
11.486	197.93
11.496	203.72
11.506	201.71
11.516	200.56
11.526	200.9
11.536	200.3
11.546	199.7
11.556	199.4
11.586	212.61
11.596	221.29
11.606	216.52
11.616	215.47
12.766	217.77
12.776	217.87
12.786	217.02
12.796	213.8
12.806	214.2
12.816	213.34
12.826	200.42
12.836	193.99
12.846	196.7
12.856	189.74
12.866	179.96
12.876	208.66
12.886	210.49
12.896	212.09
12.906	208.61
12.916	211.3
12.926	210
12.936	210
12.946	208.96
12.956	209.26
12.966	211.86
12.976	212.94
12.986	215.07
12.996	212.95
13.006	211.5
13.016	210.07
13.026	207.09
13.036	207.84
13.046	212.11
13.056	211.13
13.066	212.47
13.076	211.67
13.086	209.95
13.096	207.1
13.106	201.58
13.116	198.22
13.126	202.81
13.136	197.64
13.146	194.45
13.156	193.88
13.166	193.04
13.176	190.9
13.186	192.27
13.196	187.6
13.206	183.66
13.216	184.33
13.226	194.33
13.236	191.52
13.246	160.64
13.266	186.31
13.276	186.73
13.286	186.74
13.296	185.03
13.306	186.77
13.316	186.87
13.326	184.51
13.336	190.02
13.346	192.99
13.356	194.22
13.366	202.83
13.376	195.81
13.386	196.33
13.396	200.46
13.406	195.05
13.416	186.63
13.426	190.56
13.436	196.46
13.446	198.88
13.456	197.9
13.466	204.46
14.046	192.78
14.056	194.66
14.066	192.96
14.076	187.43
14.086	184.41
14.096	196.79
14.166	219.33
14.176	218.54
14.186	218.62
14.196	219.6
14.206	223.12
14.216	220.99
14.226	223.75
14.236	217.65
14.246	221.58
14.256	210.26
14.266	217.92
14.276	223.81
14.286	219.67
14.296	214.93
14.306	212.59
14.316	209.87
14.326	216.74
14.336	216.53
14.346	213.55
14.356	206.79
14.366	206.43
14.376	204.83
14.386	205.18
14.396	206.98
14.406	205.8
14.416	202.39
14.426	199.3
14.436	199.88
14.446	201.44
14.456	199.65
14.466	201.15
14.476	194.34
14.486	197.83
14.546	184.78
14.556	181.02
14.566	181.12
14.576	180.92
14.586	183.48
14.596	184.03
14.606	185.02
14.616	186.14
14.626	187.74
14.636	187.07
14.646	186.92
14.656	183.33
14.666	190.79
14.676	197.93
14.686	212.53
14.696	216.28
14.706	216.07
14.716	219.22
14.726	216.27
14.736	207.95
14.746	198.44
14.756	211.21
14.766	202.13
14.776	210.4
14.786	214.14
14.796	209.39
14.806	203.5
14.816	201.2
14.826	195.74
14.836	151.07
14.846	148.91
14.976	188.68
14.986	188.88
15.006	137.96
15.016	175.59
15.026	178.77
15.036	179.04
15.076	204.23
15.086	188.55
15.096	193.21
15.106	194.75
15.116	191.19
15.126	194.17
15.136	190.78
15.146	189.16
15.156	186.71
15.166	191.18
15.176	194.66
15.186	198.17
15.196	201.26
15.206	200.62
15.216	200.28
15.956	221.6
15.966	212.86
15.976	212.01
15.986	208.04
15.996	207.49
16.006	206.84
16.016	203.37
16.026	205.39
16.036	202.93
16.046	202.18
16.056	205.49
16.106	145.9
16.116	137.64
16.126	172.76
16.226	173.05
16.236	167.59
16.246	199.45
16.256	186.94
16.266	184.09
16.276	177.55
16.286	187.98
16.296	181.45
16.306	178.54
16.316	181.19
16.326	172.16
16.336	177.11
16.346	172.31
16.356	171.3
16.366	171.9
16.376	171.1
16.386	183.78
16.426	246.76
16.436	241.15
16.446	242.38
16.456	241.36
16.466	237.79
16.476	232.9
16.486	225.85
16.496	225.55
16.506	221.17
16.516	217.76
16.526	193.37
16.536	188.89
16.546	213.44
16.556	149.8
16.566	150.25
16.576	200.34
16.586	176.13
16.596	192.09
16.606	192.1
16.616	192.09
16.626	191.21
16.636	195.59
16.646	193.8
16.656	191.82
16.666	190.55
16.676	186.96
16.686	185
16.696	191.75
16.706	189.37
16.716	185.48
16.726	185.66
16.736	180.95
16.746	178.7
16.756	181.37
16.766	187.46
16.776	184.42
16.786	184.13
16.796	183.9
16.806	185.06
16.816	184.4
16.826	187.89
16.836	189.85
16.846	192.47
16.856	193.9
16.866	198.18
16.876	199.01
16.886	199.37
16.896	200.29
16.906	199.99
16.916	192.21
16.926	191.36
16.936	198.13
16.946	186.77
16.956	198.2
16.966	199.31
16.976	201.76
16.986	200.76
16.996	198.7
17.006	195.36
17.016	194.45
17.026	190.29
17.036	187.96
17.046	186.88
17.056	183.41
17.066	184.54
17.076	186.99
17.086	186.18
17.096	187.66
17.106	188.59
17.116	190.1
17.126	198.39
17.136	191.85
17.146	191.76
17.156	188.37
17.166	185.89
17.176	185.07
17.186	188.82
17.196	190.88
17.206	192.77
17.216	197.09
17.226	200.98
17.236	201.48
17.246	201.54
17.256	210.45
17.266	208.47
17.276	211.08
17.286	215.91
17.296	213.47
17.306	215.88
17.316	215.13
17.326	213.91
17.336	211.44
17.346	208.83
17.356	209.26
17.366	209.89
17.376	209.27
17.386	205.9
17.396	199.86
17.416	213.1
17.426	228.49
17.436	200.72
17.446	216.73
17.456	240.69
17.556	192.69
17.566	195.55
17.576	194.33
17.586	196.92
17.596	199.19
17.606	201.72
17.616	201.26
17.626	201.27
17.636	204.34
17.646	203.63
17.656	204.29
17.666	204.37
17.676	202.33
17.686	197.37
17.696	201.89
17.706	205.26
17.716	195.33
17.876	206.64
17.886	208.42
17.896	207.98
17.906	200.73
17.916	200.05
17.926	196.35
17.936	194.37
17.946	192.58
17.956	195.82
17.966	192.5
17.976	197.77
17.986	197.37
17.996	205.26
18.006	204.58
18.016	204.52
18.026	197.28
18.036	196.3
18.046	190.34
18.056	195.04
18.066	192.54
18.076	190.61
18.086	183.3
18.096	186.35
18.346	197.25
18.356	189.98
18.366	183.9
18.376	188.16
18.386	182.44
18.396	182.19
18.406	185.02
18.416	182.67
18.426	172.48
18.436	175.93
18.446	169.98
18.456	172.59
18.466	173.02
18.476	176.72
18.486	176.7
18.496	151.66
18.506	155.71
18.516	157.85
18.556	188.21
18.566	186.91
18.576	184.2
18.586	179.44
18.596	190.16
18.606	187.47
18.616	181.51
18.626	173.56
18.636	169.31
18.646	176.25
18.656	182
18.666	177.54
18.676	170.94
18.756	195.74
18.766	199.17
18.776	194.68
18.786	191.44
18.796	196
18.806	194.21
18.816	190.67
18.826	188.22
18.836	185.9
18.966	187.41
18.976	176.95
18.986	187.95
18.996	181.82
19.006	183.44
19.216	185.29
19.226	193.92
19.236	192.78
19.246	192.76
19.256	195.08
19.266	194.28
19.936	141.68
19.946	143.62
19.956	139.48
19.966	141.7
19.976	146.29
19.986	139.91
20.056	145.78
20.346	189.37
20.356	189.27
20.366	183.4
20.376	183
20.386	181.17
20.396	184.27
20.406	183.24
20.416	183.06
20.426	183.17
20.436	183.48
20.446	181.35
20.456	182.44
20.466	181.79
20.476	182.68
20.486	182.86
20.496	182.52
20.506	177.98
20.516	182.25
20.526	179.7
20.536	225.36
20.546	253.66
20.556	232.82
20.566	245.87
20.576	266.61
20.586	249.05
20.596	255.69
20.606	267.18
20.616	245.54
20.626	249.17
20.636	269.28
20.646	259.17
20.806	184.42
20.816	180.8
20.826	178.95
20.836	186.68
20.846	189.05
20.856	191.02
20.866	187.47
20.876	186.25
20.886	183.48
20.896	174.77
20.906	185.42
20.916	190.48
20.926	198
20.936	202.4
20.946	214.73
20.956	216.6
20.966	212.57
20.976	210.34
20.986	207.61
20.996	203.96
21.006	201.01
21.016	199.73
21.026	199.76
21.036	196.65
21.046	194.84
21.056	193.72
21.066	189.17
21.076	188.66
21.086	186.41
21.096	188.25
21.106	185.39
21.116	179.57
21.176	179.64
21.186	177.9
21.196	173.56
21.206	174.21
21.216	170.32
21.226	173.69
21.386	197.14
21.396	196.84
21.406	194.16
21.416	193.51
21.426	194.49
21.436	191.39
21.446	185.7
21.456	181.62
21.466	189.3
21.476	187.76
21.646	181.43
21.656	175.4
21.666	174.37
21.676	167.16
21.686	176.66
21.696	170.31
21.746	182.42
21.816	215.04
21.886	367.3
21.896	365.41
21.906	361.96
21.916	359.81
22.276	162.31
22.286	175.27
22.296	169.52
22.306	182.78
22.316	163.15
22.326	177.01
22.336	178.28
22.346	188.18
22.356	190.4
22.366	180.62
22.376	171.91
22.386	177.3
22.396	180.48
22.406	172.35
22.416	172.63
22.446	177.96
22.456	177.43
23.066	194.45
23.076	189.77
23.086	189.72
23.096	187.62
23.106	191.72
23.116	198.09
23.126	190.5
23.136	186.45
23.146	194.13
23.156	196.61
23.166	199.48
23.176	199.78
23.186	201.64
23.196	201.12
23.206	197.3
23.216	195.26
23.226	197.39
23.236	203.64
23.246	200.99
23.256	225.72
23.266	188.77
23.276	185.39
23.286	190.99
23.296	188.56
23.306	185.35
23.316	186.01
23.326	194.52
23.336	194.68
23.376	193.18
23.386	187.19
23.656	191.9
23.666	181.72
23.676	189.31
