time	f0
0.203	171.16
0.213	187.62
0.223	184.54
0.233	182.26
0.243	181.67
0.253	181.08
0.263	180.02
0.383	189.12
0.393	191.6
0.403	189.69
0.413	184.08
0.423	179.17
0.433	181.11
0.443	181.41
0.453	182.96
0.463	181.85
0.473	183.44
0.483	180.9
0.493	160.09
0.503	176.21
0.513	184.79
0.523	195.73
0.533	199.54
0.643	125.69
0.653	123.09
0.663	120.69
0.793	174.48
0.803	174.44
0.813	173.32
0.823	170.13
0.833	167.9
0.843	161.23
0.853	159.77
1.213	136.49
1.223	135.98
1.233	135.18
1.243	134.81
1.253	132.57
1.263	132
1.273	134.86
1.283	135.5
1.293	137.89
1.303	136.58
1.843	117.69
1.853	114.87
1.863	118.39
1.873	121.61
1.883	124.06
1.893	122.79
1.903	120.95
1.913	120.01
1.923	119.15
1.933	118.88
1.943	117.11
1.953	116.41
1.963	113.54
1.973	111.86
1.983	115.34
2.013	213.74
2.023	213.9
2.083	122.31
2.093	119.97
2.103	119.11
2.113	114.66
2.123	113.75
2.133	112.92
2.143	112.21
2.153	112.57
2.163	113.27
2.173	113.26
2.183	112.75
2.193	112.49
2.203	111.41
2.213	111.18
2.223	110.69
2.233	111.12
2.243	109.97
2.253	108.57
2.263	109.17
2.273	109.12
2.283	106.72
2.293	106.38
2.303	106.62
2.313	106.99
2.323	106.96
2.333	106.49
2.343	106.32
2.353	106.89
2.363	106.28
2.373	105.78
2.383	105.04
2.393	104.76
2.403	104.74
2.413	105.36
2.423	105.78
2.433	105.98
2.443	106.1
2.453	106.25
2.463	106.14
2.473	106.77
2.483	106.04
2.493	104.67
2.503	105.23
3.733	127.37
3.743	127.72
3.753	122.15
3.763	125
3.773	128.92
3.783	126.05
3.793	126.83
3.803	84.87
3.813	84.71
3.823	83.63
3.953	126.99
3.963	131.01
3.973	133.08
3.983	132.65
3.993	134.17
4.003	141.24
4.013	141.34
4.023	136.75
5.403	105.93
5.413	107.29
5.423	107.7
5.433	105.34
5.443	104.56
6.113	80.11
6.123	80.8
6.133	97.63
6.723	106.73
6.733	105.84
6.743	104.56
6.753	103.78
6.763	101.82
6.773	102.28
6.783	103.17
6.793	102.24
6.803	100.41
6.813	100.3
6.823	105.34
6.833	105.83
6.843	105.38
6.853	104.98
6.863	104.85
6.873	101.26
6.883	100.72
6.893	101.52
6.903	101.93
6.913	102.35
6.923	103.98
6.933	105.01
6.943	101.61
6.953	100.85
6.963	98.94
6.973	99.13
7.133	105
7.143	106.29
7.153	107.3
7.163	107.61
7.173	107.67
7.183	107.77
7.193	107.88
7.203	108.34
7.213	109.32
7.223	109.71
7.233	109.64
7.243	109.84
7.253	109.48
7.263	108.29
7.273	107.02
7.283	106.37
7.293	105.67
7.303	103.46
7.313	101.44
7.323	101.48
7.333	100.18
7.343	99.9
7.353	98.7
7.363	97.72
7.373	96.56
7.383	95.78
7.393	95.49
7.403	95.43
7.413	95.44
7.423	94.33
7.433	94.77
7.443	94.9
7.453	95.29
7.463	95.39
7.473	95.95
7.483	96.17
7.493	96.33
7.503	97.09
7.513	97.36
7.523	96.93
7.533	96.24
7.543	95.72
7.553	96.07
7.563	95.85
7.573	94.95
7.583	94.54
7.593	94.18
7.603	94.21
7.613	94.89
7.623	95.96
7.633	95.47
7.643	96.45
7.893	167.69
7.903	171.53
7.913	180.34
7.923	176.97
7.933	171.31
7.943	166.91
7.953	165.98
7.963	167.76
7.973	100.15
7.983	100.01
7.993	99
8.003	116.36
8.013	119.3
8.023	118.78
8.033	119.07
8.043	117.84
8.053	116.14
8.063	123.27
8.073	123.63
8.083	126.2
8.193	81.94
8.203	110.69
8.213	108.34
8.223	105.56
8.233	104.33
8.243	103.69
8.253	100.95
8.263	100.97
8.273	100.24
9.333	103.81
9.343	98.63
9.353	94.93
9.363	97.19
9.373	98.09
9.383	96.19
9.393	94.53
9.403	94.6
9.413	96.29
9.423	96.03
9.433	97.29
9.443	98.41
9.453	101.24
9.463	101.99
9.473	100.02
9.483	99.64
9.493	98.92
9.503	97.79
9.513	97.22
9.523	96.78
9.533	96.86
9.543	96.23
9.553	93.21
9.563	92.16
9.573	91.19
9.583	90.33
9.593	90.85
9.603	91.28
9.613	89.94
9.623	90.8
9.633	91.32
9.643	89.99
9.773	97.17
9.783	97.54
9.793	98.92
9.803	99.93
9.813	100.24
9.823	99.28
9.833	99.1
9.843	93.65
9.853	93.35
9.913	96.36
9.923	96.3
9.933	97.81
9.943	95.14
9.953	92.34
9.963	91.35
9.973	90.62
10.813	94.02
10.823	96.38
10.833	99.39
10.843	97.68
10.853	95.55
10.863	95.86
10.873	94.43
10.883	94.96
10.893	93.51
10.903	95.35
10.913	95.78
10.923	96.42
10.933	95.65
10.943	95.41
10.953	95.64
10.963	95.67
10.973	95.05
10.983	94.18
10.993	93.97
11.003	93.93
11.013	94.27
11.023	94.03
11.033	94.14
11.043	94.16
11.053	93.89
11.063	94.37
11.073	94.8
11.083	76.28
11.093	75.99
11.103	97.11
11.113	96
11.123	94.87
11.133	94.17
11.143	94.21
11.153	93.5
11.163	93
11.173	94.23
11.183	94.59
11.253	100.97
11.263	96.02
11.273	94.49
11.283	95.97
11.293	95.65
11.303	96.39
11.313	98.21
11.323	98.99
11.333	101.03
11.343	102.43
11.353	100.98
11.363	100.41
11.373	99.83
11.383	99
11.393	100.5
11.403	98.34
11.413	98.21
11.423	99.53
11.433	97.84
11.443	96.61
11.453	96.25
11.463	97.57
11.473	92.31
11.483	91.61
11.493	91.35
11.503	91.36
11.513	93.65
11.523	94.52
11.533	95.05
11.543	95.16
13.743	90.32
13.753	90.5
13.763	91.14
13.773	93.59
13.783	93.79
13.793	92.99
13.803	92.36
13.813	90.93
13.823	90.66
13.833	90.91
13.843	91.3
13.853	90.99
13.863	89.99
13.873	89.95
13.883	89.76
13.893	91.23
14.233	94.79
14.243	94.86
14.253	96.55
14.263	96.28
14.273	98.52
14.413	100.26
14.423	99.39
14.433	98.33
14.443	99.53
14.453	100.26
14.463	100.28
14.473	100.21
14.483	100.81
14.493	101.17
14.503	101.6
14.513	102.55
14.523	101.87
14.533	100.71
14.543	100.08
14.553	100.87
14.563	100.62
14.573	101.03
14.583	101.23
14.713	152.29
14.723	152.85
14.733	144.27
14.743	146.2
14.753	148.24
14.763	146.13
14.773	146.94
14.783	148.41
14.793	147.52
14.803	148.06
14.813	148.66
14.823	147.05
14.833	148.95
14.843	149.5
14.903	107.59
14.913	108.81
14.923	107.66
14.933	107.2
14.943	107.54
14.953	106.99
14.963	106.59
14.973	106.43
14.983	105.99
14.993	106.46
15.003	107.23
15.013	107.46
15.023	106.75
15.033	107.46
15.043	108.06
15.053	107.89
15.063	87.16
15.073	85.53
15.083	106.88
15.093	107.16
15.103	107.62
15.113	106.73
15.163	117.39
15.173	115.25
15.183	113.29
15.193	111.96
15.203	108.66
15.213	109.53
15.223	108.07
15.233	107.03
15.283	104.01
15.293	103.68
15.303	100.78
15.313	101.13
15.323	100.62
15.333	99.42
15.343	99.18
15.353	98.85
16.093	120.76
16.103	120.54
16.113	120.49
16.203	81.07
16.213	80.16
16.223	80.86
16.233	80.02
16.243	89.91
16.253	89.67
17.493	96.98
17.503	96.8
17.513	96.37
17.523	95.73
17.533	95.25
17.543	93.17
17.553	94.61
17.563	95.27
18.283	102.34
18.293	100.93
18.303	99.65
18.313	98.59
18.323	98.97
18.333	99.39
18.343	98.7
18.353	98.04
18.383	106.04
18.393	108.11
18.403	107.59
18.413	107.88
18.423	109.38
18.433	109.45
18.443	109.53
18.453	107.43
22.253	81.28
22.263	81.15
22.273	80.86
22.883	122.76
22.893	123.01
22.903	123.42
22.913	128.73
22.923	135.52
22.933	140.11
22.943	141.5
22.953	138.73
22.983	146.19
22.993	141.69
23.763	142.5
23.773	142.99
23.783	140.09
23.793	143.1
23.803	139.71
23.813	141.77
23.823	143.72
23.833	142.86
23.943	124.39
23.953	131.62
23.963	133.61
23.973	131.88
23.983	131.05
23.993	133.08
24.003	133.26
27.173	98.03
27.183	97.95
27.193	99
27.203	97.97
27.213	96.01
27.223	96.81
27.233	97.85
27.243	97.97
27.253	97.79
27.263	96.96
27.273	98.06
27.283	97.84
27.293	98.37
27.303	97.39
27.313	99.79
27.323	97.76
27.333	99.14
27.343	98.28
27.353	96.98
27.363	96.37
27.373	96.41
27.383	97.65
27.393	99.49
27.403	98.05
27.413	95.72
27.423	94.68
27.433	93.31
27.443	93.13
27.453	94.09
27.463	94.19
27.473	93.15
27.503	95.33
27.513	95.83
27.523	95.41
27.533	95.35
27.543	94.52
27.773	98.58
27.783	100.01
27.793	101.92
27.803	100.12
27.813	99.61
27.823	101.95
27.833	101.77
27.843	102.34
27.853	102.73
27.863	102.1
27.873	101.58
29.233	115.84
29.243	114.48
29.253	112.59
29.263	111.68
29.893	106.52
29.903	108.03
29.913	108.29
29.923	107.8
