time	f0
0.295	288.52
0.305	268.71
0.315	267.04
0.325	270.53
0.335	261.49
0.345	256.91
0.355	247.46
0.365	246.97
0.375	253.05
0.385	251.67
0.395	252.09
0.405	250.45
0.415	253.6
0.425	245.25
0.435	253.85
0.445	254.95
0.455	255.66
0.465	250.58
0.475	250.95
0.485	248.21
0.495	245.44
0.505	245.93
0.515	240.01
0.525	228.85
0.535	221.21
0.545	226.38
0.555	229.09
0.565	232.57
0.575	223.5
0.585	194.98
0.595	221.87
0.605	208.11
0.615	225.84
0.625	219.58
0.635	215.55
0.645	198.65
0.655	206.52
0.665	217.92
0.675	211.81
0.685	206.59
0.695	216.33
0.705	215.78
0.715	212.37
0.725	221.79
0.735	218.16
0.745	219.2
0.755	228.72
0.765	223.88
0.825	217.77
0.835	225.73
0.845	223.97
0.855	230.61
0.955	231.63
0.965	236.04
0.975	228.81
0.985	230.45
0.995	232.48
1.005	233.6
1.015	237.55
1.025	243.39
1.035	243.99
1.045	244.11
1.055	237.1
1.065	242.65
1.075	241.54
1.085	240.12
1.095	238
1.105	242.05
1.115	249.83
1.125	243.64
1.135	233.66
1.145	233.62
1.155	224.47
1.165	227.6
1.175	232.11
1.185	229.06
1.195	221.52
1.205	211.67
1.295	217.12
1.305	208.56
1.315	203.83
1.325	202.88
1.335	194.94
1.345	182.78
1.355	189.51
1.365	211.23
1.375	187.33
1.385	185.59
1.395	185.37
1.405	190.89
1.415	187.07
1.425	180.39
1.435	189.1
1.445	191.76
1.455	186.09
1.465	186.38
1.475	190.2
1.485	184.34
1.495	183.18
1.505	182.41
1.515	178.81
1.525	176.2
1.535	175.3
1.545	171.38
1.555	176.45
1.565	176
1.615	182.42
1.625	185.31
1.635	186.9
1.645	202.65
1.655	210.23
1.665	213.44
1.675	214.88
1.685	210.03
1.695	210.64
1.705	206.33
1.715	202.07
1.835	217.8
1.845	218.16
1.855	231.52
1.865	252.23
1.875	240.48
1.885	253.99
1.895	249.69
1.905	244.14
1.915	239.41
1.925	235.24
1.935	223.4
1.945	225.26
1.955	232.4
1.965	224.84
1.975	221.18
1.985	218.79
1.995	223.37
2.005	219.11
2.015	223.9
2.025	221.36
2.035	221.45
2.045	219.6
2.055	215.86
2.065	214.76
2.075	210.26
2.085	206.96
2.095	199.87
2.105	203.53
2.115	189.29
2.125	190.73
2.135	186.41
2.145	186.6
2.155	187.22
2.165	184.07
2.175	201.09
2.185	194.08
2.195	172.64
2.205	194.03
2.215	187.32
2.225	193.71
2.235	182.7
2.245	196.46
2.255	195.5
2.265	200.29
2.275	202.11
2.285	209.28
2.295	197.54
2.305	201.73
2.315	200.01
2.385	211.85
2.395	214.58
2.405	212.8
2.415	202.61
2.425	201.32
2.435	198.02
2.445	194.95
2.455	196.52
2.465	192.51
2.475	195.1
2.485	187.71
2.495	189.69
2.505	190.44
2.515	186.17
2.525	202.59
2.535	196.14
2.705	242.95
2.715	249.96
2.725	246.03
2.735	242.15
2.885	184.92
2.895	180.28
2.905	181.22
2.915	177.45
2.925	176.69
2.935	175.81
2.945	170.56
2.955	167.06
2.965	167.57
2.975	162.63
2.985	156.02
2.995	149.51
3.005	154.42
3.315	189.9
3.325	186.45
3.335	182.92
3.345	182.51
3.355	187.67
3.365	184.88
3.375	195.93
3.385	193.9
3.395	215.47
3.405	220.83
3.415	215.49
3.425	225.15
3.435	235.63
3.445	203.56
3.455	209.84
3.465	208.48
3.475	209.51
3.515	224.66
3.525	226.08
3.535	239.66
3.545	244.16
3.555	226.72
3.565	230.42
3.575	250.67
3.585	231.3
3.595	242.28
3.605	229.35
3.615	234.3
3.625	230.3
3.635	232.77
3.645	225.17
3.655	213.04
3.665	189.97
3.675	224.91
3.685	220.09
3.695	228.01
3.705	203.25
3.725	178.92
3.735	185.79
3.935	163.44
3.945	162.99
3.955	171.66
3.965	177.12
3.995	186.45
4.005	187.29
4.015	207.51
4.025	195.98
4.035	199.87
4.045	211.96
4.055	195.42
4.065	199.94
4.075	202.08
4.085	201.71
4.095	198.79
4.105	198.48
4.115	199.07
4.125	209.1
4.135	202.78
4.145	207.17
4.155	208.26
4.165	203.59
4.175	213.57
4.185	195.97
4.905	151.72
4.915	157.48
4.925	167.41
4.935	166.82
4.945	166.3
4.955	169.67
4.965	171.31
4.975	188.48
4.985	199.38
4.995	189.09
5.005	189.87
5.015	206.73
5.025	197.08
5.035	213.15
5.045	201.68
5.055	201.96
5.115	245.51
5.125	227.06
5.135	230.89
5.145	228
5.155	215.91
5.165	236.49
5.175	243.33
5.185	234.52
5.195	222.24
5.205	231.41
5.215	235.71
5.225	224.49
5.235	229.21
5.245	233.22
5.255	234.29
5.265	228.82
5.275	222.1
5.285	205.75
5.295	206.58
5.305	198.35
5.315	206.55
5.325	205.09
5.335	176.44
5.345	182.42
5.355	172.07
5.365	182.45
5.655	218.46
5.665	218.2
5.675	222.04
5.685	227.58
5.695	220.06
5.705	218.54
5.715	216.04
5.725	212.07
5.735	215.05
5.745	217.32
5.755	221.79
5.765	215.96
5.775	217.06
5.785	216.68
5.795	219.34
5.805	215.1
5.815	217.18
5.825	215.67
5.835	217.77
5.845	212.75
5.855	218.78
5.865	216.83
5.875	204.11
5.895	199.37
5.905	208.87
5.915	213.38
5.925	218.32
5.935	221.96
5.945	219.33
5.955	216.78
5.965	222.41
5.975	206.36
5.985	238.6
6.005	243.48
6.015	247.86
6.025	243
6.035	236.15
6.045	240.9
6.055	239.49
6.065	213.57
6.075	221.23
6.085	224.98
6.095	222.28
6.105	209.72
6.115	208.06
6.125	197.97
6.135	226.88
6.235	213.85
6.245	215.72
6.255	210.7
6.265	205.87
6.275	206.96
6.285	192.03
6.295	202.65
6.305	203.14
6.315	191.18
6.325	190.34
6.335	194.62
6.365	191.49
6.375	193.29
6.385	193.99
6.475	182.26
6.485	180.4
6.495	184.28
6.505	181.29
6.635	210.03
6.645	214.2
6.655	212.98
6.665	213.88
6.675	193.63
6.765	187.63
6.775	182.81
6.785	189.18
6.795	178.99
6.805	176.3
6.815	175.41
6.895	190.61
6.905	193.57
6.915	193.28
6.925	185.69
6.935	193.07
6.945	192.02
6.985	197.09
6.995	191.83
7.005	184.24
7.015	179.56
7.025	180.23
7.145	218.64
7.155	228.74
7.165	233.27
7.175	229.06
7.185	236.6
7.195	234.5
7.205	241.09
7.215	229.85
7.225	238.37
7.235	233.85
7.245	237.04
7.255	241.17
7.265	242.46
7.275	240.66
7.285	234.55
7.295	238.15
7.305	232.67
7.315	236.63
7.325	232.88
7.335	235.95
7.345	235.33
7.355	236.7
7.365	236.1
7.375	237.54
7.385	234.09
7.395	230.77
7.405	230.44
7.415	225.24
7.425	221.39
7.435	197.17
7.445	209.55
7.455	211.15
7.465	246.69
7.475	218.68
7.485	222.1
7.495	217.01
7.565	183.75
7.575	183.17
7.585	181.55
7.745	191.19
7.755	201.47
7.765	211
7.775	202.87
7.785	212.36
7.795	211.51
7.805	209.97
7.815	212.62
7.825	201.15
7.835	203.82
7.845	197.09
7.855	200.18
7.865	192.6
7.875	192.83
7.885	205.99
7.915	198.38
7.925	192.05
8.065	184.81
8.075	190.88
8.085	185.69
8.095	185.09
8.105	200.23
8.115	187.91
8.125	203.28
8.135	217.88
8.145	202.94
8.155	209.8
8.165	209.92
8.175	219.3
8.185	234.49
8.195	225.78
8.205	223.72
8.215	220.45
8.225	215.18
8.235	216.38
8.245	218.64
8.255	213.36
8.265	214.53
8.275	199.24
8.285	195.27
8.295	201.15
8.305	206.55
8.315	201.53
8.325	193.3
8.335	189.65
8.365	201.85
8.375	208.15
8.385	216.5
8.395	211
8.405	202.65
8.415	198.14
8.425	192.36
8.435	194.02
8.905	160.36
8.915	173.93
8.925	178.37
8.935	182.03
8.945	197.93
8.955	193.44
8.965	208.45
8.975	210.63
8.985	195.06
8.995	218.85
9.005	217.63
9.015	235.19
9.025	240.46
9.035	240.71
9.045	250.57
9.055	241.28
9.065	242.34
9.075	244.03
9.085	233.29
9.095	223.56
9.105	233.71
9.115	230.78
9.125	217.34
9.135	208.75
9.145	207.39
9.155	197.58
9.165	182.66
9.175	167.83
9.185	161.66
9.195	158.12
9.205	154.46
9.215	221.58
9.225	231.4
9.235	227.35
9.245	228.78
9.295	156.61
9.305	153.4
9.315	164.59
9.385	203.95
9.395	207.23
9.405	199.8
9.415	200.58
9.425	192.78
9.435	184.83
9.445	182.36
9.455	183.27
9.465	182.43
9.475	180.85
9.485	177.08
9.495	174.86
9.665	170.75
9.675	163.09
9.685	161.56
9.695	164.04
9.705	159
9.715	168.36
9.725	165.67
9.735	171.46
9.745	169.77
9.755	165.14
9.765	164.98
9.785	170.53
9.795	178.35
9.905	195.95
9.915	193.41
9.955	175.27
10.085	207.44
10.095	203.48
10.105	206.94
10.115	210.79
10.125	214.39
10.135	204.49
10.145	214.85
10.155	205.11
10.165	203.51
10.175	203.65
10.185	205.91
10.195	212.4
10.205	210.4
10.215	211.08
10.265	213.73
10.275	211.97
10.285	202.04
10.295	215.77
10.305	209.4
10.315	201.87
10.325	200.18
10.335	191.71
10.345	197.15
10.355	190.02
10.365	195.34
10.375	198.08
10.385	218.31
10.395	205.47
10.405	217.49
10.595	160.66
10.605	168.05
10.745	181.34
10.755	180.93
10.765	185.37
10.775	190.84
10.785	192.66
10.795	192.24
10.805	204.91
10.815	201.43
10.825	211.3
10.835	205.89
10.845	203.59
10.855	208.45
10.865	202.08
10.875	206.11
10.885	195.81
10.895	201.04
10.905	199.66
10.915	202.98
10.925	202.18
10.935	215.24
10.945	198.36
10.955	202.87
10.965	201.72
10.975	188.13
10.985	159.97
11.005	198.29
11.015	182.3
11.175	217.75
11.185	216.39
11.195	233.75
11.205	229.24
11.215	223.11
11.225	211.29
11.235	229.15
11.285	221.94
11.295	215.49
11.305	208.91
11.315	194.89
11.325	192.27
11.335	183.56
11.345	179.27
11.375	159.74
11.385	152.21
11.475	190.4
11.485	196.4
11.495	191.88
11.505	191.87
11.515	198.27
11.525	190.67
11.575	214.36
11.585	208.91
11.595	202.57
11.645	232.52
11.655	239.23
11.665	227.55
11.675	243.45
11.685	221.89
11.695	207.75
11.705	201.03
11.715	201.01
11.725	215.51
11.735	185.49
11.745	202.16
11.755	209.79
11.765	202.63
11.795	199.52
11.805	195.26
11.815	195.39
11.855	213.52
11.865	204.11
11.875	202.99
11.885	194.08
11.895	193.49
11.905	199.26
11.915	194.99
11.925	199.53
11.935	209.94
11.945	204.06
11.955	211.24
11.965	208.92
11.975	203.39
11.985	204.66
11.995	194.53
12.005	197.15
12.015	191.97
12.025	202.5
12.035	193.57
12.045	199.17
12.075	198.08
12.085	176.38
12.095	173.34
12.105	196.97
12.115	199.03
12.125	208.53
12.135	196.37
12.145	168.44
12.615	181.72
12.625	184.62
12.635	180.01
12.645	180.94
12.655	176.24
12.665	175.8
12.685	169.08
12.815	205.28
12.825	201.43
12.835	204.72
12.845	198.98
12.855	199.72
12.865	199.13
12.875	204.62
12.885	210.02
12.895	210.54
12.905	217.2
12.915	221.46
12.925	232.62
12.935	230.85
12.945	223.22
12.955	218.23
12.965	219.23
12.975	222.4
12.985	218.39
12.995	218.87
13.005	214.03
13.015	213.98
13.025	212.35
13.035	209.9
13.045	202.99
13.055	210.33
13.065	201.4
13.075	205.81
13.085	197.27
13.095	204.53
13.105	211.09
13.115	219.79
13.125	220.53
13.135	226.62
13.145	222.89
13.155	232.23
13.165	234.03
13.175	235.55
13.185	237.95
13.195	229.54
13.205	226.9
13.215	230.1
13.225	231.79
13.235	227.73
13.245	218.74
13.255	217.55
13.265	239.47
13.275	236.67
13.285	235.7
13.295	226
13.305	226.54
13.315	221.54
13.325	210.01
13.335	210.56
13.345	204.23
13.355	201.28
13.365	185.46
13.375	199.42
13.385	181.83
13.395	183.14
13.405	168.88
13.415	187.43
13.425	193.07
13.545	229.04
13.555	233.53
13.565	218.87
13.575	217.17
13.585	221.93
13.595	219.35
13.605	230.61
13.615	230.56
13.625	236.79
13.635	233.59
13.645	230.89
13.655	232.32
13.665	234.88
13.675	232.06
13.685	233.75
13.695	233.61
13.705	229.64
13.715	228.72
13.725	230.52
13.735	240.98
13.745	245.14
13.755	256.45
13.765	251.73
13.775	245.08
13.785	239.34
13.795	242.14
13.805	227.75
13.815	220.71
13.825	226.45
13.835	223.33
13.845	199.09
13.855	211.73
13.865	208.27
13.875	206.47
13.885	204.46
13.895	196.32
13.905	201.61
13.915	214.17
13.925	207.44
13.955	183.56
13.965	177.55
13.975	226.92
13.985	203.66
13.995	217.2
14.005	214.52
14.015	207.75
14.025	205.25
14.035	214.64
14.265	205.78
14.275	205.62
14.285	204.73
14.295	204.37
14.305	206.48
14.315	207.52
14.325	211.9
14.335	211.42
14.345	216.19
14.355	217.44
14.365	227.19
14.375	218.99
14.385	211.17
14.395	198.92
14.405	210.55
14.415	205.6
14.445	208.66
14.455	208.67
14.465	265.43
14.475	265.03
14.485	253.38
14.495	244.38
14.505	237.59
14.515	228.64
14.525	220.77
14.535	220.19
14.545	221.12
14.555	221.63
14.565	225.41
14.575	231.83
14.585	217.68
14.595	228.02
14.605	218.51
14.615	220.97
14.625	226.71
14.635	226.44
14.645	227.15
14.655	237.36
14.665	245.04
14.675	241
14.685	240.4
14.695	239.06
14.705	249.49
14.715	248.96
14.725	239.85
14.735	233.14
14.745	219.02
14.755	220.19
14.765	230.09
14.835	262.21
14.845	281.71
14.855	283.84
14.865	279.8
14.875	278.23
14.885	281.38
14.895	279.4
14.905	274.02
14.915	276.84
14.925	273.04
14.935	268.83
14.945	267.38
14.955	262.86
14.965	270.92
14.975	270.85
14.985	269.03
14.995	274.98
15.005	281.71
15.025	272.09
15.035	277.89
15.045	280.2
15.055	277.3
15.065	244.71
15.075	227.25
15.085	223.3
15.095	216.22
15.105	211.29
15.115	202.79
15.125	200.1
15.135	197.23
15.145	193.78
15.155	190.47
15.165	188.16
15.175	173.56
15.185	174.11
15.195	180.02
15.445	161.92
15.455	166.79
15.465	159.51
15.535	170.84
15.545	156.6
15.555	168.36
15.565	170.92
15.575	182.82
15.585	185.03
15.595	182.95
15.605	191.77
15.615	202.47
15.625	203.65
15.635	214.07
15.645	215.17
15.655	205.14
15.665	203.85
15.855	245.95
15.865	246.59
15.875	247.91
15.885	246.38
15.895	234.71
15.905	229.16
15.915	221.11
15.925	215.86
15.935	203.8
15.945	202.8
15.955	203.83
15.965	194.77
15.975	193.84
15.985	204.26
15.995	210.59
16.175	266.54
16.185	264.89
16.195	249.95
16.205	252.7
16.215	244.34
16.225	243.06
16.235	237.42
16.245	241.33
16.255	242.1
16.265	239.11
16.275	241.27
16.285	250.78
16.295	252.98
16.315	248.51
16.725	252.56
16.735	249.84
16.745	245.54
16.755	247.97
16.765	237.9
16.775	235.23
16.785	240.05
16.795	228.9
16.805	233.6
16.815	233.85
16.825	237.71
16.835	240.88
16.845	237.66
16.855	233.29
16.865	237.62
16.875	230.53
16.885	228.58
16.895	221.38
16.905	212.69
16.915	194.63
16.925	193.3
16.975	161.86
16.985	167.31
17.095	218.75
17.105	217.08
17.115	219
17.125	215.08
17.135	211.42
17.145	213.08
17.155	209.54
17.165	217.86
17.175	207.81
17.185	207.74
17.195	211.85
17.205	213.86
17.215	211.77
17.225	215.18
17.235	210.21
17.245	218.07
17.255	217.02
17.265	206.39
17.275	203.66
17.295	228.88
17.305	216.88
17.315	215.93
17.325	208.27
17.335	214.05
17.345	207.81
17.355	209.85
17.365	202.69
17.375	189.67
17.385	195.02
17.395	178.97
17.405	186.69
17.415	186.49
17.425	180.1
17.435	191.21
17.445	195.81
17.455	201.31
17.475	205.41
17.515	188.73
17.525	183.42
