time	f0
0.123	130.86
0.133	132.55
0.143	134.98
0.153	138.49
0.163	137.63
0.173	135.48
0.183	132.03
0.193	138.13
0.203	135.87
0.273	135.54
0.283	136.54
0.293	134.26
0.303	130.77
0.313	125.44
0.323	127.85
0.333	127.94
0.343	127.19
0.353	125.41
0.363	124.86
0.373	123.89
0.383	124.31
0.393	124.91
0.403	119.3
0.413	116.69
0.423	116.98
0.513	129.3
0.523	127.44
0.533	120.61
0.543	122.04
0.553	123.09
0.563	120.87
0.573	119.54
0.583	119.48
0.593	119.44
0.603	119.45
0.613	121.31
0.623	123.83
0.633	126.27
0.643	133.59
0.653	131.6
0.663	129.01
0.673	130.67
0.683	131.71
0.693	131.32
0.703	131.18
0.713	128.34
0.723	124.94
0.733	127.52
0.883	118.82
0.893	121.19
0.903	121.52
0.913	121.01
0.923	120.31
0.933	117.79
0.943	114.82
0.953	112.92
0.963	111.57
0.973	111.27
1.013	104.46
1.023	110.24
1.033	107.3
1.043	106.58
1.053	105.82
1.063	108.74
1.073	105.78
1.083	105.73
1.093	105.96
1.103	104.81
1.113	104.67
1.123	104.41
1.133	103.89
1.143	103.97
1.153	103.91
1.163	104.28
1.173	104.96
1.183	104.61
1.193	105.25
1.203	105.36
1.213	105.29
1.223	104.53
1.233	104.54
1.243	105.43
1.253	104.63
1.263	106.27
1.273	107.46
1.283	108.16
1.293	110.17
1.303	118.06
1.313	121.31
1.323	129.93
1.333	122.49
1.343	123.69
1.353	129.15
1.363	122.78
1.373	130.73
1.383	126.1
1.393	125.96
1.403	125.39
1.533	127.39
1.543	127.02
1.553	129.81
1.563	129.32
1.833	114.81
1.843	120.66
1.853	120.2
1.863	121.56
1.873	121.61
1.883	120.9
1.893	121.31
1.903	122.69
1.913	122.57
1.923	121.19
1.933	121.48
1.943	121.62
1.953	121.47
1.963	121.08
2.013	118.74
2.023	119.72
2.033	120.23
2.043	119.91
2.053	115.2
2.063	112.66
2.513	112.51
2.523	114.06
2.533	105.46
2.543	114.05
2.553	113
2.563	111.17
2.573	112.06
2.583	112.85
2.593	113.29
2.603	113
2.613	113.16
2.623	119.79
2.633	119.71
2.643	119.67
2.653	120.49
2.663	120.68
2.673	120.82
2.683	120.85
2.693	119.75
2.703	120.12
2.713	120.9
2.723	121.48
2.733	121.39
2.743	120.68
2.753	119.81
2.763	119.7
2.773	119.04
2.783	117.99
2.793	115.75
2.803	115.07
2.813	113.48
2.823	114.24
2.833	114.9
2.843	114.06
2.853	114.74
2.863	114.41
2.873	115.47
2.883	117.23
2.893	117.75
2.903	117.14
2.913	115.56
2.923	115.41
2.933	116.97
2.943	119.58
2.953	120.76
2.963	120.41
2.973	120.66
2.983	122.14
2.993	127.47
3.003	125.63
3.013	121.09
3.023	117.37
3.053	113.04
3.063	113
3.073	112.56
3.083	109.74
3.093	107.17
3.103	105.98
3.113	105.66
3.123	105.45
3.133	104.34
3.143	102.45
3.153	104.6
3.163	105.16
3.173	109.75
3.183	110.42
3.193	111.5
3.203	111.65
3.213	103.34
3.223	106.71
3.233	104.42
3.243	102.94
3.253	103.26
3.263	103.2
3.273	103.34
3.283	102.87
3.293	103.44
3.303	102.38
3.313	102.4
3.323	101.87
3.333	100.95
3.343	100.92
3.353	100.73
3.363	99.86
3.373	101.19
3.383	102.18
3.393	103.05
3.403	102.83
3.413	102.72
3.423	102.9
3.433	102.05
3.443	101.61
3.613	123.86
3.623	122.07
3.633	120.42
3.643	119.3
3.653	122.78
3.663	120.7
3.673	120.1
3.683	120.71
3.693	120.57
3.703	123.11
3.713	124.37
3.723	123.66
3.733	124.59
3.743	121
3.753	120.29
3.783	110.25
3.793	117.44
3.803	114.35
3.813	113.53
3.823	112.73
3.833	112.56
3.843	109.91
3.853	109.22
3.863	109.32
3.873	107
3.883	108.96
3.893	107.13
3.903	107.45
3.913	105.29
3.923	109.4
3.933	107.6
3.943	107.59
3.953	113.48
3.963	115.79
3.973	119.4
3.983	119.89
3.993	119.98
4.003	119.51
4.013	119.3
4.023	118.86
4.033	117.49
4.043	119.6
4.053	119.69
4.073	119.3
4.083	120.13
5.043	104.58
5.053	105.98
5.173	142.57
5.183	142.21
5.193	131.68
5.203	131.04
5.213	130.44
5.223	123.32
5.233	123.46
5.243	123.93
5.253	123.14
5.263	125.73
5.273	125.93
5.283	126.63
5.293	126.33
5.303	123.94
5.313	123.95
5.323	123.95
5.333	123.38
5.343	123.34
5.353	121.98
5.363	120.9
5.373	121.96
5.383	122.85
5.393	122.87
5.403	122.29
5.413	120.59
5.423	118.83
5.433	117.93
5.443	117.53
5.453	118.49
5.463	119.76
5.473	118.16
5.483	116.5
5.493	113.32
5.503	112.62
5.513	111.45
5.523	110.88
5.533	111.84
5.543	111.14
7.473	138.91
7.483	132.11
7.493	132.6
7.503	131.71
7.513	131.78
7.523	132.59
7.533	132.64
7.543	132.53
7.553	130.77
7.563	128.82
7.573	128.01
7.583	128.6
7.593	127.95
7.603	126.9
7.613	125.01
7.623	124.36
7.633	124.1
7.643	122.01
7.653	120.78
7.663	121.5
7.673	120.91
7.683	122.89
7.693	121.73
7.703	119.14
7.713	115.27
7.773	112.96
7.783	112.02
7.793	113.6
7.803	114.26
7.813	112.21
7.823	113.5
7.833	114.18
7.843	113.68
7.853	113.2
7.863	112.22
7.873	110.59
7.883	111.39
7.893	113.94
7.903	115.2
7.913	116.14
7.923	122.22
7.933	118.43
7.943	119.03
7.953	118.73
7.963	117.45
7.973	115.97
7.983	115.47
7.993	116.49
8.003	116.73
8.013	115.8
8.023	114.69
8.033	113.8
8.043	113.73
8.613	112.3
8.623	112.25
8.633	112.65
8.643	112.83
8.653	107.78
8.663	108.29
8.673	101.15
8.683	109.75
8.693	109.56
8.703	106.63
8.713	104.33
8.723	102.54
8.733	103.72
8.743	104.01
8.753	103.16
8.763	103.64
8.773	104.3
8.783	104.62
8.793	106.38
8.803	106.43
8.813	106.61
8.823	106.43
8.833	105.66
8.843	105.69
8.853	106.39
8.863	107.02
8.873	107.14
8.883	108.98
8.893	109.23
8.903	108.88
8.913	106.62
8.923	106.9
8.933	107.35
8.943	106.36
8.953	105.87
8.963	105.01
8.973	109.05
8.983	109.54
8.993	108.3
9.003	107.5
9.013	105.4
9.023	103.78
9.033	102.64
9.043	102.2
9.053	104.17
9.063	101.61
9.073	103.21
9.083	104.34
9.093	104.6
9.103	102.78
9.113	102.08
9.123	104.61
9.133	102.61
9.143	100.47
9.153	101.48
9.163	101.93
9.173	102.95
9.183	104.73
9.193	103.49
9.203	105.03
9.213	106.82
9.223	106.43
