time	f0
0.368	127.62
0.378	127.57
0.388	136.07
0.398	136.02
0.408	137.79
0.418	137.82
0.428	137.83
0.438	137.38
0.448	135.44
0.458	127.66
0.468	122.61
0.478	120.33
0.488	120.73
0.498	127.77
0.508	134.28
0.518	134.59
0.528	136.02
0.538	137.09
0.548	135.93
0.558	133.28
0.568	132.02
0.578	129.14
0.588	127.81
0.598	127.1
0.608	125.12
0.618	125.56
0.628	126
0.638	125.64
0.648	124.34
0.658	124.03
0.668	122.63
0.678	117.7
0.688	88.21
0.708	232.96
0.718	236.17
0.728	122.61
0.738	120.2
0.748	124.54
0.758	126.9
0.768	140.66
0.778	146.22
0.788	148.28
0.798	151.17
0.808	153.74
0.818	156.47
0.828	157.27
0.838	155.42
0.848	154.23
0.858	151.47
0.868	144.98
0.878	137.7
0.888	132.7
0.898	131.51
0.908	129.6
0.918	131.61
0.928	124.93
0.938	126.67
0.948	121.93
0.958	122.43
0.968	120.65
0.978	121.35
0.988	122.58
0.998	121.84
1.008	120.29
1.018	118.97
1.028	119.74
1.038	120.91
1.048	120.15
1.058	118.41
1.068	117.32
1.078	114.62
1.088	103.51
1.098	108.66
1.188	150
1.198	149.84
1.468	140.19
1.478	138.08
1.488	140.46
1.498	139.66
1.508	161.57
1.518	152.05
1.528	142.41
1.538	144.23
1.548	142.09
1.558	147.86
1.638	145.23
1.648	143.8
1.658	143.15
1.668	140.66
1.678	138.68
1.688	138.26
1.698	138.46
2.108	212.21
2.118	221.4
2.128	233.62
2.138	239.03
2.148	218
2.158	231.52
2.168	235.25
2.178	234.68
2.228	118.16
2.238	124.9
2.248	126.06
2.258	128.35
2.268	129.82
2.278	128.23
2.288	129.27
2.298	131.7
2.308	133.37
2.318	137.23
2.328	138.09
2.338	137.92
2.348	139.95
2.358	139.84
2.368	139.01
2.378	140.15
2.388	140.96
2.398	139.55
2.408	141.02
2.418	139.57
2.428	138.54
2.438	136.98
2.448	135.02
2.458	133.14
2.468	132.24
2.478	125.39
2.488	121.25
2.498	117.46
2.658	133.2
2.668	127.29
2.678	131.66
2.688	129.68
2.698	128.99
2.708	124.95
2.718	123.85
2.728	125.18
2.738	127.07
2.748	128.51
2.758	128
2.768	127.77
2.778	127.11
2.788	128.46
2.798	130.95
2.808	129.86
2.818	129.07
2.988	126.15
2.998	125.99
3.008	120.46
3.018	119.89
3.088	88.36
3.178	175.95
3.188	164.32
3.198	166.39
3.208	172.33
3.218	167.02
3.228	170.84
3.238	177.6
3.248	170.24
3.258	175.25
3.268	166.19
3.278	169.65
3.288	166.76
3.298	161.79
3.308	163.55
4.018	109.39
4.028	107.28
4.038	100.68
4.048	120.94
4.058	119.65
4.068	123.5
4.078	124.16
4.088	124.07
4.098	122.14
4.108	121.38
4.118	122.48
4.128	122.7
4.138	122.07
4.148	121.43
4.158	121.93
4.168	122.15
4.178	121.96
4.188	121.14
4.198	120.46
4.208	119.72
4.218	119.68
4.228	118.83
4.238	118.6
4.248	118.2
4.258	118.23
4.268	117.7
4.278	116.98
4.288	115.91
4.298	115.78
4.308	115.59
4.318	115.72
4.328	115.8
4.338	115.37
4.348	115.71
4.358	115.85
4.368	116.27
4.378	116.48
4.388	115.73
4.398	115.46
4.408	115.16
4.418	115.45
4.428	117.13
4.438	117.33
4.448	117.52
4.458	119.5
4.468	119.48
4.478	118.68
4.488	117.54
4.498	118.82
4.508	115.66
4.518	115.68
4.528	116.18
5.388	132.47
5.398	135.38
5.408	134.67
5.418	130.56
5.428	121.33
5.438	128.75
5.448	128.98
5.458	119.43
5.468	140.13
5.478	138.7
5.488	138.7
5.498	140.55
5.508	141.8
5.518	141.79
5.528	139.91
5.538	139.95
5.548	144.05
5.558	136.76
5.568	128.14
5.578	123.74
5.588	131.2
5.598	132.84
5.608	135.53
5.618	137.04
5.628	138.03
5.638	137.36
5.648	136.02
5.658	134.51
5.668	135.46
5.678	138.89
5.688	138.37
5.698	137.37
5.708	136.99
5.718	136.21
5.728	142.26
5.738	133.74
5.748	134.43
5.758	135.1
5.828	135.89
5.838	133.79
5.848	131.3
5.858	128.66
5.868	127.29
5.878	127.06
5.888	125.92
5.898	126.45
5.908	126.68
5.918	128.45
5.928	127.83
5.938	128.63
5.948	129.09
5.958	125.84
6.078	155.11
6.088	157.59
6.098	161.04
6.108	160.25
6.118	161.3
6.128	162.9
6.138	163.82
6.148	164.97
6.158	167.17
6.168	168.74
6.178	166.68
6.188	166.86
6.198	165.3
6.208	165.53
6.218	164.5
6.228	164.53
6.238	164.77
6.248	162.76
6.258	161.69
6.268	166.85
6.278	174.11
6.288	157.72
6.298	154.85
6.308	150.44
6.318	142.62
6.328	141.86
6.338	133.53
6.348	126.4
6.358	120.42
6.368	117.61
6.378	116.04
6.388	114.01
6.398	113.89
6.408	113.41
6.418	106.48
6.428	112.67
6.438	113.11
6.448	113.52
6.458	113.21
6.468	111.96
6.478	112.25
6.488	113.47
6.498	112.21
6.508	113.53
6.518	208.98
6.528	210.68
6.538	239.57
6.548	225.3
6.578	125.22
6.588	127.98
6.598	131.29
6.608	131.79
6.618	131.34
6.628	131.2
6.638	131.22
6.648	129.39
6.658	129.75
6.668	129.65
6.678	128.56
6.688	128.04
6.698	126.75
6.708	125.75
6.718	123.97
6.728	121.57
6.738	118.76
6.748	116.64
6.758	111.84
6.768	112.8
6.778	114.43
6.788	114.49
6.798	113.06
6.808	112.89
6.818	113.06
6.828	111.23
6.838	108.14
6.848	104.72
6.858	103.01
6.868	104.6
6.878	110.24
6.888	115.7
6.898	128.36
6.908	127.43
6.918	133.4
6.928	144.2
6.938	145.44
6.948	144.89
6.958	150.35
6.968	146.16
6.978	152.39
6.988	153.56
6.998	143.38
7.008	135.98
7.018	132.13
7.028	130.57
7.038	128.06
7.048	130.3
7.058	133.55
7.068	135.4
7.078	134.03
7.088	130.41
7.098	124.57
7.108	123.17
7.118	124.2
7.128	125.3
7.138	124.95
7.148	125.01
7.158	124.57
7.168	123.44
7.178	121.93
7.188	119.74
7.198	116.3
7.208	110.99
7.218	114.99
7.228	114.74
7.248	103.54
7.258	110.59
7.268	113.97
7.278	111.01
7.288	111.66
7.298	110.75
7.308	110.72
7.318	111.71
7.328	111.32
7.338	111.42
7.348	113.15
7.358	113.35
7.368	113.42
7.378	112.94
7.388	112.85
7.398	112.17
7.408	110.45
7.418	109.52
7.428	110.99
7.438	111.18
7.848	126.03
7.858	132.54
7.868	138.41
7.878	141.83
7.888	141.46
7.898	143.11
7.908	145.92
7.918	142.87
7.928	149.17
7.938	157.74
7.948	156.54
7.958	156.77
7.968	156.95
7.978	157.48
7.988	155.2
7.998	154.11
8.008	150.5
8.018	143.92
8.028	136.18
8.098	112.02
8.108	115.41
8.118	119.56
8.128	122.09
8.138	121.86
8.148	121
8.158	120.83
8.168	121.16
8.178	123.3
8.188	126.5
8.198	129.08
8.208	131.05
8.218	130.67
8.228	133.53
8.238	134.49
8.248	135.5
8.258	136.66
8.268	136.54
8.278	135.87
8.288	133.69
8.298	130.29
8.308	123.29
8.318	123.83
8.328	116.37
8.338	116.54
8.348	121.4
8.358	124.47
8.368	127.66
8.378	127.65
8.388	123.59
8.398	122.35
8.408	122.95
8.418	122.39
8.428	123.19
8.438	121.93
8.448	121.88
8.458	122.13
8.468	122.48
8.478	121.68
8.488	118.5
8.498	115.14
8.508	115.8
8.518	117.5
8.528	117.89
8.538	117.6
8.548	118.15
8.558	118.68
8.568	119.55
8.578	120.15
8.588	120.65
8.598	122.28
8.608	122.39
8.618	122.05
8.628	122.73
8.638	121.73
8.648	123.51
8.658	124.93
8.668	124.77
8.678	127.82
8.688	129.38
8.698	130.8
8.708	137.61
8.718	133.81
8.728	134.95
8.738	138.18
8.748	137.92
8.758	136.94
8.768	138.95
8.778	139.89
8.788	139.35
8.798	138.47
8.808	137.95
8.818	134.92
11.158	120.67
11.168	120.46
11.178	128.12
11.188	132.16
11.198	131.41
11.208	130.15
11.218	128.19
11.228	126.77
11.238	125.2
11.248	121.61
11.258	124.84
11.268	128.15
11.278	128.24
11.288	128.47
11.508	127.63
11.518	117.62
11.528	118.57
11.538	119.88
11.548	118.94
11.558	117.16
11.568	113.72
11.668	114.29
11.678	119.22
11.688	119.8
11.698	121.32
11.708	115.74
11.718	109.56
11.838	118.07
11.848	117.58
11.858	114.89
12.138	104.05
12.148	106.5
12.158	109.4
12.168	88.18
12.198	125.81
12.208	126.27
12.218	123.41
12.228	126.09
12.238	126.89
12.248	127.02
12.258	128.97
12.268	124.05
12.278	125.68
12.288	124.26
12.298	121.99
12.308	120.81
12.318	118.03
12.328	111.22
12.338	102.34
12.348	113.59
12.368	101.34
12.378	99.64
12.388	95.18
12.448	94.01
12.458	130.77
12.468	136.12
